-14.87500000002	0.024694176269185	0.019
-14.877122201317	0.024698541571006	0.019
-14.881639390102	0.02470774615214	0.019
-14.88750000002	0.024719683559037	0.019
-14.893360609939	0.024731142888073	0.019
-14.897877798724	0.024739975407782	0.019
-14.900000000021	0.024744125790815	0.019
-15.425000000024	0.026029567232176	0.019
-15.427122201321	0.02603648858026	0.019
-15.431639390106	0.026051321886381	0.019
-15.437500000024	0.026070586387116	0.019
-15.443360609943	0.02609000718766	0.019
-15.447877798728	0.026105049634092	0.019
-15.450000000024	0.026112116662024	0.019
-15.500000000025	0.026284385535018	0.019
-15.502122201321	0.026291857635185	0.019
-15.506639390106	0.026307762293773	0.019
-15.512500000025	0.026328446221833	0.019
-15.518360609943	0.026349468385385	0.019
-15.522877798728	0.026365671661624	0.019
-15.525000000025	0.026373404661299	0.019
-14.925000000021	0.02479288168714	0.019
-14.927122201317	0.024796973188421	0.019
-14.931639390102	0.024805682109547	0.019
-14.937500000021	0.024817069454252	0.019
-14.943360609939	0.024828623273787	0.019
-14.947877798724	0.02483753969537	0.019
-14.950000000021	0.024841781628674	0.019
-15.375000000024	0.025870246329504	0.019
-15.37712220132	0.0258770226648	0.019
-15.381639390106	0.025891391112413	0.019
-15.387500000024	0.025909938360882	0.019
-15.393360609942	0.025928447532134	0.019
-15.397877798728	0.025942639896081	0.019
-15.400000000024	0.025949307550367	0.019
-15.150000000022	0.025240411328017	0.019
-15.152122201319	0.025245266038439	0.019
-15.156639390104	0.025255710339849	0.019
-15.162500000022	0.025269260797744	0.019
-15.168360609941	0.025283072903922	0.019
-15.172877798726	0.025293764528923	0.019
-15.175000000022	0.025298787515901	0.019
-15.325000000024	0.025709314992308	0.019
-15.32712220132	0.025715980227387	0.019
-15.331639390105	0.025730167441955	0.019
-15.337500000024	0.025749107526637	0.019
-15.343360609942	0.025768050029645	0.019
-15.347877798727	0.02578276071685	0.019
-15.350000000024	0.025789675718698	0.019
-15.200000000023	0.025361339900748	0.019
-15.202122201319	0.025366810740978	0.019
-15.206639390104	0.025378455639212	0.019
-15.212500000023	0.025393589225032	0.019
-15.218360609941	0.02540886427889	0.019
-15.222877798726	0.025420637849036	0.019
-15.225000000023	0.025426273059427	0.019
-15.175000000022	0.025298787515901	0.019
-15.177122201319	0.025303954605882	0.019
-15.181639390104	0.02531507046011	0.019
-15.187500000023	0.025329492191997	0.019
-15.193360609941	0.025344413925422	0.019
-15.197877798726	0.02535592143468	0.019
-15.200000000023	0.025361339900748	0.019
-15.550000000025	0.026467063132484	0.019
-15.552122201322	0.02647522252639	0.019
-15.556639390107	0.026492590116686	0.019
-15.562500000025	0.026515246378666	0.019
-15.568360609944	0.026538045244746	0.019
-15.572877798729	0.02655564051764	0.019
-15.575000000025	0.026563940134765	0.019
-15.250000000023	0.025494190573432	0.019
-15.25212220132	0.02550005066696	0.019
-15.256639390105	0.025512524106123	0.019
-15.262500000023	0.025528725823853	0.019
-15.268360609942	0.025544946975366	0.019
-15.272877798727	0.025557447593085	0.019
-15.275000000023	0.025563317757927	0.019
-15.350000000024	0.025789675718698	0.019
-15.35212220132	0.025796590720546	0.019
-15.356639390105	0.025811276609263	0.019
-15.362500000024	0.025830171963586	0.019
-15.368360609942	0.025849046298466	0.019
-15.372877798727	0.025863469994208	0.019
-15.375000000024	0.025870246329504	0.019
-15.600000000025	0.026662066764599	0.019
-15.602122201322	0.026670482452479	0.019
-15.606639390107	0.026688395574562	0.019
-15.612500000026	0.026711807725494	0.019
-15.618360609944	0.026735262436238	0.019
-15.622877798729	0.026753379075252	0.019
-15.625000000026	0.02676189890474	0.019
-14.975000000021	0.024890682833578	0.019
-14.977122201318	0.024894649599184	0.019
-14.981639390103	0.024903093015528	0.019
-14.987500000021	0.02491386278684	0.019
-14.99336060994	0.024924547185943	0.019
-14.997877798725	0.024932793162062	0.019
-15.000000000021	0.02493667170408	0.019
-15.050000000022	0.025031477818819	0.019
-15.052122201318	0.025035637248324	0.019
-15.056639390103	0.025044498186743	0.019
-15.062500000022	0.025056023915937	0.019
-15.06836060994	0.025067539392726	0.019
-15.072877798725	0.02507636708107	0.019
-15.075000000022	0.025080514379875	0.019
-15.125000000022	0.025183982032451	0.019
-15.127122201319	0.02518867092094	0.019
-15.131639390104	0.02519880991066	0.019
-15.137500000022	0.025211986537774	0.019
-15.143360609941	0.025225279676973	0.019
-15.147877798726	0.025235574677501	0.019
-15.150000000022	0.025240411328017	0.019
-15.450000000024	0.026112116662024	0.019
-15.452122201321	0.026119210966749	0.019
-15.456639390106	0.026134564295059	0.019
-15.462500000024	0.026154483734439	0.019
-15.468360609943	0.026174639011091	0.019
-15.472877798728	0.026190222492868	0.019
-15.475000000025	0.026197543702321	0.019
-15.025000000021	0.02498327262574	0.019
-15.027122201318	0.024987309996819	0.019
-15.031639390103	0.024995906495198	0.019
-15.037500000022	0.025007188500112	0.019
-15.04336060994	0.025018470505026	0.019
-15.047877798725	0.025027318389314	0.019
-15.050000000022	0.025031477818819	0.019
-15.575000000025	0.026563940134765	0.019
-15.577122201322	0.026572239751889	0.019
-15.581639390107	0.026589905812812	0.019
-15.587500000025	0.026612864550931	0.019
-15.593360609944	0.02663584578567	0.019
-15.597877798729	0.02665365107672	0.019
-15.600000000025	0.026662066764599	0.019
-15.075000000022	0.025080514379875	0.019
-15.077122201318	0.02508466167868	0.019
-15.081639390103	0.025093532740647	0.019
-15.087500000022	0.025105106869017	0.019
-15.09336060994	0.025116791929398	0.019
-15.097877798725	0.025125989046518	0.019
-15.100000000022	0.025130309905088	0.019
-15.475000000025	0.026197543702321	0.019
-15.477122201321	0.026204889855724	0.019
-15.481639390106	0.026220554731633	0.019
-15.487500000025	0.026240878373502	0.019
-15.493360609943	0.026261270279653	0.019
-15.497877798728	0.026276990056226	0.019
-15.500000000025	0.026284385535018	0.019
-15.400000000024	0.025949307550368	0.019
-15.402122201321	0.025955975204654	0.019
-15.406639390106	0.025970314967376	0.019
-15.412500000024	0.025989022240786	0.019
-15.418360609943	0.02600791352294	0.019
-15.422877798728	0.026022645884093	0.019
-15.425000000024	0.026029567232176	0.019
-15.275000000023	0.025563317757927	0.019
-15.27712220132	0.025569187922769	0.019
-15.281639390105	0.02558168279912	0.019
-15.287500000023	0.025598089350282	0.019
-15.293360609942	0.025614597457636	0.019
-15.297877798727	0.025627558616197	0.019
-15.300000000023	0.025633762134879	0.019
-15.300000000023	0.025633762134879	0.019
-15.30212220132	0.02563996565356	0.019
-15.306639390105	0.025653170086647	0.019
-15.312500000023	0.025670831210638	0.019
-15.318360609942	0.02568860320816	0.019
-15.322877798727	0.025702649757228	0.019
-15.325000000024	0.025709314992308	0.019
-14.950000000021	0.024841781628674	0.019
-14.952122201317	0.024846023561979	0.019
-14.956639390103	0.024855052683572	0.019
-14.962500000021	0.024866612614186	0.019
-14.968360609939	0.024878027276146	0.019
-14.972877798725	0.024886716067971	0.019
-14.975000000021	0.024890682833578	0.019
-14.77500000002	0.024489457640387	0.019
-14.777122201316	0.024493645988931	0.019
-14.781639390101	0.024502541307659	0.019
-14.78750000002	0.024514056291618	0.019
-14.793360609938	0.024525420981526	0.019
-14.797877798723	0.024533950883442	0.019
-14.80000000002	0.024537958280468	0.019
-15.100000000022	0.025130309905088	0.019
-15.102122201318	0.025134630763659	0.019
-15.106639390104	0.025144119514174	0.019
-15.112500000022	0.025156605422867	0.019
-15.11836060994	0.02516931266071	0.019
-15.122877798726	0.025179293143962	0.019
-15.125000000022	0.025183982032451	0.019
-14.80000000002	0.024537958280468	0.019
-14.802122201316	0.024541965677494	0.019
-14.806639390101	0.024550558809571	0.019
-14.81250000002	0.024561739975922	0.019
-14.818360609938	0.024573220570404	0.019
-14.822877798723	0.024582296738577	0.019
-14.82500000002	0.024586560774636	0.019
-14.85000000002	0.024640162734675	0.019
-14.852122201317	0.024644818466175	0.019
-14.856639390102	0.024654685394949	0.019
-14.86250000002	0.024667486768412	0.019
-14.868360609939	0.024680026389684	0.019
-14.872877798724	0.024689653430151	0.019
-14.87500000002	0.024694176269185	0.019
-15.525000000025	0.026373404661299	0.019
-15.527122201321	0.026381223780877	0.019
-15.531639390107	0.026397867083906	0.019
-15.537500000025	0.026419631905081	0.019
-15.543360609943	0.026441806129964	0.019
-15.547877798729	0.026458903738579	0.019
-15.550000000025	0.026467063132484	0.019
-14.900000000021	0.024744125790815	0.019
-14.902122201317	0.024748278500348	0.019
-14.906639390102	0.024757117705639	0.019
-14.912500000021	0.024768575308238	0.019
-14.918360609939	0.024779984942989	0.019
-14.922877798724	0.024788779159779	0.019
-14.925000000021	0.02479288168714	0.019
-15.000000000021	0.02493667170408	0.019
-15.002122201318	0.024940550246098	0.019
-15.006639390103	0.024948805875069	0.019
-15.012500000021	0.024959724793253	0.019
-15.01836060994	0.024970679704255	0.019
-15.022877798725	0.02497923525466	0.019
-15.025000000021	0.02498327262574	0.019
-14.82500000002	0.024586560774636	0.019
-14.827122201317	0.024590824810695	0.019
-14.831639390102	0.024600382708227	0.019
-14.83750000002	0.024612826258843	0.019
-14.843360609938	0.02462556623606	0.019
-14.847877798724	0.024635497139206	0.019
-14.85000000002	0.024640162734675	0.019
-15.225000000023	0.025426273059427	0.019
-15.227122201319	0.025431963217143	0.019
-15.231639390104	0.025444074941258	0.019
-15.237500000023	0.025459897817579	0.019
-15.243360609941	0.025475951302116	0.019
-15.247877798726	0.025488330479904	0.019
-15.250000000023	0.025494190573432	0.019
