-2.400000000000000000e+01 9.990929095735369513e-10
-2.300000000000000000e+01 9.361820309743194102e-10
-2.200000000000000000e+01 9.091585610378046686e-10
-2.100000000000000000e+01 8.802833300801537297e-10
-2.000000000000000000e+01 8.451528815296063934e-10
-1.900000000000000000e+01 8.026499901716175101e-10
-1.800000000000000000e+01 7.496705708434915937e-10
-1.700000000000000000e+01 6.869377238423749048e-10
-1.698000000000000043e+01 6.855588510955014636e-10
-1.696000000000000085e+01 6.841687296551398770e-10
-1.694000000000000128e+01 6.827688482744003843e-10
-1.692000000000000171e+01 6.813590559452263595e-10
-1.689999999999999858e+01 6.799399966800602891e-10
-1.687999999999999901e+01 6.785113117158095889e-10
-1.685999999999999943e+01 6.770726948819777984e-10
-1.683999999999999986e+01 6.756241982946928083e-10
-1.682000000000000028e+01 6.741648543097766051e-10
-1.680000000000000071e+01 6.726949360236479420e-10
-1.678000000000000114e+01 6.712121345208040343e-10
-1.676000000000000156e+01 6.697151608858050606e-10
-1.673999999999999844e+01 6.682038151582905895e-10
-1.671999999999999886e+01 6.666773899476880360e-10
-1.669999999999999929e+01 6.651350880947563291e-10
-1.667999999999999972e+01 6.635761225517261291e-10
-1.666000000000000014e+01 6.619996066566962394e-10
-1.664000000000000057e+01 6.604042749852357901e-10
-1.662000000000000099e+01 6.587893191861220307e-10
-1.660000000000000142e+01 6.571520546554111398e-10
-1.657999999999999829e+01 6.554934699413114607e-10
-1.655999999999999872e+01 6.538183545590005836e-10
-1.653999999999999915e+01 6.521234244544653635e-10
-1.651999999999999957e+01 6.504100750207532935e-10
-1.650000000000000000e+01 6.486763628846678908e-10
-1.648000000000000043e+01 6.469221108381428918e-10
-1.646000000000000085e+01 6.451479822406797552e-10
-1.644000000000000128e+01 6.433515509093699340e-10
-1.642000000000000171e+01 6.415345702484353687e-10
-1.639999999999999858e+01 6.396923834393660578e-10
-1.637999999999999901e+01 6.378315921550204686e-10
-1.635999999999999943e+01 6.359612442095101290e-10
-1.633999999999999986e+01 6.340760687060824318e-10
-1.632000000000000028e+01 6.321776716101002839e-10
-1.630000000000000071e+01 6.302640942822069878e-10
-1.628000000000000114e+01 6.283361336545537917e-10
-1.626000000000000156e+01 6.263939962542219681e-10
-1.623999999999999844e+01 6.244364800265644931e-10
-1.621999999999999886e+01 6.224652028624980513e-10
-1.619999999999999929e+01 6.204783406747723365e-10
-1.617999999999999972e+01 6.184797004360118908e-10
-1.616000000000000014e+01 6.164698909207221959e-10
-1.614000000000000057e+01 6.144476679430747288e-10
-1.612000000000000099e+01 6.124126964083664672e-10
-1.610000000000000142e+01 6.103647409850093316e-10
-1.607999999999999829e+01 6.083036570248840680e-10
-1.605999999999999872e+01 6.062293144017397951e-10
-1.603999999999999915e+01 6.041418360804833236e-10
-1.601999999999999957e+01 6.020410545990462906e-10
-1.600000000000000000e+01 5.999273935520242588e-10
-1.598000000000000043e+01 5.978002219727800502e-10
-1.596000000000000085e+01 5.956590851906624910e-10
-1.593999999999999950e+01 5.935046297546836819e-10
-1.591999999999999993e+01 5.913372352624012682e-10
-1.590000000000000036e+01 5.891573284282173086e-10
-1.588000000000000078e+01 5.869653840026307069e-10
-1.585999999999999943e+01 5.847619515697061718e-10
-1.583999999999999986e+01 5.825474832035645945e-10
-1.582000000000000028e+01 5.803226919251587618e-10
-1.580000000000000071e+01 5.780877853003649694e-10
-1.577999999999999936e+01 5.758443379832116025e-10
-1.575999999999999979e+01 5.735937583470264536e-10
-1.574000000000000021e+01 5.713363606461435862e-10
-1.572000000000000064e+01 5.690730060543535947e-10
-1.569999999999999929e+01 5.668042616874449345e-10
-1.567999999999999972e+01 5.645308322551423897e-10
-1.566000000000000014e+01 5.622534520779735078e-10
-1.564000000000000057e+01 5.599727199605868077e-10
-1.561999999999999922e+01 5.576893464601811373e-10
-1.559999999999999964e+01 5.554040768455204121e-10
-1.558000000000000007e+01 5.531172991487281826e-10
-1.556000000000000050e+01 5.508285952311707143e-10
-1.553999999999999915e+01 5.485387115267237331e-10
-1.551999999999999957e+01 5.462476570529565540e-10
-1.550000000000000000e+01 5.439560113075260085e-10
-1.548000000000000043e+01 5.416638792686627217e-10
-1.546000000000000085e+01 5.393714548659559382e-10
-1.543999999999999950e+01 5.370792663271262004e-10
-1.541999999999999993e+01 5.347871742758759588e-10
-1.540000000000000036e+01 5.324961180538571783e-10
-1.538000000000000078e+01 5.302049366275041706e-10
-1.535999999999999943e+01 5.279116887407615202e-10
-1.533999999999999986e+01 5.256174050240622813e-10
-1.532000000000000028e+01 5.233216127206476422e-10
-1.530000000000000071e+01 5.210246826838024784e-10
-1.527999999999999936e+01 5.187264589201720363e-10
-1.525999999999999979e+01 5.164265557414929751e-10
-1.524000000000000021e+01 5.141252179638400887e-10
-1.522000000000000064e+01 5.118217203507318247e-10
-1.519999999999999929e+01 5.095166571153960296e-10
-1.517999999999999972e+01 5.072075471098575064e-10
-1.516000000000000014e+01 5.048924458868167515e-10
-1.514000000000000057e+01 5.025715502569561407e-10
-1.511999999999999922e+01 5.002438570698242991e-10
-1.509999999999999964e+01 4.979089492570715238e-10
-1.508000000000000007e+01 4.955658216803617526e-10
-1.506000000000000050e+01 4.932134951265809193e-10
-1.503999999999999915e+01 4.908511872124055156e-10
-1.501999999999999957e+01 4.884775199419318879e-10
-1.500000000000000000e+01 4.860916260681219102e-10
-1.498000000000000043e+01 4.836916834178961768e-10
-1.496000000000000085e+01 4.812762933324492295e-10
-1.493999999999999950e+01 4.788445515669071160e-10
-1.491999999999999993e+01 4.763954664135999586e-10
-1.490000000000000036e+01 4.739279420719091368e-10
-1.488000000000000078e+01 4.714409765503569923e-10
-1.485999999999999943e+01 4.689335588235886860e-10
-1.483999999999999986e+01 4.664046087276286348e-10
-1.482000000000000028e+01 4.638532674251932836e-10
-1.480000000000000071e+01 4.612784121174657700e-10
-1.477999999999999936e+01 4.586799623867823426e-10
-1.475999999999999979e+01 4.560577494386520558e-10
-1.474000000000000021e+01 4.534107882966623334e-10
-1.472000000000000064e+01 4.507383729570750617e-10
-1.469999999999999929e+01 4.480396449077408821e-10
-1.467999999999999972e+01 4.453138596710866384e-10
-1.466000000000000014e+01 4.425603058989282778e-10
-1.464000000000000057e+01 4.397783031081649432e-10
-1.461999999999999922e+01 4.369672514353674780e-10
-1.459999999999999964e+01 4.341268643940371817e-10
-1.458000000000000007e+01 4.312569693249171849e-10
-1.456000000000000050e+01 4.283571605144984537e-10
-1.453999999999999915e+01 4.254276950041172579e-10
-1.451999999999999957e+01 4.224685095771766734e-10
-1.450000000000000000e+01 4.194803027688218459e-10
-1.448000000000000043e+01 4.164637476488826590e-10
-1.446000000000000085e+01 4.134200935736098702e-10
-1.443999999999999950e+01 4.103515871166419808e-10
-1.441999999999999993e+01 4.072601954009617791e-10
-1.440000000000000036e+01 4.041512166865026511e-10
-1.438000000000000078e+01 4.010257211779565500e-10
-1.435999999999999943e+01 3.978850272693635734e-10
-1.433999999999999986e+01 3.947358273931453744e-10
-1.432000000000000028e+01 3.915814006300381793e-10
-1.430000000000000071e+01 3.884283820481736867e-10
-1.427999999999999936e+01 3.852823758141851600e-10
-1.425999999999999979e+01 3.821484871011236883e-10
-1.424000000000000021e+01 3.790351606890711915e-10
-1.422000000000000064e+01 3.759468254502094892e-10
-1.419999999999999929e+01 3.728945586725800896e-10
-1.417999999999999972e+01 3.698771979309452738e-10
-1.416000000000000014e+01 3.668990550869468911e-10
-1.414000000000000057e+01 3.639690078482593845e-10
-1.411999999999999922e+01 3.610938208618590728e-10
-1.409999999999999964e+01 3.582794091543114648e-10
-1.408000000000000007e+01 3.555321670722151709e-10
-1.406000000000000050e+01 3.528578662449880524e-10
-1.403999999999999915e+01 3.502598243957270721e-10
-1.401999999999999957e+01 3.477447049797182564e-10
-1.400000000000000000e+01 3.453074845712217626e-10
-1.398000000000000043e+01 3.429631667420054657e-10
-1.396000000000000085e+01 3.407457097421075785e-10
-1.393999999999999950e+01 3.386473716197408556e-10
-1.391999999999999993e+01 3.366863038121137708e-10
-1.390000000000000036e+01 3.348646095628897755e-10
-1.388000000000000078e+01 3.331941033970950956e-10
-1.385999999999999943e+01 3.316924898289337728e-10
-1.383999999999999986e+01 3.303623905315217890e-10
-1.382000000000000028e+01 3.292301466979728590e-10
-1.380000000000000071e+01 3.282843893262798900e-10
-1.377999999999999936e+01 3.275914437740553925e-10
-1.375999999999999979e+01 3.272045932007706677e-10
-1.374000000000000021e+01 3.271282526784864556e-10
-1.372000000000000064e+01 3.274051054137470781e-10
-1.369999999999999929e+01 3.280639696071336765e-10
-1.367999999999999972e+01 3.291503689614784527e-10
-1.366000000000000014e+01 3.307220473284069579e-10
-1.364000000000000057e+01 3.328312600272163679e-10
-1.361999999999999922e+01 3.355610357921604597e-10
-1.359999999999999964e+01 3.389853289374335792e-10
-1.358000000000000007e+01 3.432275328745025916e-10
-1.356000000000000050e+01 3.484194261175044589e-10
-1.353999999999999915e+01 3.547002226690738912e-10
-1.351999999999999957e+01 3.622455061176300914e-10
-1.350000000000000000e+01 3.712750445996390894e-10
-1.348000000000000043e+01 3.820548132161177835e-10
-1.346000000000000085e+01 3.949159537240336731e-10
-1.343999999999999950e+01 4.102754633039079427e-10
-1.341999999999999993e+01 4.286358168830534520e-10
-1.340000000000000036e+01 4.506356771204283591e-10
-1.338000000000000078e+01 4.769864408636850095e-10
-1.335999999999999943e+01 5.085793985158177758e-10
-1.333999999999999986e+01 5.465169850660908016e-10
-1.332000000000000028e+01 5.920937802097101944e-10
-1.330000000000000071e+01 6.464950549416666921e-10
-1.327999999999999936e+01 7.098244010832230924e-10
-1.325999999999999979e+01 7.773774132164222246e-10
-1.324000000000000021e+01 8.277619783423291983e-10
-1.322000000000000064e+01 8.076482886812345629e-10
-1.319999999999999929e+01 6.639378648602153546e-10
-1.317999999999999972e+01 4.614413946091100330e-10
-1.316000000000000014e+01 3.066279631842600638e-10
-1.314000000000000057e+01 2.176445303675142800e-10
-1.311999999999999922e+01 1.699974315768619858e-10
-1.309999999999999964e+01 1.455284745065762882e-10
-1.308000000000000007e+01 1.347460634112421816e-10
-1.306000000000000050e+01 1.331395057215383881e-10
-1.303999999999999915e+01 1.383321629607607912e-10
-1.301999999999999957e+01 1.478249948770272793e-10
-1.300000000000000000e+01 1.589536614066965746e-10
-1.298000000000000043e+01 1.685718411459424891e-10
-1.296000000000000085e+01 1.747209378628144773e-10
-1.293999999999999950e+01 1.769855118739258824e-10
-1.291999999999999993e+01 1.759475995356628946e-10
-1.290000000000000036e+01 1.726205071791532936e-10
-1.288000000000000078e+01 1.679834442571116924e-10
-1.285999999999999943e+01 1.627783052178115733e-10
-1.283999999999999986e+01 1.575011750949873844e-10
-1.282000000000000028e+01 1.524420973502003875e-10
-1.280000000000000071e+01 1.477611442275789741e-10
-1.277999999999999936e+01 1.435207600476140784e-10
-1.275999999999999979e+01 1.397571002366767914e-10
-1.274000000000000021e+01 1.364499545259634812e-10
-1.272000000000000064e+01 1.335829542447225005e-10
-1.269999999999999929e+01 1.311062815588660909e-10
-1.267999999999999972e+01 1.289846672679536979e-10
-1.266000000000000014e+01 1.271762454986052843e-10
-1.264000000000000057e+01 1.256245805478589958e-10
-1.261999999999999922e+01 1.243044363737137916e-10
-1.259999999999999964e+01 1.231384792566837940e-10
-1.258000000000000007e+01 1.221349127189276807e-10
-1.256000000000000050e+01 1.213404959246972962e-10
-1.253999999999999915e+01 1.206697779413664878e-10
-1.251999999999999957e+01 1.201133084404797856e-10
-1.250000000000000000e+01 1.196220860885700783e-10
-1.248000000000000043e+01 1.191797348798245942e-10
-1.246000000000000085e+01 1.187632419073726861e-10
-1.243999999999999950e+01 1.183348660015255775e-10
-1.241999999999999993e+01 1.178895839425419781e-10
-1.240000000000000036e+01 1.173742706895492879e-10
-1.238000000000000078e+01 1.168160574721715818e-10
-1.235999999999999943e+01 1.162143276305810957e-10
-1.233999999999999986e+01 1.155278039666589858e-10
-1.232000000000000028e+01 1.147494729103060959e-10
-1.230000000000000071e+01 1.138628172019354921e-10
-1.227999999999999936e+01 1.128625621047961880e-10
-1.225999999999999979e+01 1.117495842457446915e-10
-1.224000000000000021e+01 1.105205367247619873e-10
-1.222000000000000064e+01 1.091849438630904955e-10
-1.219999999999999929e+01 1.077436021575601928e-10
-1.217999999999999972e+01 1.062136244459198841e-10
-1.216000000000000014e+01 1.046108767847834860e-10
-1.214000000000000057e+01 1.029420817435834923e-10
-1.211999999999999922e+01 1.012194782278642928e-10
-1.209999999999999964e+01 9.945351952660795331e-11
-1.208000000000000007e+01 9.765444334446697714e-11
-1.206000000000000050e+01 9.583080152432471369e-11
-1.203999999999999915e+01 9.398965088170983990e-11
-1.201999999999999957e+01 9.213750867050563864e-11
-1.200000000000000000e+01 9.028337292842583163e-11
-1.198000000000000043e+01 8.841802990149797903e-11
-1.196000000000000085e+01 8.653501703449733970e-11
-1.193999999999999950e+01 8.463164760039705053e-11
-1.191999999999999993e+01 8.269818527763081840e-11
-1.190000000000000036e+01 8.072615685375218013e-11
-1.188000000000000078e+01 7.870893570826206898e-11
-1.185999999999999943e+01 7.664169179559567095e-11
-1.183999999999999986e+01 7.452119709787531017e-11
-1.182000000000000028e+01 7.234790535311542895e-11
-1.180000000000000071e+01 7.012523406670627076e-11
-1.177999999999999936e+01 6.786343864042644898e-11
-1.175999999999999979e+01 6.557705918426183227e-11
-1.174000000000000021e+01 6.328661695369059136e-11
-1.172000000000000064e+01 6.101908022899757111e-11
-1.169999999999999929e+01 5.880934502444801283e-11
-1.167999999999999972e+01 5.669856342168216791e-11
-1.166000000000000014e+01 5.473117622596710751e-11
-1.164000000000000057e+01 5.295021998326337651e-11
-1.161999999999999922e+01 5.137028905837781759e-11
-1.159999999999999964e+01 4.992465853129485799e-11
-1.158000000000000007e+01 4.830621618355161606e-11
-1.156000000000000050e+01 4.566418391445895761e-11
-1.153999999999999915e+01 4.023807783335712780e-11
-1.151999999999999957e+01 3.047516377556405168e-11
-1.150000000000000000e+01 1.861366986451870774e-11
-1.148000000000000043e+01 9.676100805183288601e-12
-1.146000000000000085e+01 4.869295859537452936e-12
-1.143999999999999950e+01 2.567283402169132003e-12
-1.141999999999999993e+01 1.436376480203002979e-12
-1.140000000000000036e+01 9.099384818559933951e-13
-1.138000000000000078e+01 7.405624563361420267e-13
-1.135999999999999943e+01 1.315126156460988080e-12
-1.133999999999999986e+01 4.860552058361237250e-12
-1.132000000000000028e+01 6.788736799044338924e-16
-1.130000000000000071e+01 9.972968931204382359e-18
-1.127999999999999936e+01 4.207219793724659014e-19
-1.125999999999999979e+01 3.402523716042710286e-20
-1.124000000000000021e+01 5.519218229402915943e-21
-1.122000000000000064e+01 1.301378614505927946e-21
-1.119999999999999929e+01 8.361631441900475289e-22
-1.117999999999999972e+01 6.518009445502271359e-22
-1.116000000000000014e+01 6.758468718278401424e-22
-1.114000000000000057e+01 1.439188049721894930e-21
-1.111999999999999922e+01 6.745882219737234747e-21
-1.109999999999999964e+01 1.053754915716946994e-20
-1.108000000000000007e+01 9.007223007091747034e-21
-1.106000000000000050e+01 1.620843534345322137e-20
-1.103999999999999915e+01 5.863309454263463765e-20
-1.101999999999999957e+01 2.660556405450204024e-19
-1.100000000000000000e+01 1.661769988929745145e-18
-1.098000000000000043e+01 9.125731704426196071e-18
-1.096000000000000085e+01 4.683289969969142918e-17
-1.093999999999999950e+01 2.403436547845887199e-16
-1.091999999999999993e+01 1.163216691204078041e-15
-1.090000000000000036e+01 5.458599319612844536e-15
-1.088000000000000078e+01 2.466308141782399321e-14
-1.085999999999999943e+01 1.125486308031290052e-13
-1.083999999999999986e+01 5.793819406343892982e-13
-1.082000000000000028e+01 4.461687781129527966e-12
-1.080000000000000071e+01 3.129851919757317744e-11
-1.077999999999999936e+01 6.000437031847915560e-11
-1.075999999999999979e+01 6.705107705044657757e-11
-1.074000000000000021e+01 6.682359927744064094e-11
-1.072000000000000064e+01 6.612481926994342324e-11
-1.069999999999999929e+01 6.564456577804884762e-11
-1.067999999999999972e+01 6.525086147459785588e-11
-1.066000000000000014e+01 6.481256471187312204e-11
-1.064000000000000057e+01 6.426231785743866554e-11
-1.061999999999999922e+01 6.356880529845609176e-11
-1.059999999999999964e+01 6.273391012042575633e-11
-1.058000000000000007e+01 6.176172548459008345e-11
-1.056000000000000050e+01 6.066315464248473851e-11
-1.053999999999999915e+01 5.946286962403213935e-11
-1.051999999999999957e+01 5.817850111167640758e-11
-1.050000000000000000e+01 5.682573449688027763e-11
-1.048000000000000043e+01 5.541407035455461617e-11
-1.046000000000000085e+01 5.394797970682405783e-11
-1.043999999999999950e+01 5.242816508940132587e-11
-1.041999999999999993e+01 5.084947532636224779e-11
-1.040000000000000036e+01 4.920352345226242816e-11
-1.038000000000000078e+01 4.747223303969426025e-11
-1.035999999999999943e+01 4.562920159051011832e-11
-1.033999999999999986e+01 4.364361785917568528e-11
-1.032000000000000028e+01 4.146871537427533726e-11
-1.030000000000000071e+01 3.903883363830470542e-11
-1.027999999999999936e+01 3.625730956449422590e-11
-1.025999999999999979e+01 3.298486738283831975e-11
-1.024000000000000021e+01 2.903731174950001919e-11
-1.022000000000000064e+01 2.421880750653736797e-11
-1.019999999999999929e+01 1.848720185145564813e-11
-1.017999999999999972e+01 1.231106592687149900e-11
-1.016000000000000014e+01 6.875110867819261940e-12
-1.014000000000000057e+01 3.195275316723117921e-12
-1.011999999999999922e+01 1.304313995644401936e-12
-1.009999999999999964e+01 4.975724648577431085e-13
-1.008000000000000007e+01 1.848517358522702131e-13
-1.006000000000000050e+01 6.959603358787140471e-14
-1.003999999999999915e+01 2.594460291966920128e-14
-1.001999999999999957e+01 1.012030482020916086e-14
-1.000000000000000000e+01 3.930010600077268163e-15
-9.980000000000000426e+00 1.520726392572540908e-15
-9.960000000000000853e+00 7.085026448657642653e-16
-9.939999999999999503e+00 3.560461469252950998e-16
-9.919999999999999929e+00 2.093240284903300955e-16
-9.900000000000000355e+00 1.378960657905958084e-16
-9.880000000000000782e+00 1.071211474764722050e-16
-9.859999999999999432e+00 9.749045856798859963e-17
-9.839999999999999858e+00 9.922593245430173628e-17
-9.820000000000000284e+00 1.183227844554213957e-16
-9.800000000000000711e+00 1.482206815727901936e-16
-9.779999999999999361e+00 2.075225379969900167e-16
-9.759999999999999787e+00 3.315926328297394206e-16
-9.740000000000000213e+00 5.503753935735104400e-16
-9.720000000000000639e+00 9.585672017606115449e-16
-9.699999999999999289e+00 1.682718761277819065e-15
-9.679999999999999716e+00 2.923018646430287813e-15
-9.660000000000000142e+00 5.037443493021204176e-15
-9.640000000000000568e+00 8.388428828211141074e-15
-9.619999999999999218e+00 1.363251866701413183e-14
-9.599999999999999645e+00 2.119123786985565302e-14
-9.580000000000000071e+00 3.219657188799221147e-14
-9.560000000000000497e+00 4.716549659821129177e-14
-9.539999999999999147e+00 6.704485370772078139e-14
-9.519999999999999574e+00 9.226481729402716487e-14
-9.500000000000000000e+00 1.239462513500405973e-13
-9.480000000000000426e+00 1.633692755099834040e-13
-9.460000000000000853e+00 2.113306301136240103e-13
-9.439999999999999503e+00 2.713086804337882933e-13
-9.419999999999999929e+00 3.443680640378997264e-13
-9.400000000000000355e+00 4.416949677844001224e-13
-9.380000000000000782e+00 5.610711545120373029e-13
-9.359999999999999432e+00 6.996555157856780223e-13
-9.339999999999999858e+00 8.688353227133893411e-13
-9.320000000000000284e+00 1.065374555643822961e-12
-9.300000000000000711e+00 1.294562165897561896e-12
-9.279999999999999361e+00 1.554023784135723003e-12
-9.259999999999999787e+00 1.836312450633504914e-12
-9.240000000000000213e+00 2.141256281731721009e-12
-9.220000000000000639e+00 2.455045576275800074e-12
-9.199999999999999289e+00 2.786465094658691967e-12
-9.179999999999999716e+00 3.100815870545983944e-12
-9.160000000000000142e+00 3.369747374991350908e-12
-9.140000000000000568e+00 3.600247342405136816e-12
-9.119999999999999218e+00 3.779658528715841147e-12
-9.099999999999999645e+00 3.909687073968808297e-12
-9.080000000000000071e+00 3.986552549284266697e-12
-9.060000000000000497e+00 4.005602290230826048e-12
-9.039999999999999147e+00 3.974100990680178628e-12
-9.019999999999999574e+00 3.887945742068835351e-12
-9.000000000000000000e+00 3.767397534201595572e-12
-8.980000000000000426e+00 3.592442156072370861e-12
-8.960000000000000853e+00 3.341636944000605776e-12
-8.939999999999999503e+00 3.041055463790945981e-12
-8.919999999999999929e+00 2.693966816954520936e-12
-8.900000000000000355e+00 2.321564399075772856e-12
-8.880000000000000782e+00 1.934773682016267070e-12
-8.859999999999999432e+00 1.549737998589218903e-12
-8.839999999999999858e+00 1.192497715878265913e-12
-8.820000000000000284e+00 8.708702636761257786e-13
-8.800000000000000711e+00 6.134293838269845546e-13
-8.779999999999999361e+00 4.110835381791320180e-13
-8.759999999999999787e+00 2.521765840840650075e-13
-8.740000000000000213e+00 1.466318634189465091e-13
-8.720000000000000639e+00 8.023966215962308063e-14
-8.699999999999999289e+00 4.245553894047875160e-14
-8.679999999999999716e+00 2.166713937044242140e-14
-8.660000000000000142e+00 1.078590132165562040e-14
-8.640000000000000568e+00 5.353077165380338559e-15
-8.619999999999999218e+00 2.611490174822599903e-15
-8.599999999999999645e+00 1.292405322898849933e-15
-8.580000000000000071e+00 6.450525273442206179e-16
-8.560000000000000497e+00 3.205423304756492075e-16
-8.539999999999999147e+00 1.627201508730624954e-16
-8.519999999999999574e+00 8.516460064694236067e-17
-8.500000000000000000e+00 4.611113196269280886e-17
-8.480000000000000426e+00 2.631187123403587883e-17
-8.460000000000000853e+00 1.585439101349719817e-17
-8.439999999999999503e+00 1.010090943728620891e-17
-8.419999999999999929e+00 6.950241526577894057e-18
-8.400000000000000355e+00 5.061768922375817313e-18
-8.380000000000000782e+00 3.796409118056573089e-18
-8.359999999999999432e+00 3.287626145222072105e-18
-8.339999999999999858e+00 3.015047310198664184e-18
-8.320000000000000284e+00 3.041145295833217068e-18
-8.300000000000000711e+00 3.218735968147081061e-18
-8.279999999999999361e+00 3.660357459733937982e-18
-8.259999999999999787e+00 4.365324691889448157e-18
-8.240000000000000213e+00 5.234427620061237933e-18
-8.220000000000000639e+00 6.532072869511322335e-18
-8.199999999999999289e+00 7.457813946821981774e-18
-8.179999999999999716e+00 8.944661053609673282e-18
-8.160000000000000142e+00 1.096111800198074947e-17
-8.140000000000000568e+00 1.277314621522608954e-17
-8.119999999999999218e+00 1.471892676750861830e-17
-8.099999999999999645e+00 1.621253440607575998e-17
-8.080000000000000071e+00 1.679624985692213778e-17
-8.060000000000000497e+00 1.689974191833632774e-17
-8.039999999999999147e+00 1.589058021249241884e-17
-8.019999999999999574e+00 1.464471833066806829e-17
-8.000000000000000000e+00 1.206353839651092891e-17
-7.980000000000000426e+00 1.021440398453601948e-17
-7.959999999999999964e+00 8.876011457526782233e-18
-7.940000000000000391e+00 7.670779202292768321e-18
-7.919999999999999929e+00 7.013766551092233384e-18
-7.900000000000000355e+00 6.765278986783179392e-18
-7.879999999999999893e+00 7.021607582882717040e-18
-7.860000000000000320e+00 8.224747642777779275e-18
-7.839999999999999858e+00 1.071029421682185005e-17
-7.820000000000000284e+00 1.640266625892856777e-17
-7.799999999999999822e+00 2.711255099222935890e-17
-7.780000000000000249e+00 5.439020920230140613e-17
-7.759999999999999787e+00 1.305922328237697017e-16
-7.740000000000000213e+00 3.507522939284166326e-16
-7.719999999999999751e+00 1.067365021552301888e-15
-7.700000000000000178e+00 3.528260025705460027e-15
-7.679999999999999716e+00 1.217172825790086144e-14
-7.660000000000000142e+00 4.327864659494688236e-14
-7.639999999999999680e+00 1.452296066522739040e-13
-7.620000000000000107e+00 4.240042926461946360e-13
-7.599999999999999645e+00 9.673014733257781314e-13
-7.580000000000000071e+00 1.784158760804260999e-12
-7.559999999999999609e+00 2.792391263689969085e-12
-7.540000000000000036e+00 3.880448072293866296e-12
-7.519999999999999574e+00 4.974356802802636944e-12
-7.500000000000000000e+00 6.028273541101687914e-12
-7.480000000000000426e+00 7.019481362767236967e-12
-7.459999999999999964e+00 7.937745216504171967e-12
-7.440000000000000391e+00 8.778695766998969640e-12
-7.419999999999999929e+00 9.541436603525024364e-12
-7.400000000000000355e+00 1.022796888720893971e-11
-7.379999999999999893e+00 1.083726345482210934e-11
-7.360000000000000320e+00 1.136483014922635978e-11
-7.339999999999999858e+00 1.181557366295744986e-11
-7.320000000000000284e+00 1.219015233466842975e-11
-7.299999999999999822e+00 1.249287637628173000e-11
-7.280000000000000249e+00 1.272569455737781964e-11
-7.259999999999999787e+00 1.289145068380212901e-11
-7.240000000000000213e+00 1.299495325688521871e-11
-7.219999999999999751e+00 1.303771586714052882e-11
-7.200000000000000178e+00 1.302709115552050994e-11
-7.179999999999999716e+00 1.295881378465711954e-11
-7.160000000000000142e+00 1.282493115524419969e-11
-7.139999999999999680e+00 1.263250954631448911e-11
-7.120000000000000107e+00 1.238097399565313861e-11
-7.099999999999999645e+00 1.207417031724309868e-11
-7.080000000000000071e+00 1.171198737791049008e-11
-7.059999999999999609e+00 1.129512597034747969e-11
-7.040000000000000036e+00 1.082692533529129925e-11
-7.019999999999999574e+00 1.030561048523634031e-11
-7.000000000000000000e+00 9.737322401705514475e-12
-6.980000000000000426e+00 9.113810902247116138e-12
-6.959999999999999964e+00 8.425740335874766796e-12
-6.940000000000000391e+00 7.680632246808880424e-12
-6.919999999999999929e+00 6.880433197200053631e-12
-6.900000000000000355e+00 6.033813432032196080e-12
-6.879999999999999893e+00 5.150405555339774293e-12
-6.860000000000000320e+00 4.246861364221575627e-12
-6.839999999999999858e+00 3.350496934074028091e-12
-6.820000000000000284e+00 2.494014460898711159e-12
-6.799999999999999822e+00 1.724645535303217891e-12
-6.780000000000000249e+00 1.083167127959264970e-12
-6.759999999999999787e+00 6.027247229278539822e-13
-6.740000000000000213e+00 2.943237221478054987e-13
-6.719999999999999751e+00 1.273034954725738081e-13
-6.700000000000000178e+00 5.022094784005391322e-14
-6.679999999999999716e+00 1.863007608527727190e-14
-6.660000000000000142e+00 6.638719948009239233e-15
-6.639999999999999680e+00 2.311629124076246853e-15
-6.620000000000000107e+00 7.966921703477463923e-16
-6.599999999999999645e+00 2.751742447775335998e-16
-6.580000000000000071e+00 9.674719551371335226e-17
-6.559999999999999609e+00 3.534199275688477938e-17
-6.540000000000000036e+00 1.358592453952438946e-17
-6.519999999999999574e+00 5.621427150541990342e-18
-6.500000000000000000e+00 2.556857337831019301e-18
-6.480000000000000426e+00 1.290319625205841113e-18
-6.459999999999999964e+00 7.390346854413945628e-19
-6.440000000000000391e+00 4.846169672478452804e-19
-6.419999999999999929e+00 3.663544412410772013e-19
-6.400000000000000355e+00 3.210331299173412193e-19
-6.379999999999999893e+00 3.270823920646993947e-19
-6.360000000000000320e+00 3.780407254745748159e-19
-6.339999999999999858e+00 4.978088999614451641e-19
-6.320000000000000284e+00 7.295745050953186270e-19
-6.299999999999999822e+00 1.168577791558779999e-18
-6.280000000000000249e+00 2.014852893066156235e-18
-6.259999999999999787e+00 3.641097363478208228e-18
-6.240000000000000213e+00 6.800783820693954035e-18
-6.219999999999999751e+00 1.277362523570800973e-17
-6.200000000000000178e+00 2.415707504644879933e-17
-6.179999999999999716e+00 4.406415816382441028e-17
-6.160000000000000142e+00 7.705521393504200577e-17
-6.139999999999999680e+00 1.284753329436499954e-16
-6.120000000000000107e+00 2.022267320411958165e-16
-6.099999999999999645e+00 2.992397109966997313e-16
-6.080000000000000071e+00 4.127013022537446370e-16
-6.059999999999999609e+00 5.328918522854916895e-16
-6.040000000000000036e+00 6.382631749917228395e-16
-6.019999999999999574e+00 7.139105674731304063e-16
-6.000000000000000000e+00 7.261711836243048837e-16
-5.980000000000000426e+00 6.974413170728465207e-16
-5.959999999999999964e+00 6.399701762700228594e-16
-5.940000000000000391e+00 5.489732522555311481e-16
-5.919999999999999929e+00 4.545246504250020558e-16
-5.900000000000000355e+00 3.572234339273118097e-16
-5.879999999999999893e+00 2.760915438832700960e-16
-5.860000000000000320e+00 2.107316601381223180e-16
-5.839999999999999858e+00 1.586007161263266005e-16
-5.820000000000000284e+00 1.233810064627596924e-16
-5.799999999999999822e+00 9.706270517567171803e-17
-5.780000000000000249e+00 7.873819090313289635e-17
-5.759999999999999787e+00 7.201654543011202727e-17
-5.740000000000000213e+00 7.109010148529613705e-17
-5.719999999999999751e+00 7.790745477975925018e-17
-5.700000000000000178e+00 9.296040574886896011e-17
-5.679999999999999716e+00 1.224172776908502995e-16
-5.660000000000000142e+00 1.755948001088064094e-16
-5.639999999999999680e+00 2.686061657162032074e-16
-5.620000000000000107e+00 4.370004114460390112e-16
-5.599999999999999645e+00 7.375268763231925323e-16
-5.580000000000000071e+00 1.276798707882667941e-15
-5.559999999999999609e+00 2.230956752982608990e-15
-5.540000000000000036e+00 3.871956251998201036e-15
-5.519999999999999574e+00 6.579679118864286242e-15
-5.500000000000000000e+00 1.088920431153573028e-14
-5.480000000000000426e+00 1.740436440206054281e-14
-5.459999999999999964e+00 2.683746808844503108e-14
-5.440000000000000391e+00 4.000329871477036265e-14
-5.419999999999999929e+00 5.757771549415170430e-14
-5.400000000000000355e+00 8.075439327119890067e-14
-5.379999999999999893e+00 1.105260378698367046e-13
-5.360000000000000320e+00 1.477981422279540991e-13
-5.339999999999999858e+00 1.950471059303833057e-13
-5.320000000000000284e+00 2.550019557073832934e-13
-5.299999999999999822e+00 3.318007391199038125e-13
-5.280000000000000249e+00 4.304402673744796077e-13
-5.259999999999999787e+00 5.569086245655481328e-13
-5.240000000000000213e+00 7.175671606361172364e-13
-5.219999999999999751e+00 9.176265122748295676e-13
-5.200000000000000178e+00 1.160782949169507953e-12
-5.179999999999999716e+00 1.446168464540892070e-12
-5.160000000000000142e+00 1.768429050659007913e-12
-5.139999999999999680e+00 2.120152977764161048e-12
-5.120000000000000107e+00 2.490107513337019899e-12
-5.099999999999999645e+00 2.866944042649350984e-12
-5.080000000000000071e+00 3.238799693282346814e-12
-5.059999999999999609e+00 3.594387372977159796e-12
-5.040000000000000036e+00 3.924471671642199138e-12
-5.019999999999999574e+00 4.220040622344690676e-12
-5.000000000000000000e+00 4.475007141996918828e-12
-4.980000000000000426e+00 4.681529162311130257e-12
-4.959999999999999964e+00 4.834165556947486779e-12
-4.940000000000000391e+00 4.929954792143738996e-12
-4.919999999999999929e+00 4.966231885852333579e-12
-4.900000000000000355e+00 4.941411570772004578e-12
-4.879999999999999893e+00 4.854877882904923649e-12
-4.860000000000000320e+00 4.707161244703817218e-12
-4.839999999999999858e+00 4.499683079439566625e-12
-4.820000000000000284e+00 4.235467276817527819e-12
-4.799999999999999822e+00 3.917563839767370635e-12
-4.780000000000000249e+00 3.553787286979087044e-12
-4.759999999999999787e+00 3.154326950935716772e-12
-4.740000000000000213e+00 2.728302059275427805e-12
-4.719999999999999751e+00 2.289810856133089051e-12
-4.700000000000000178e+00 1.854245947815854013e-12
-4.679999999999999716e+00 1.440140977251323012e-12
-4.660000000000000142e+00 1.067013383021459028e-12
-4.639999999999999680e+00 7.508660004019180160e-13
-4.620000000000000107e+00 5.025670647701179959e-13
-4.599999999999999645e+00 3.222123461212168125e-13
-4.580000000000000071e+00 2.011906077116745103e-13
-4.559999999999999609e+00 1.241692883476827997e-13
-4.540000000000000036e+00 7.727819901893323199e-14
-4.519999999999999574e+00 4.898333760102146299e-14
-4.500000000000000000e+00 3.194812235075144141e-14
-4.480000000000000426e+00 2.156866452601168224e-14
-4.459999999999999964e+00 1.501716037594375175e-14
-4.440000000000000391e+00 1.082972202876836016e-14
-4.419999999999999929e+00 7.999941446915833236e-15
-4.400000000000000355e+00 6.105524380843367111e-15
-4.379999999999999893e+00 4.800963792460298529e-15
-4.360000000000000320e+00 3.742563029908940271e-15
-4.339999999999999858e+00 2.957328011498734981e-15
-4.320000000000000284e+00 2.329274631258801948e-15
-4.299999999999999822e+00 1.847722540453476999e-15
-4.280000000000000249e+00 1.458014519690522940e-15
-4.259999999999999787e+00 1.147883319964937915e-15
-4.240000000000000213e+00 9.104972107186692583e-16
-4.219999999999999751e+00 7.172534979962242068e-16
-4.200000000000000178e+00 5.743159283739381494e-16
-4.179999999999999716e+00 4.707199520794594284e-16
-4.160000000000000142e+00 3.753155089350204946e-16
-4.139999999999999680e+00 3.038884065796850239e-16
-4.120000000000000107e+00 2.457052661414398882e-16
-4.099999999999999645e+00 2.021993375096738091e-16
-4.080000000000000071e+00 1.667957526322006081e-16
-4.059999999999999609e+00 1.387024084027522064e-16
-4.040000000000000036e+00 1.173209256499996009e-16
-4.019999999999999574e+00 9.894606759096855885e-17
-4.000000000000000000e+00 8.490747629194420914e-17
-3.979999999999999982e+00 7.376890959613099938e-17
-3.959999999999999964e+00 6.240404863323233948e-17
-3.939999999999999947e+00 5.289118549135212575e-17
-3.919999999999999929e+00 4.453325709812343856e-17
-3.899999999999999911e+00 3.759949625199307712e-17
-3.879999999999999893e+00 3.176418353121076134e-17
-3.859999999999999876e+00 2.705314674643189703e-17
-3.839999999999999858e+00 2.342059768886817859e-17
-3.819999999999999840e+00 2.071739891190946746e-17
-3.799999999999999822e+00 1.896768929120238751e-17
-3.779999999999999805e+00 1.798896863532772890e-17
-3.759999999999999787e+00 1.819729616224176820e-17
-3.740000000000000213e+00 1.960675147614017866e-17
-3.720000000000000195e+00 2.281629031455075744e-17
-3.700000000000000178e+00 2.877905402112011655e-17
-3.680000000000000160e+00 3.943278326504072507e-17
-3.660000000000000142e+00 5.859156116165224664e-17
-3.640000000000000124e+00 9.370785341760110954e-17
-3.620000000000000107e+00 1.608280607751680021e-16
-3.600000000000000089e+00 2.884233582920266019e-16
-3.580000000000000071e+00 5.344113390814488787e-16
-3.560000000000000053e+00 1.021397176500763999e-15
-3.540000000000000036e+00 1.950823699547849916e-15
-3.520000000000000018e+00 3.690867098786542294e-15
-3.500000000000000000e+00 6.787823443172241719e-15
-3.479999999999999982e+00 1.196344600164903159e-14
-3.459999999999999964e+00 2.012886576458431133e-14
-3.439999999999999947e+00 3.189005601834292162e-14
-3.419999999999999929e+00 4.782114962045353479e-14
-3.399999999999999911e+00 6.688322684793525374e-14
-3.379999999999999893e+00 8.761070502504999187e-14
-3.359999999999999876e+00 1.111308184407293996e-13
-3.339999999999999858e+00 1.335807191677381073e-13
-3.319999999999999840e+00 1.545905858429358083e-13
-3.299999999999999822e+00 1.715892759603001097e-13
-3.279999999999999805e+00 1.832805642179034022e-13
-3.259999999999999787e+00 1.902487636173429039e-13
-3.240000000000000213e+00 1.905780220828599017e-13
-3.220000000000000195e+00 1.869382948131838985e-13
-3.200000000000000178e+00 1.764839086130095968e-13
-3.180000000000000160e+00 1.624818572140964135e-13
-3.160000000000000142e+00 1.509463549262328056e-13
-3.140000000000000124e+00 1.383168366767543037e-13
-3.120000000000000107e+00 1.270335407002803162e-13
-3.100000000000000089e+00 1.165254779688043029e-13
-3.080000000000000071e+00 1.071669361892005086e-13
-3.060000000000000053e+00 9.986795293465725404e-14
-3.040000000000000036e+00 9.369624772372692717e-14
-3.020000000000000018e+00 8.970085118105374180e-14
-3.000000000000000000e+00 8.612491486883522181e-14
-2.979999999999999982e+00 8.498933582384181158e-14
-2.959999999999999964e+00 8.600602718033488399e-14
-2.939999999999999947e+00 8.849868431846669283e-14
-2.919999999999999929e+00 9.266938352572273311e-14
-2.899999999999999911e+00 9.841275871213356975e-14
-2.879999999999999893e+00 1.058684601333777057e-13
-2.859999999999999876e+00 1.151725617128495148e-13
-2.839999999999999858e+00 1.266218696722493962e-13
-2.819999999999999840e+00 1.404626048487518057e-13
-2.799999999999999822e+00 1.578638989057304977e-13
-2.779999999999999805e+00 1.797653537886350994e-13
-2.759999999999999787e+00 2.046841738930815143e-13
-2.740000000000000213e+00 2.355454712728706270e-13
-2.720000000000000195e+00 2.723800162252668108e-13
-2.700000000000000178e+00 3.181981466111121057e-13
-2.680000000000000160e+00 3.741126973347957955e-13
-2.660000000000000142e+00 4.423684575409761268e-13
-2.640000000000000124e+00 5.275360829207475716e-13
-2.620000000000000107e+00 6.298973387736490760e-13
-2.600000000000000089e+00 7.593898632259542637e-13
-2.580000000000000071e+00 9.139659096666059587e-13
-2.560000000000000053e+00 1.080049704960225960e-12
-2.540000000000000036e+00 1.266583046607508938e-12
-2.520000000000000018e+00 1.465395027140967943e-12
-2.500000000000000000e+00 1.677838691336861012e-12
-2.479999999999999982e+00 1.896294915355474124e-12
-2.459999999999999964e+00 2.115130455234949784e-12
-2.439999999999999947e+00 2.334604632416208963e-12
-2.419999999999999929e+00 2.544146807136617854e-12
-2.399999999999999911e+00 2.753435506412280941e-12
-2.379999999999999893e+00 2.945302543479297910e-12
-2.359999999999999876e+00 3.096371784739104855e-12
-2.339999999999999858e+00 3.219568430808602900e-12
-2.319999999999999840e+00 3.308681194459197996e-12
-2.299999999999999822e+00 3.368711841607887915e-12
-2.279999999999999805e+00 3.400348029879936087e-12
-2.259999999999999787e+00 3.403222209251146138e-12
-2.240000000000000213e+00 3.387229958771457010e-12
-2.220000000000000195e+00 3.352758625879568810e-12
-2.200000000000000178e+00 3.320585628540419041e-12
-2.180000000000000160e+00 3.290786878172711995e-12
-2.160000000000000142e+00 3.265328922292139009e-12
-2.140000000000000124e+00 3.285476201905726064e-12
-2.120000000000000107e+00 3.397696754377931035e-12
-2.100000000000000089e+00 3.713814056538218749e-12
-2.080000000000000071e+00 4.512416263554274139e-12
-2.060000000000000053e+00 6.893099123414295252e-12
-2.040000000000000036e+00 2.014217470942138955e-11
-2.020000000000000018e+00 9.758112892782834904e-11
-2.000000000000000000e+00 1.311761582559993957e-10
-1.979999999999999982e+00 1.040198672747884954e-10
-1.959999999999999964e+00 8.903915223732980031e-11
-1.939999999999999947e+00 8.334647141971419593e-11
-1.919999999999999929e+00 8.123396132627322977e-11
-1.899999999999999911e+00 8.060571018231125189e-11
-1.879999999999999893e+00 8.066147687897900647e-11
-1.860000000000000098e+00 8.105865057700857191e-11
-1.840000000000000080e+00 8.163105189683320031e-11
-1.820000000000000062e+00 8.228795586930447165e-11
-1.800000000000000044e+00 8.297592774906421048e-11
-1.780000000000000027e+00 8.365803334128893738e-11
-1.760000000000000009e+00 8.430759747822004056e-11
-1.739999999999999991e+00 8.491080425144454621e-11
-1.719999999999999973e+00 8.545665289676541184e-11
-1.699999999999999956e+00 8.594160024125279181e-11
-1.679999999999999938e+00 8.636430941543875667e-11
-1.659999999999999920e+00 8.672561366292845831e-11
-1.639999999999999902e+00 8.703059853513115094e-11
-1.620000000000000107e+00 8.728255439898927175e-11
-1.600000000000000089e+00 8.748996222620942187e-11
-1.580000000000000071e+00 8.765406785163650888e-11
-1.560000000000000053e+00 8.777527878766710672e-11
-1.540000000000000036e+00 8.786298057081458891e-11
-1.520000000000000018e+00 8.792195040761832700e-11
-1.500000000000000000e+00 8.795835394457665552e-11
-1.479999999999999982e+00 8.797643786539607996e-11
-1.459999999999999964e+00 8.798025222784376508e-11
-1.439999999999999947e+00 8.797384957369278095e-11
-1.419999999999999929e+00 8.795992657577344582e-11
-1.399999999999999911e+00 8.794173413714107985e-11
-1.379999999999999893e+00 8.792119071625111111e-11
-1.360000000000000098e+00 8.790048195266258150e-11
-1.340000000000000080e+00 8.788195316175515028e-11
-1.320000000000000062e+00 8.786747045564618750e-11
-1.300000000000000044e+00 8.785863455555696968e-11
-1.280000000000000027e+00 8.785682789458832772e-11
-1.260000000000000009e+00 8.786323479462483877e-11
-1.239999999999999991e+00 8.787886831379365734e-11
-1.219999999999999973e+00 8.790451618734606661e-11
-1.199999999999999956e+00 8.794088457385363087e-11
-1.179999999999999938e+00 8.798818842820621185e-11
-1.159999999999999920e+00 8.804661966671505927e-11
-1.139999999999999902e+00 8.811630843301660726e-11
-1.120000000000000107e+00 8.819726410267612043e-11
-1.100000000000000089e+00 8.828923772163157013e-11
-1.080000000000000071e+00 8.839189390647692995e-11
-1.060000000000000053e+00 8.850481070073836815e-11
-1.040000000000000036e+00 8.862721981786120712e-11
-1.020000000000000018e+00 8.875856276594369120e-11
-1.000000000000000000e+00 8.889731842967551907e-11
-9.799999999999999822e-01 8.904397156517611183e-11
-9.599999999999999645e-01 8.919900167170349709e-11
-9.399999999999999467e-01 8.936081548070935761e-11
-9.200000000000000400e-01 8.952904057896993651e-11
-9.000000000000000222e-01 8.970239901734429054e-11
-8.800000000000000044e-01 8.988031240554365149e-11
-8.599999999999999867e-01 9.006202337404266719e-11
-8.399999999999999689e-01 9.024644604025743481e-11
-8.199999999999999512e-01 9.043327901120121859e-11
-8.000000000000000444e-01 9.062122975478007666e-11
-7.800000000000000266e-01 9.081087506879039681e-11
-7.600000000000000089e-01 9.100190242514732014e-11
-7.399999999999999911e-01 9.119331526792499408e-11
-7.199999999999999734e-01 9.138451357658210972e-11
-6.999999999999999556e-01 9.157493615985139289e-11
-6.800000000000000488e-01 9.176410259563136012e-11
-6.600000000000000311e-01 9.195156993755299944e-11
-6.400000000000000133e-01 9.213702816426391196e-11
-6.199999999999999956e-01 9.232007230217511398e-11
-5.999999999999999778e-01 9.250067402213235969e-11
-5.799999999999999600e-01 9.267815353077099647e-11
-5.600000000000000533e-01 9.285152232688696083e-11
-5.400000000000000355e-01 9.302094448063864044e-11
-5.200000000000000178e-01 9.318604151824666999e-11
-5.000000000000000000e-01 9.334677656582919461e-11
-4.799999999999999822e-01 9.350295428253279172e-11
-4.600000000000000200e-01 9.365434891344151133e-11
-4.400000000000000022e-01 9.380095478721239239e-11
-4.199999999999999845e-01 9.394251640612407629e-11
-4.000000000000000222e-01 9.407918767914843698e-11
-3.800000000000000044e-01 9.421043394036334943e-11
-3.599999999999999867e-01 9.433591786564795795e-11
-3.400000000000000244e-01 9.445579347405491882e-11
-3.200000000000000067e-01 9.456990616233427295e-11
-2.999999999999999889e-01 9.467829280359771833e-11
-2.800000000000000266e-01 9.478088082065431133e-11
-2.600000000000000089e-01 9.487757083145356183e-11
-2.399999999999999911e-01 9.496839491076539076e-11
-2.200000000000000011e-01 9.505319984715883618e-11
-2.000000000000000111e-01 9.513214554079024029e-11
-1.799999999999999933e-01 9.520473746704775081e-11
-1.600000000000000033e-01 9.527059519074231620e-11
-1.400000000000000133e-01 9.532982844860511968e-11
-1.199999999999999956e-01 9.538222665125267666e-11
-1.000000000000000056e-01 9.542772464091815493e-11
-8.000000000000000167e-02 9.546607928454123783e-11
-5.999999999999999778e-02 9.549703923191447942e-11
-4.000000000000000083e-02 9.552027652112571280e-11
-2.000000000000000042e-02 9.553522691764021592e-11
-1.459349999999999989e-16 9.554086108636683234e-11
