-2.400000000000000000e+01 4.999999999999999289e+01
-2.300000000000000000e+01 5.000980384651246169e+01
-2.200000000000000000e+01 4.998106364085828801e+01
-2.100000000000000000e+01 5.003528490239268223e+01
-2.000000000000000000e+01 4.969126204915409772e+01
-1.900000000000000000e+01 5.087413779458407248e+01
-1.800000000000000000e+01 4.955551959714104981e+01
-1.700000000000000000e+01 5.179078267218721976e+01
-1.698000000000000043e+01 5.191750661760656271e+01
-1.696000000000000085e+01 5.194828535705835293e+01
-1.694000000000000128e+01 5.203618528060155768e+01
-1.692000000000000171e+01 5.206238316667052146e+01
-1.689999999999999858e+01 5.213533026702579320e+01
-1.687999999999999901e+01 5.216519110343614329e+01
-1.685999999999999943e+01 5.219032597112548189e+01
-1.683999999999999986e+01 5.226707049042857989e+01
-1.682000000000000028e+01 5.229757005241948065e+01
-1.680000000000000071e+01 5.246767722787154753e+01
-1.678000000000000114e+01 5.251887390480391105e+01
-1.676000000000000156e+01 5.253584366625356239e+01
-1.673999999999999844e+01 5.255645495531297939e+01
-1.671999999999999886e+01 5.256839340084830070e+01
-1.669999999999999929e+01 5.257002577783981678e+01
-1.667999999999999972e+01 5.257573195700437907e+01
-1.666000000000000014e+01 5.258486025744865344e+01
-1.664000000000000057e+01 5.254972941567112343e+01
-1.662000000000000099e+01 5.254946353844424323e+01
-1.660000000000000142e+01 5.244390898683415259e+01
-1.657999999999999829e+01 5.197014239816883929e+01
-1.655999999999999872e+01 5.192117100085742720e+01
-1.653999999999999915e+01 5.171137013656493764e+01
-1.651999999999999957e+01 5.167422080184012856e+01
-1.650000000000000000e+01 5.162083874410271278e+01
-1.648000000000000043e+01 5.140662900875460650e+01
-1.646000000000000085e+01 5.136102400484809039e+01
-1.644000000000000128e+01 5.108834148414406684e+01
-1.642000000000000171e+01 5.102205419052128121e+01
-1.639999999999999858e+01 5.062250351531665160e+01
-1.637999999999999901e+01 4.970363410493403933e+01
-1.635999999999999943e+01 4.962237802237776663e+01
-1.633999999999999986e+01 4.936220100326192295e+01
-1.632000000000000028e+01 4.931070729638184247e+01
-1.630000000000000071e+01 4.910743181907854904e+01
-1.628000000000000114e+01 4.904742239703058715e+01
-1.626000000000000156e+01 4.900144008773074233e+01
-1.623999999999999844e+01 4.880644614263626124e+01
-1.621999999999999886e+01 4.875063955900220947e+01
-1.619999999999999929e+01 4.838249438589333806e+01
-1.617999999999999972e+01 4.831369431293190075e+01
-1.616000000000000014e+01 4.830117587142927249e+01
-1.614000000000000057e+01 4.828258934310088790e+01
-1.612000000000000099e+01 4.827548723171744882e+01
-1.610000000000000142e+01 4.826780768995988780e+01
-1.607999999999999829e+01 4.827357461532073302e+01
-1.605999999999999872e+01 4.826885730348482895e+01
-1.603999999999999915e+01 4.828956379326753279e+01
-1.601999999999999957e+01 4.828916829147644307e+01
-1.600000000000000000e+01 4.832986710228021110e+01
-1.598000000000000043e+01 4.840689214262248186e+01
-1.596000000000000085e+01 4.840236073457783306e+01
-1.593999999999999950e+01 4.839911687558380748e+01
-1.591999999999999993e+01 4.838995789349183951e+01
-1.590000000000000036e+01 4.838107536517888718e+01
-1.588000000000000078e+01 4.836182230255504777e+01
-1.585999999999999943e+01 4.835069921738269727e+01
-1.583999999999999986e+01 4.831715038441002719e+01
-1.582000000000000028e+01 4.829978252673542727e+01
-1.580000000000000071e+01 4.815918439865546219e+01
-1.577999999999999936e+01 4.808925085214674766e+01
-1.575999999999999979e+01 4.806976552585206264e+01
-1.574000000000000021e+01 4.802270353620537691e+01
-1.572000000000000064e+01 4.800737548214586781e+01
-1.569999999999999929e+01 4.798932888469462910e+01
-1.567999999999999972e+01 4.795882960226072100e+01
-1.566000000000000014e+01 4.794445775618412853e+01
-1.564000000000000057e+01 4.792461252897894752e+01
-1.561999999999999922e+01 4.791306688479333786e+01
-1.559999999999999964e+01 4.791826649515031278e+01
-1.558000000000000007e+01 4.806467574279272270e+01
-1.556000000000000050e+01 4.807856170424685160e+01
-1.553999999999999915e+01 4.815920147310787769e+01
-1.551999999999999957e+01 4.817215133934274718e+01
-1.550000000000000000e+01 4.825770103574654257e+01
-1.548000000000000043e+01 4.828189766109650805e+01
-1.546000000000000085e+01 4.829633857739356273e+01
-1.543999999999999950e+01 4.842355246442681249e+01
-1.541999999999999993e+01 4.845152076932264151e+01
-1.540000000000000036e+01 4.865960312646573982e+01
-1.538000000000000078e+01 4.925043222146616273e+01
-1.535999999999999943e+01 4.930859103498126927e+01
-1.533999999999999986e+01 4.952151187499450202e+01
-1.532000000000000028e+01 4.956208807318466114e+01
-1.530000000000000071e+01 4.961850663588001709e+01
-1.527999999999999936e+01 4.981668327928945672e+01
-1.525999999999999979e+01 4.986307182031340091e+01
-1.524000000000000021e+01 5.010240224375843354e+01
-1.522000000000000064e+01 5.017414703626474903e+01
-1.519999999999999929e+01 5.094365605374400019e+01
-1.517999999999999972e+01 5.126150787207276238e+01
-1.516000000000000014e+01 5.132215223632415046e+01
-1.514000000000000057e+01 5.153991637479541765e+01
-1.511999999999999922e+01 5.158672980274141651e+01
-1.509999999999999964e+01 5.175946148003689729e+01
-1.508000000000000007e+01 5.181362237276385230e+01
-1.506000000000000050e+01 5.185599978643514874e+01
-1.503999999999999915e+01 5.202372957904191253e+01
-1.501999999999999957e+01 5.207137220879496198e+01
-1.500000000000000000e+01 5.224595798154898318e+01
-1.498000000000000043e+01 5.241745369730841020e+01
-1.496000000000000085e+01 5.242818374704266660e+01
-1.493999999999999950e+01 5.241891489450932085e+01
-1.491999999999999993e+01 5.241999551190654927e+01
-1.490000000000000036e+01 5.238641782568365812e+01
-1.488000000000000078e+01 5.237805391701302682e+01
-1.485999999999999943e+01 5.237596210006481812e+01
-1.483999999999999986e+01 5.229874609190729728e+01
-1.482000000000000028e+01 5.227945610891885053e+01
-1.480000000000000071e+01 5.189743152117213043e+01
-1.477999999999999936e+01 5.171436070176647348e+01
-1.475999999999999979e+01 5.168592695872507647e+01
-1.474000000000000021e+01 5.155247942740574274e+01
-1.472000000000000064e+01 5.153290754424615727e+01
-1.469999999999999929e+01 5.150306258238607171e+01
-1.467999999999999972e+01 5.139129203132694101e+01
-1.466000000000000014e+01 5.136964144846660218e+01
-1.464000000000000057e+01 5.124337231536396331e+01
-1.461999999999999922e+01 5.121565793811834055e+01
-1.459999999999999964e+01 5.104903507985346778e+01
-1.458000000000000007e+01 5.066924890861795916e+01
-1.456000000000000050e+01 5.063495131392402726e+01
-1.453999999999999915e+01 5.050874286034387950e+01
-1.451999999999999957e+01 5.048306501030570814e+01
-1.450000000000000000e+01 5.036545878742462889e+01
-1.448000000000000043e+01 5.032804706592506250e+01
-1.446000000000000085e+01 5.030203555222897194e+01
-1.443999999999999950e+01 5.014574020608886684e+01
-1.441999999999999993e+01 5.009734373500079130e+01
-1.440000000000000036e+01 4.950163999474153087e+01
-1.438000000000000078e+01 4.920899577412676251e+01
-1.435999999999999943e+01 4.914995824395941781e+01
-1.433999999999999986e+01 4.892663508982578691e+01
-1.432000000000000028e+01 4.888051957966956707e+01
-1.430000000000000071e+01 4.881833123725351697e+01
-1.427999999999999936e+01 4.862606802516621229e+01
-1.425999999999999979e+01 4.857651583521060701e+01
-1.424000000000000021e+01 4.836532527846630103e+01
-1.422000000000000064e+01 4.830205033376746115e+01
-1.419999999999999929e+01 4.781892266245081657e+01
-1.417999999999999972e+01 4.771711978854960279e+01
-1.416000000000000014e+01 4.770336464614381100e+01
-1.414000000000000057e+01 4.769055015226484784e+01
-1.411999999999999922e+01 4.769005602721809822e+01
-1.409999999999999964e+01 4.772579555862890288e+01
-1.408000000000000007e+01 4.774117884100991205e+01
-1.406000000000000050e+01 4.774740908790437288e+01
-1.403999999999999915e+01 4.786811031807935990e+01
-1.401999999999999957e+01 4.789603421454275178e+01
-1.400000000000000000e+01 4.816156140033933752e+01
-1.398000000000000043e+01 4.909314117353501672e+01
-1.396000000000000085e+01 4.919320205458706852e+01
-1.393999999999999950e+01 4.955976269071499019e+01
-1.391999999999999993e+01 4.963190314164417316e+01
-1.390000000000000036e+01 4.973120467757949825e+01
-1.388000000000000078e+01 5.007478412481196273e+01
-1.385999999999999943e+01 5.015657738861644788e+01
-1.383999999999999986e+01 5.056737957665013283e+01
-1.382000000000000028e+01 5.069031953762699061e+01
-1.380000000000000071e+01 5.195600237935985177e+01
-1.377999999999999936e+01 5.245429646343723107e+01
-1.375999999999999979e+01 5.254777658040941191e+01
-1.374000000000000021e+01 5.287991477029518705e+01
-1.372000000000000064e+01 5.294683697983469273e+01
-1.369999999999999929e+01 5.303711651076854139e+01
-1.367999999999999972e+01 5.328689788675853123e+01
-1.366000000000000014e+01 5.335441732039397067e+01
-1.364000000000000057e+01 5.360292870070063742e+01
-1.361999999999999922e+01 5.367379340070772997e+01
-1.359999999999999964e+01 5.393375751807592167e+01
-1.358000000000000007e+01 5.420580439463312672e+01
-1.356000000000000050e+01 5.422362990224110035e+01
-1.353999999999999915e+01 5.421422706262777069e+01
-1.351999999999999957e+01 5.421577416970536234e+01
-1.350000000000000000e+01 5.416296295601308231e+01
-1.348000000000000043e+01 5.414739299065428213e+01
-1.346000000000000085e+01 5.414281477774054707e+01
-1.343999999999999950e+01 5.400361800478302143e+01
-1.341999999999999993e+01 5.396338690311076647e+01
-1.340000000000000036e+01 5.312645808461022767e+01
-1.338000000000000078e+01 5.262532556802806027e+01
-1.335999999999999943e+01 5.252736780092119062e+01
-1.333999999999999986e+01 5.210011311521638078e+01
-1.332000000000000028e+01 5.201819763836758170e+01
-1.330000000000000071e+01 5.190413758718820247e+01
-1.327999999999999936e+01 5.148323304496513231e+01
-1.325999999999999979e+01 5.138700703561728744e+01
-1.324000000000000021e+01 5.085928273251298748e+01
-1.322000000000000064e+01 5.072552356559163655e+01
-1.319999999999999929e+01 4.995296343153265184e+01
-1.317999999999999972e+01 4.808889414806729690e+01
-1.316000000000000014e+01 4.790914930264243310e+01
-1.314000000000000057e+01 4.732202741073165697e+01
-1.311999999999999922e+01 4.719707750087444964e+01
-1.309999999999999964e+01 4.670252288706142707e+01
-1.308000000000000007e+01 4.654694962107591039e+01
-1.306000000000000050e+01 4.643009820278877697e+01
-1.303999999999999915e+01 4.588871627901861672e+01
-1.301999999999999957e+01 4.574201940217997731e+01
-1.300000000000000000e+01 4.506765904314472238e+01
-1.298000000000000043e+01 4.382701804130193324e+01
-1.296000000000000085e+01 4.371343884845094152e+01
-1.293999999999999950e+01 4.341460390350714249e+01
-1.291999999999999993e+01 4.334739108274344233e+01
-1.290000000000000036e+01 4.326031913933496753e+01
-1.288000000000000078e+01 4.306321747342896344e+01
-1.285999999999999943e+01 4.299941241068236764e+01
-1.283999999999999986e+01 4.283378919973623056e+01
-1.282000000000000028e+01 4.277749331035786895e+01
-1.280000000000000071e+01 4.271385013005608755e+01
-1.277999999999999936e+01 4.284937841071332087e+01
-1.275999999999999979e+01 4.287074864519841810e+01
-1.274000000000000021e+01 4.304735046329511761e+01
-1.272000000000000064e+01 4.307544383046315062e+01
-1.269999999999999929e+01 4.328345146492848983e+01
-1.267999999999999972e+01 4.334349344753145772e+01
-1.266000000000000014e+01 4.337748289717448102e+01
-1.264000000000000057e+01 4.371630505216796081e+01
-1.261999999999999922e+01 4.379003075701172065e+01
-1.259999999999999964e+01 4.437721685102903990e+01
-1.258000000000000007e+01 4.614266396177198715e+01
-1.256000000000000050e+01 4.631700238562972771e+01
-1.253999999999999915e+01 4.696587411811233181e+01
-1.251999999999999957e+01 4.709608141171430162e+01
-1.250000000000000000e+01 4.768548983298507693e+01
-1.248000000000000043e+01 4.786518623573026332e+01
-1.246000000000000085e+01 4.799201008536647350e+01
-1.243999999999999950e+01 4.871026032263218042e+01
-1.241999999999999993e+01 4.891959548645741762e+01
-1.240000000000000036e+01 5.116732131627887981e+01
-1.238000000000000078e+01 5.205458608078770055e+01
-1.235999999999999943e+01 5.221307366994656718e+01
-1.233999999999999986e+01 5.280263862056690982e+01
-1.232000000000000028e+01 5.291296454919768877e+01
-1.230000000000000071e+01 5.306549587836200033e+01
-1.227999999999999936e+01 5.350686021840773776e+01
-1.225999999999999979e+01 5.361805598595056210e+01
-1.224000000000000021e+01 5.405942496405417330e+01
-1.222000000000000064e+01 5.417712649225806132e+01
-1.219999999999999929e+01 5.465070743453684798e+01
-1.217999999999999972e+01 5.528163638411442804e+01
-1.216000000000000014e+01 5.533118761267908070e+01
-1.214000000000000057e+01 5.542483137353944045e+01
-1.211999999999999922e+01 5.545100361716752246e+01
-1.209999999999999964e+01 5.549902345578770735e+01
-1.208000000000000007e+01 5.552060775751809985e+01
-1.206000000000000050e+01 5.554231276862564926e+01
-1.203999999999999915e+01 5.555818652128648694e+01
-1.201999999999999957e+01 5.557360548998798322e+01
-1.200000000000000000e+01 5.552652973788926971e+01
-1.198000000000000043e+01 5.551302777615538275e+01
-1.196000000000000085e+01 5.551369399679106920e+01
-1.193999999999999950e+01 5.551983321132068028e+01
-1.191999999999999993e+01 5.552337464696868352e+01
-1.190000000000000036e+01 5.553982160880528340e+01
-1.188000000000000078e+01 5.554689425895541177e+01
-1.185999999999999943e+01 5.555165458678887802e+01
-1.183999999999999986e+01 5.558356760122690332e+01
-1.182000000000000028e+01 5.559336749069382222e+01
-1.180000000000000071e+01 5.569003561508807110e+01
-1.177999999999999936e+01 5.569483587810785252e+01
-1.175999999999999979e+01 5.568952645095951226e+01
-1.174000000000000021e+01 5.566032845026025910e+01
-1.172000000000000064e+01 5.564891968196599947e+01
-1.169999999999999929e+01 5.559562038172113319e+01
-1.167999999999999972e+01 5.557262844576928273e+01
-1.166000000000000014e+01 5.555759429445640762e+01
-1.164000000000000057e+01 5.544574214854775818e+01
-1.161999999999999922e+01 5.540579308892672117e+01
-1.159999999999999964e+01 5.479083997317876253e+01
-1.158000000000000007e+01 5.442076301264482652e+01
-1.156000000000000050e+01 5.434364791375757164e+01
-1.153999999999999915e+01 5.403190461390833121e+01
-1.151999999999999957e+01 5.396368477511575890e+01
-1.150000000000000000e+01 5.367090130539266113e+01
-1.148000000000000043e+01 5.357734955494279205e+01
-1.146000000000000085e+01 5.351077691481045662e+01
-1.143999999999999950e+01 5.314033718458755828e+01
-1.141999999999999993e+01 5.302782452445312344e+01
-1.140000000000000036e+01 5.174715201565798850e+01
-1.138000000000000078e+01 5.116114964303221768e+01
-1.135999999999999943e+01 5.105013304135322016e+01
-1.133999999999999986e+01 5.060940842014372265e+01
-1.132000000000000028e+01 5.051856890610493878e+01
-1.130000000000000071e+01 5.013170469416453301e+01
-1.127999999999999936e+01 5.001277578323635709e+01
-1.125999999999999979e+01 4.992729865859541150e+01
-1.124000000000000021e+01 4.946927744206966082e+01
-1.122000000000000064e+01 4.933334248466694305e+01
-1.119999999999999929e+01 4.786141492512788176e+01
-1.117999999999999972e+01 4.723275533464141773e+01
-1.116000000000000014e+01 4.711863426184125814e+01
-1.114000000000000057e+01 4.667189957859424254e+01
-1.111999999999999922e+01 4.658410175262343245e+01
-1.109999999999999964e+01 4.621416970473946151e+01
-1.108000000000000007e+01 4.610601574984956841e+01
-1.106000000000000050e+01 4.602695799934524246e+01
-1.103999999999999915e+01 4.563134631048868783e+01
-1.101999999999999957e+01 4.552050094027558202e+01
-1.100000000000000000e+01 4.450703312181168769e+01
-1.098000000000000043e+01 4.419556487236719988e+01
-1.096000000000000085e+01 4.415072960575224670e+01
-1.093999999999999950e+01 4.398649405598892770e+01
-1.091999999999999993e+01 4.396209483659013273e+01
-1.090000000000000036e+01 4.386475721364747216e+01
-1.088000000000000078e+01 4.384455000406622105e+01
-1.085999999999999943e+01 4.382805092281787296e+01
-1.083999999999999986e+01 4.378063099804369784e+01
-1.082000000000000028e+01 4.377173141887998753e+01
-1.080000000000000071e+01 4.378298263248404254e+01
-1.077999999999999936e+01 4.402816264034034077e+01
-1.075999999999999979e+01 4.406133260363868231e+01
-1.074000000000000021e+01 4.418532747313099662e+01
-1.072000000000000064e+01 4.421081513134207341e+01
-1.069999999999999929e+01 4.424546550355650254e+01
-1.067999999999999972e+01 4.436491013769929026e+01
-1.066000000000000014e+01 4.439332080714161322e+01
-1.064000000000000057e+01 4.453655871952906864e+01
-1.061999999999999922e+01 4.457305647369089741e+01
-1.059999999999999964e+01 4.476908157369597774e+01
-1.058000000000000007e+01 4.520221870865672287e+01
-1.056000000000000050e+01 4.524102288329171273e+01
-1.053999999999999915e+01 4.537084625095547352e+01
-1.051999999999999957e+01 4.539510664427397302e+01
-1.050000000000000000e+01 4.542883964617941217e+01
-1.048000000000000043e+01 4.553985809320752054e+01
-1.046000000000000085e+01 4.556596198827590172e+01
-1.043999999999999950e+01 4.569679673992551017e+01
-1.041999999999999993e+01 4.573003538065365348e+01
-1.040000000000000036e+01 4.591701279807948310e+01
-1.038000000000000078e+01 4.640754537682079217e+01
-1.035999999999999943e+01 4.645850121415038103e+01
-1.033999999999999986e+01 4.663895192689206937e+01
-1.032000000000000028e+01 4.667533633507554924e+01
-1.030000000000000071e+01 4.672498324581116691e+01
-1.027999999999999936e+01 4.689812668119210315e+01
-1.025999999999999979e+01 4.693933171116577796e+01
-1.024000000000000021e+01 4.715741617319680756e+01
-1.022000000000000064e+01 4.721367997211233813e+01
-1.019999999999999929e+01 4.754425278608638905e+01
-1.017999999999999972e+01 4.845642488095180056e+01
-1.016000000000000014e+01 4.855309608361240947e+01
-1.014000000000000057e+01 4.889769668699855742e+01
-1.011999999999999922e+01 4.896769030811368850e+01
-1.009999999999999964e+01 4.906302903456308684e+01
-1.008000000000000007e+01 4.939729328114147222e+01
-1.006000000000000050e+01 4.947693796712867709e+01
-1.003999999999999915e+01 4.989999816558331247e+01
-1.001999999999999957e+01 5.000929988262561210e+01
-1.000000000000000000e+01 5.064999676166482345e+01
-9.980000000000000426e+00 5.236098665855988088e+01
-9.960000000000000853e+00 5.253359802644723686e+01
-9.939999999999999503e+00 5.313401685780507222e+01
-9.919999999999999929e+00 5.325927582899628732e+01
-9.900000000000000355e+00 5.379257598499381743e+01
-9.880000000000000782e+00 5.395666981632705728e+01
-9.859999999999999432e+00 5.407481029769286351e+01
-9.839999999999999858e+00 5.470301690172352238e+01
-9.820000000000000284e+00 5.487503006279292350e+01
-9.800000000000000711e+00 5.626303425471380848e+01
-9.779999999999999361e+00 5.748999213448408341e+01
-9.759999999999999787e+00 5.762056297009213068e+01
-9.740000000000000213e+00 5.807409923145232256e+01
-9.720000000000000639e+00 5.814926196387285273e+01
-9.699999999999999289e+00 5.825726073371532010e+01
-9.679999999999999716e+00 5.857296086141357705e+01
-9.660000000000000142e+00 5.863867091454321212e+01
-9.640000000000000568e+00 5.892044169804835718e+01
-9.619999999999999218e+00 5.898923020908738835e+01
-9.599999999999999645e+00 5.933887251250604322e+01
-9.580000000000000071e+00 5.926522657126712801e+01
-9.560000000000000497e+00 5.923253998694792699e+01
-9.539999999999999147e+00 5.908712723498869224e+01
-9.519999999999999574e+00 5.904924645554522300e+01
-9.500000000000000000e+00 5.900034528891762164e+01
-9.480000000000000426e+00 5.880238819784705839e+01
-9.460000000000000853e+00 5.875392912839367909e+01
-9.439999999999999503e+00 5.847108284288869129e+01
-9.419999999999999929e+00 5.838003808111586324e+01
-9.400000000000000355e+00 5.722843015480636097e+01
-9.380000000000000782e+00 5.665708186775626842e+01
-9.359999999999999432e+00 5.654630198693580212e+01
-9.339999999999999858e+00 5.610475223024983649e+01
-9.320000000000000284e+00 5.601885268062915912e+01
-9.300000000000000711e+00 5.590058171075786220e+01
-9.279999999999999361e+00 5.550206073723275324e+01
-9.259999999999999787e+00 5.540782725294121747e+01
-9.240000000000000213e+00 5.493044754529876883e+01
-9.220000000000000639e+00 5.478678078771986293e+01
-9.199999999999999289e+00 5.316941918896377217e+01
-9.179999999999999716e+00 5.242059403200794776e+01
-9.160000000000000142e+00 5.227684287317178757e+01
-9.140000000000000568e+00 5.170394995384361181e+01
-9.119999999999999218e+00 5.159276758563827769e+01
-9.099999999999999645e+00 5.143960250090488273e+01
-9.080000000000000071e+00 5.092445212578427771e+01
-9.060000000000000497e+00 5.080263995075178229e+01
-9.039999999999999147e+00 5.018886975621842339e+01
-9.019999999999999574e+00 5.003251583734998320e+01
-9.000000000000000000e+00 4.917383466593673802e+01
-8.980000000000000426e+00 4.714120774123494328e+01
-8.960000000000000853e+00 4.698416624006193132e+01
-8.939999999999999503e+00 4.636844128822462352e+01
-8.919999999999999929e+00 4.624673277691888984e+01
-8.900000000000000355e+00 4.573297014738253097e+01
-8.880000000000000782e+00 4.558145535018743288e+01
-8.859999999999999432e+00 4.547108921367222223e+01
-8.839999999999999858e+00 4.491058885856441663e+01
-8.820000000000000284e+00 4.477052582474559728e+01
-8.800000000000000711e+00 4.406208769914149315e+01
-8.779999999999999361e+00 4.267426499910113336e+01
-8.759999999999999787e+00 4.256359524175322662e+01
-8.740000000000000213e+00 4.221473480492360864e+01
-8.720000000000000639e+00 4.215180082242495274e+01
-8.699999999999999289e+00 4.189015546480398200e+01
-8.679999999999999716e+00 4.181915125432092850e+01
-8.660000000000000142e+00 4.176614186820432195e+01
-8.640000000000000568e+00 4.152332256220527995e+01
-8.619999999999999218e+00 4.146474465634374695e+01
-8.599999999999999645e+00 4.121155600949921904e+01
-8.580000000000000071e+00 4.092165357116616775e+01
-8.560000000000000497e+00 4.091520901269353772e+01
-8.539999999999999147e+00 4.092206911822445647e+01
-8.519999999999999574e+00 4.093203277372793281e+01
-8.500000000000000000e+00 4.098080050879057268e+01
-8.480000000000000426e+00 4.100508310605450646e+01
-8.460000000000000853e+00 4.102053944394040741e+01
-8.439999999999999503e+00 4.114511499782435777e+01
-8.419999999999999929e+00 4.117987245208892233e+01
-8.400000000000000355e+00 4.143900646626296691e+01
-8.380000000000000782e+00 4.236731258914159781e+01
-8.359999999999999432e+00 4.247489013023054127e+01
-8.339999999999999858e+00 4.286701204707861024e+01
-8.320000000000000284e+00 4.295405854489867892e+01
-8.300000000000000711e+00 4.332862073486423071e+01
-8.279999999999999361e+00 4.344964595998629164e+01
-8.259999999999999787e+00 4.353550063065390674e+01
-8.240000000000000213e+00 4.401883037578887325e+01
-8.220000000000000639e+00 4.416644460070371281e+01
-8.199999999999999289e+00 4.586226201242754286e+01
-8.179999999999999716e+00 4.663253369865920916e+01
-8.160000000000000142e+00 4.677641943757367216e+01
-8.140000000000000568e+00 4.734432605955593232e+01
-8.119999999999999218e+00 4.745131346095418223e+01
-8.099999999999999645e+00 4.759982588905278789e+01
-8.080000000000000071e+00 4.808563195999791162e+01
-8.060000000000000497e+00 4.819984652459716301e+01
-8.039999999999999147e+00 4.875607103667039155e+01
-8.019999999999999574e+00 4.891856129890432214e+01
-8.000000000000000000e+00 5.061263035632467222e+01
-7.980000000000000426e+00 5.131575288487000108e+01
-7.959999999999999964e+00 5.144398916329581795e+01
-7.940000000000000391e+00 5.194951371501687731e+01
-7.919999999999999929e+00 5.204412201945626748e+01
-7.900000000000000355e+00 5.217564243523079881e+01
-7.879999999999999893e+00 5.260626759953345299e+01
-7.860000000000000320e+00 5.270749342660688797e+01
-7.839999999999999858e+00 5.320542330042899692e+01
-7.820000000000000284e+00 5.335232944211008999e+01
-7.799999999999999822e+00 5.493009133870439342e+01
-7.780000000000000249e+00 5.560903933034145297e+01
-7.759999999999999787e+00 5.573369024164544783e+01
-7.740000000000000213e+00 5.622360313276573152e+01
-7.719999999999999751e+00 5.631450184420693006e+01
-7.700000000000000178e+00 5.644118078257226756e+01
-7.679999999999999716e+00 5.684881108214072754e+01
-7.660000000000000142e+00 5.694438420746742224e+01
-7.639999999999999680e+00 5.739610871229299960e+01
-7.620000000000000107e+00 5.752385388572717773e+01
-7.599999999999999645e+00 5.871880831390731714e+01
-7.580000000000000071e+00 5.908675429764328868e+01
-7.559999999999999609e+00 5.913750574302878249e+01
-7.540000000000000036e+00 5.931799348946533712e+01
-7.519999999999999574e+00 5.933972105649863238e+01
-7.500000000000000000e+00 5.937425588013132227e+01
-7.480000000000000426e+00 5.943604050845873843e+01
-7.459999999999999964e+00 5.944811941307513337e+01
-7.440000000000000391e+00 5.943044958637513275e+01
-7.419999999999999929e+00 5.942028981249413988e+01
-7.400000000000000355e+00 5.923549634757097238e+01
-7.379999999999999893e+00 5.820691606116110250e+01
-7.360000000000000320e+00 5.807302586489095830e+01
-7.339999999999999858e+00 5.757025084812816829e+01
-7.320000000000000284e+00 5.745526923576539957e+01
-7.299999999999999822e+00 5.695907943613566005e+01
-7.280000000000000249e+00 5.679641877897314117e+01
-7.259999999999999787e+00 5.668134969913977272e+01
-7.240000000000000213e+00 5.602714577398327833e+01
-7.219999999999999751e+00 5.585801427914675088e+01
-7.200000000000000178e+00 5.489401588748132355e+01
-7.179999999999999716e+00 5.256821371464185688e+01
-7.160000000000000142e+00 5.235538596891196761e+01
-7.139999999999999680e+00 5.164499063203705020e+01
-7.120000000000000107e+00 5.150634472233853245e+01
-7.099999999999999645e+00 5.092311863722147791e+01
-7.080000000000000071e+00 5.075384227008630234e+01
-7.059999999999999609e+00 5.062986314339735827e+01
-7.040000000000000036e+00 5.001425756330488781e+01
-7.019999999999999574e+00 4.986154059324235988e+01
-7.000000000000000000e+00 4.911572154648420252e+01
-6.980000000000000426e+00 4.777874327497391249e+01
-6.959999999999999964e+00 4.768040171201683819e+01
-6.940000000000000391e+00 4.738200727446842109e+01
-6.919999999999999929e+00 4.733109088274898824e+01
-6.900000000000000355e+00 4.712085163891706685e+01
-6.879999999999999893e+00 4.706628370739964851e+01
-6.860000000000000320e+00 4.702511896425018278e+01
-6.839999999999999858e+00 4.684468352601643915e+01
-6.820000000000000284e+00 4.680195203136155868e+01
-6.799999999999999822e+00 4.662303879626711023e+01
-6.780000000000000249e+00 4.638963491464313904e+01
-6.759999999999999787e+00 4.637645498099463737e+01
-6.740000000000000213e+00 4.634202439168944210e+01
-6.719999999999999751e+00 4.633761122777178798e+01
-6.700000000000000178e+00 4.633076797208798325e+01
-6.679999999999999716e+00 4.631480957851464098e+01
-6.660000000000000142e+00 4.631174281777587964e+01
-6.639999999999999680e+00 4.630281625938089007e+01
-6.620000000000000107e+00 4.630145925610658253e+01
-6.599999999999999645e+00 4.631617531675981070e+01
-6.580000000000000071e+00 4.633378592645392757e+01
-6.559999999999999609e+00 4.633742809350584224e+01
-6.540000000000000036e+00 4.635139948997944970e+01
-6.519999999999999574e+00 4.635382476172829058e+01
-6.500000000000000000e+00 4.635727587800266036e+01
-6.480000000000000426e+00 4.636642520254878264e+01
-6.459999999999999964e+00 4.636850653001341271e+01
-6.440000000000000391e+00 4.637279283866814694e+01
-6.419999999999999929e+00 4.637223627795288650e+01
-6.400000000000000355e+00 4.630744054562234169e+01
-6.379999999999999893e+00 4.623229344985652745e+01
-6.360000000000000320e+00 4.621343454734134326e+01
-6.339999999999999858e+00 4.613426508467105691e+01
-6.320000000000000284e+00 4.611643619810858752e+01
-6.299999999999999822e+00 4.609271438083244732e+01
-6.280000000000000249e+00 4.600469747324684278e+01
-6.259999999999999787e+00 4.598343830859653281e+01
-6.240000000000000213e+00 4.586898848883423341e+01
-6.219999999999999751e+00 4.583461138581265715e+01
-6.200000000000000178e+00 4.547397809709875816e+01
-6.179999999999999716e+00 4.536936947989966740e+01
-6.160000000000000142e+00 4.535924234151426759e+01
-6.139999999999999680e+00 4.533235597924959848e+01
-6.120000000000000107e+00 4.533517000628919646e+01
-6.099999999999999645e+00 4.533623682511105812e+01
-6.080000000000000071e+00 4.537570733378795040e+01
-6.059999999999999609e+00 4.538666415814776656e+01
-6.040000000000000036e+00 4.549863384191146309e+01
-6.019999999999999574e+00 4.554439061749202722e+01
-6.000000000000000000e+00 4.638660827314971158e+01
-5.980000000000000426e+00 4.695559138950429201e+01
-5.959999999999999964e+00 4.707774962298106658e+01
-5.940000000000000391e+00 4.757309036065164776e+01
-5.919999999999999929e+00 4.768252987844135760e+01
-5.900000000000000355e+00 4.815159373465885295e+01
-5.879999999999999893e+00 4.830090789817342767e+01
-5.860000000000000320e+00 4.840756257425721998e+01
-5.839999999999999858e+00 4.899177349967757777e+01
-5.820000000000000284e+00 4.914131805495915728e+01
-5.799999999999999822e+00 4.995069073833938234e+01
-5.780000000000000249e+00 5.166106588863090110e+01
-5.759999999999999787e+00 5.179824487062022342e+01
-5.740000000000000213e+00 5.222785848828448252e+01
-5.719999999999999751e+00 5.230268665733098743e+01
-5.700000000000000178e+00 5.261047596399235715e+01
-5.679999999999999716e+00 5.268954658699421856e+01
-5.660000000000000142e+00 5.274971401433433726e+01
-5.639999999999999680e+00 5.300249667127828701e+01
-5.620000000000000107e+00 5.306139050078620301e+01
-5.599999999999999645e+00 5.327296407674207757e+01
-5.580000000000000071e+00 5.333810015788382231e+01
-5.559999999999999609e+00 5.332267626266060034e+01
-5.540000000000000036e+00 5.324592674589106167e+01
-5.519999999999999574e+00 5.322540716762434698e+01
-5.500000000000000000e+00 5.313683477578708647e+01
-5.480000000000000426e+00 5.310704979316101770e+01
-5.459999999999999964e+00 5.308586697615786676e+01
-5.440000000000000391e+00 5.296837971090327812e+01
-5.419999999999999929e+00 5.293816044739387650e+01
-5.400000000000000355e+00 5.278229396307637700e+01
-5.379999999999999893e+00 5.251216038672548336e+01
-5.360000000000000320e+00 5.249475282579769697e+01
-5.339999999999999858e+00 5.244576415902029254e+01
-5.320000000000000284e+00 5.243846556826967742e+01
-5.299999999999999822e+00 5.240865507705891702e+01
-5.280000000000000249e+00 5.240157430594096155e+01
-5.259999999999999787e+00 5.239619401749057204e+01
-5.240000000000000213e+00 5.237304697739023851e+01
-5.219999999999999751e+00 5.236639815356595307e+01
-5.200000000000000178e+00 5.228259962735904764e+01
-5.179999999999999716e+00 5.222000213021337345e+01
-5.160000000000000142e+00 5.220505427449092650e+01
-5.139999999999999680e+00 5.214279453088685301e+01
-5.120000000000000107e+00 5.212909042665582859e+01
-5.099999999999999645e+00 5.211076212953476272e+01
-5.080000000000000071e+00 5.204403414724760069e+01
-5.059999999999999609e+00 5.202796618788440242e+01
-5.040000000000000036e+00 5.194351370637320287e+01
-5.019999999999999574e+00 5.191854640906154117e+01
-5.000000000000000000e+00 5.166786865759770819e+01
-4.980000000000000426e+00 5.159817516751166266e+01
-4.959999999999999964e+00 5.159103150768496704e+01
-4.940000000000000391e+00 5.156981825486238336e+01
-4.919999999999999929e+00 5.157005223089979751e+01
-4.900000000000000355e+00 5.156886734798297311e+01
-4.879999999999999893e+00 5.158240685638129008e+01
-4.860000000000000320e+00 5.158645561322949646e+01
-4.839999999999999858e+00 5.163049660849255673e+01
-4.820000000000000284e+00 5.164783505222793991e+01
-4.799999999999999822e+00 5.193832692372978954e+01
-4.780000000000000249e+00 5.209822395967803743e+01
-4.759999999999999787e+00 5.212798588917392095e+01
-4.740000000000000213e+00 5.224274152457127229e+01
-4.719999999999999751e+00 5.226288093869315077e+01
-4.700000000000000178e+00 5.229139547402689203e+01
-4.679999999999999716e+00 5.237528986966540856e+01
-4.660000000000000142e+00 5.239461933728549781e+01
-4.639999999999999680e+00 5.246932510132369032e+01
-4.620000000000000107e+00 5.248616238926302913e+01
-4.599999999999999645e+00 5.251141826476086294e+01
-4.580000000000000071e+00 5.241670830683965221e+01
-4.559999999999999609e+00 5.238912332947749917e+01
-4.540000000000000036e+00 5.227080044701349237e+01
-4.519999999999999574e+00 5.224258092086653704e+01
-4.500000000000000000e+00 5.220550131713702768e+01
-4.480000000000000426e+00 5.206176510513604683e+01
-4.459999999999999964e+00 5.202685028443831072e+01
-4.440000000000000391e+00 5.182762719441186761e+01
-4.419999999999999929e+00 5.177517175814382711e+01
-4.400000000000000355e+00 5.145503152072358688e+01
-4.379999999999999893e+00 5.057804295590877075e+01
-4.360000000000000320e+00 5.048942154266666194e+01
-4.339999999999999858e+00 5.018069100492827062e+01
-4.320000000000000284e+00 5.011603229576454055e+01
-4.299999999999999822e+00 4.984013525953287882e+01
-4.280000000000000249e+00 4.975444604005374316e+01
-4.259999999999999787e+00 4.969302299435536696e+01
-4.240000000000000213e+00 4.936050547769522723e+01
-4.219999999999999751e+00 4.927579329324365887e+01
-4.200000000000000178e+00 4.880936371990436129e+01
-4.179999999999999716e+00 4.770734335302226725e+01
-4.160000000000000142e+00 4.760527324326473320e+01
-4.139999999999999680e+00 4.726200640438037226e+01
-4.120000000000000107e+00 4.719386621980793706e+01
-4.099999999999999645e+00 4.690628320570162657e+01
-4.080000000000000071e+00 4.682149207807845670e+01
-4.059999999999999609e+00 4.675965910629987832e+01
-4.040000000000000036e+00 4.644726078251643742e+01
-4.019999999999999574e+00 4.636927889552163151e+01
-4.000000000000000000e+00 4.598252393947007732e+01
-3.979999999999999982e+00 4.529361009709568719e+01
-3.959999999999999964e+00 4.524601837479915645e+01
-3.939999999999999947e+00 4.510824156173128330e+01
-3.919999999999999929e+00 4.508743331776025798e+01
-3.899999999999999911e+00 4.500412229285917221e+01
-3.879999999999999893e+00 4.498632910549446962e+01
-3.859999999999999876e+00 4.497195693647491055e+01
-3.839999999999999858e+00 4.492777083127560900e+01
-3.819999999999999840e+00 4.491907982328672233e+01
-3.799999999999999822e+00 4.491856695492187157e+01
-3.779999999999999805e+00 4.508049511457146252e+01
-3.759999999999999787e+00 4.510050654143088167e+01
-3.740000000000000213e+00 4.518083534393230849e+01
-3.720000000000000195e+00 4.519700281858438728e+01
-3.700000000000000178e+00 4.521909856595343058e+01
-3.680000000000000160e+00 4.529501515022523961e+01
-3.660000000000000142e+00 4.531148992296485289e+01
-3.640000000000000124e+00 4.539918081209727774e+01
-3.620000000000000107e+00 4.542137190352330833e+01
-3.600000000000000089e+00 4.554143833060374646e+01
-3.580000000000000071e+00 4.585453663059305285e+01
-3.560000000000000053e+00 4.588541414777243688e+01
-3.540000000000000036e+00 4.601434127260087337e+01
-3.520000000000000018e+00 4.604281871168974760e+01
-3.500000000000000000e+00 4.608082358248743304e+01
-3.479999999999999982e+00 4.622611594520677869e+01
-3.459999999999999964e+00 4.626121137188646770e+01
-3.439999999999999947e+00 4.646970332401603798e+01
-3.419999999999999929e+00 4.652501969115572678e+01
-3.399999999999999911e+00 4.689256737591419721e+01
-3.379999999999999893e+00 4.810575373912560337e+01
-3.359999999999999876e+00 4.824393573049628259e+01
-3.339999999999999858e+00 4.874515884331758997e+01
-3.319999999999999840e+00 4.884799832491844995e+01
-3.299999999999999822e+00 4.898778162699567673e+01
-3.279999999999999805e+00 4.947647947179879679e+01
-3.259999999999999787e+00 4.959299098826353713e+01
-3.240000000000000213e+00 5.019886992125788794e+01
-3.220000000000000195e+00 5.035466814980740224e+01
-3.200000000000000178e+00 5.122648756580994700e+01
-3.180000000000000160e+00 5.325818034633218900e+01
-3.160000000000000142e+00 5.343877737166346975e+01
-3.140000000000000124e+00 5.403357033890301864e+01
-3.120000000000000107e+00 5.413938023819581247e+01
-3.100000000000000089e+00 5.428849790473933012e+01
-3.080000000000000071e+00 5.474872009543687312e+01
-3.060000000000000053e+00 5.485562952162585049e+01
-3.040000000000000036e+00 5.533245756399492166e+01
-3.020000000000000018e+00 5.546189858513402271e+01
-3.000000000000000000e+00 5.653427786937685795e+01
-2.979999999999999982e+00 5.679949919278948300e+01
-2.959999999999999964e+00 5.683053317018514861e+01
-2.939999999999999947e+00 5.693635095146827751e+01
-2.919999999999999929e+00 5.694606223674279022e+01
-2.899999999999999911e+00 5.697940422615776868e+01
-2.879999999999999893e+00 5.697759976850488783e+01
-2.859999999999999876e+00 5.697873301864456863e+01
-2.839999999999999858e+00 5.693436473806983855e+01
-2.819999999999999840e+00 5.691926714213703775e+01
-2.799999999999999822e+00 5.676181402778144758e+01
-2.779999999999999805e+00 5.608587435648564679e+01
-2.759999999999999787e+00 5.600457047385380349e+01
-2.740000000000000213e+00 5.570535170870611097e+01
-2.720000000000000195e+00 5.563834061579436963e+01
-2.700000000000000178e+00 5.534958050135585239e+01
-2.680000000000000160e+00 5.525565665472596777e+01
-2.660000000000000142e+00 5.518917393482877998e+01
-2.640000000000000124e+00 5.481173609610630848e+01
-2.620000000000000107e+00 5.471425711278435244e+01
-2.600000000000000089e+00 5.415218224317536055e+01
-2.580000000000000071e+00 5.272467745773568737e+01
-2.560000000000000053e+00 5.258662060584131126e+01
-2.540000000000000036e+00 5.211431034314522037e+01
-2.520000000000000018e+00 5.201819998332641859e+01
-2.500000000000000000e+00 5.161066976124588024e+01
-2.479999999999999982e+00 5.148770709599172335e+01
-2.459999999999999964e+00 5.139870164962761834e+01
-2.439999999999999947e+00 5.093523184179292684e+01
-2.419999999999999929e+00 5.081847801450736313e+01
-2.399999999999999911e+00 5.021141591661331915e+01
-2.379999999999999893e+00 4.896281089274390297e+01
-2.359999999999999876e+00 4.885987770187929158e+01
-2.339999999999999858e+00 4.853045755407990924e+01
-2.319999999999999840e+00 4.847371772985294314e+01
-2.299999999999999822e+00 4.839308036317098072e+01
-2.279999999999999805e+00 4.814928425529394218e+01
-2.259999999999999787e+00 4.809296505186745918e+01
-2.240000000000000213e+00 4.784457940233043871e+01
-2.220000000000000195e+00 4.778392171397703692e+01
-2.200000000000000178e+00 4.750020902983064985e+01
-2.180000000000000160e+00 4.701361570306278281e+01
-2.160000000000000142e+00 4.697715690664168164e+01
-2.140000000000000124e+00 4.686437133214852224e+01
-2.120000000000000107e+00 4.684398476411946177e+01
-2.100000000000000089e+00 4.675862484223785742e+01
-2.080000000000000071e+00 4.673478189544709949e+01
-2.060000000000000053e+00 4.671721003159274233e+01
-2.040000000000000036e+00 4.663200519065998151e+01
-2.020000000000000018e+00 4.660836137180221073e+01
-2.000000000000000000e+00 4.639162869804327727e+01
-1.979999999999999982e+00 4.596024295026265349e+01
-1.959999999999999964e+00 4.558779701150387353e+01
-1.939999999999999947e+00 4.519222025975278711e+01
-1.919999999999999929e+00 4.482584585619960649e+01
-1.899999999999999911e+00 4.445716648212219724e+01
-1.879999999999999893e+00 4.408642841995118289e+01
-1.860000000000000098e+00 4.372242074846906235e+01
-1.840000000000000080e+00 4.337090911538501103e+01
-1.820000000000000062e+00 4.301560584499222983e+01
-1.800000000000000044e+00 4.284891872393063750e+01
-1.780000000000000027e+00 4.264475000912855052e+01
-1.760000000000000009e+00 4.231436255997979856e+01
-1.739999999999999991e+00 4.209745281081494284e+01
-1.719999999999999973e+00 4.176032094477938728e+01
-1.699999999999999956e+00 4.143436305326245161e+01
-1.679999999999999938e+00 4.121727182654407073e+01
-1.659999999999999920e+00 4.088254719344224242e+01
-1.639999999999999902e+00 4.070470806907105299e+01
-1.620000000000000107e+00 4.038072263449551258e+01
-1.600000000000000089e+00 4.029115937728924735e+01
-1.580000000000000071e+00 4.059912729027747247e+01
-1.560000000000000053e+00 4.027258926200998701e+01
-1.540000000000000036e+00 4.008462107041898292e+01
-1.520000000000000018e+00 3.973090071454554106e+01
-1.500000000000000000e+00 3.949519952150485125e+01
-1.479999999999999982e+00 3.914389118942364121e+01
-1.459999999999999964e+00 3.878175069726240309e+01
-1.439999999999999947e+00 3.853233027417663692e+01
-1.419999999999999929e+00 3.817125953230709712e+01
-1.399999999999999911e+00 3.792516209273036765e+01
-1.379999999999999893e+00 3.770016208187430351e+01
-1.360000000000000098e+00 3.730387344976075781e+01
-1.340000000000000080e+00 3.690625826589076297e+01
-1.320000000000000062e+00 3.650211087596463955e+01
-1.300000000000000044e+00 3.608807114577062691e+01
-1.280000000000000027e+00 3.568053384390641725e+01
-1.260000000000000009e+00 3.527511570442089806e+01
-1.239999999999999991e+00 3.484499969328383173e+01
-1.219999999999999973e+00 3.443520996668016920e+01
-1.199999999999999956e+00 3.394413756558930828e+01
-1.179999999999999938e+00 3.353590189407456279e+01
-1.159999999999999920e+00 3.314006553345735284e+01
-1.139999999999999902e+00 3.275910560091792689e+01
-1.120000000000000107e+00 3.236663570080762753e+01
-1.100000000000000089e+00 3.197560315993089830e+01
-1.080000000000000071e+00 3.161678149475558897e+01
-1.060000000000000053e+00 3.122688399949236882e+01
-1.040000000000000036e+00 3.089623188087745831e+01
-1.020000000000000018e+00 3.051891408005758066e+01
-1.000000000000000000e+00 3.047320061061155982e+01
-9.799999999999999822e-01 3.025929883522119113e+01
-9.599999999999999645e-01 2.988297730494841886e+01
-9.399999999999999467e-01 2.961548348875247072e+01
-9.200000000000000400e-01 2.922682751516164146e+01
-9.000000000000000222e-01 2.893123975256638047e+01
-8.800000000000000044e-01 2.854468050234005005e+01
-8.599999999999999867e-01 2.814891610909095832e+01
-8.399999999999999689e-01 2.784962735667716061e+01
-8.199999999999999512e-01 2.745833849729493892e+01
-8.000000000000000444e-01 2.730790061752072972e+01
-7.800000000000000266e-01 2.693469165282299826e+01
-7.600000000000000089e-01 2.650529068525251830e+01
-7.399999999999999911e-01 2.608472242467454905e+01
-7.199999999999999734e-01 2.564913350364003009e+01
-6.999999999999999556e-01 2.521442689787921054e+01
-6.800000000000000488e-01 2.476800059508656915e+01
-6.600000000000000311e-01 2.433020818191506152e+01
-6.400000000000000133e-01 2.386632694824895040e+01
-6.199999999999999956e-01 2.342439974474656950e+01
-5.999999999999999778e-01 2.293060871845338866e+01
-5.799999999999999600e-01 2.231477535836697967e+01
-5.600000000000000533e-01 2.187257990239308114e+01
-5.400000000000000355e-01 2.138886385055518957e+01
-5.200000000000000178e-01 2.095678607787159109e+01
-5.000000000000000000e-01 2.052030066043700884e+01
-4.799999999999999822e-01 2.005597855733619994e+01
-4.600000000000000200e-01 1.962662504816308129e+01
-4.400000000000000022e-01 1.916322917459510933e+01
-4.199999999999999845e-01 1.873402744070082093e+01
-4.000000000000000222e-01 1.819930113392014093e+01
-3.800000000000000044e-01 1.774117535293617109e+01
-3.599999999999999867e-01 1.732526211921762993e+01
-3.400000000000000244e-01 1.688410173965041139e+01
-3.200000000000000067e-01 1.647307205845278943e+01
-2.999999999999999889e-01 1.605949146424065077e+01
-2.800000000000000266e-01 1.562882131330129987e+01
-2.600000000000000089e-01 1.522020782595551935e+01
-2.399999999999999911e-01 1.478818533085648923e+01
-2.200000000000000011e-01 1.437984216421588002e+01
-2.000000000000000111e-01 1.387943363316622936e+01
-1.799999999999999933e-01 1.344540631916773066e+01
-1.600000000000000033e-01 1.305551292313800005e+01
-1.400000000000000133e-01 1.264594743365439022e+01
-1.199999999999999956e-01 1.226410794425106054e+01
-1.000000000000000056e-01 1.186884110360730915e+01
-8.000000000000000167e-02 1.149244930862380087e+01
-5.999999999999999778e-02 1.111676370761039045e+01
-4.000000000000000083e-02 1.073779698919140912e+01
-2.000000000000000042e-02 1.036771417086223046e+01
-1.459349999999999989e-16 1.000000000000001066e+01
