-2.400000000000000000e+01 1.000418166659216919e-09
-2.300000000000000000e+01 1.054714965812788974e-09
-2.200000000000000000e+01 1.078975341032644061e-09
-2.100000000000000000e+01 1.082795174357277083e-09
-2.000000000000000000e+01 1.066479346383870994e-09
-1.900000000000000000e+01 1.031605954001989004e-09
-1.800000000000000000e+01 9.739191824574890287e-10
-1.700000000000000000e+01 8.973436986064430998e-10
-1.698000000000000043e+01 8.955962057560501512e-10
-1.696000000000000085e+01 8.938285269080581901e-10
-1.694000000000000128e+01 8.920438585738630580e-10
-1.692000000000000171e+01 8.902419938407233430e-10
-1.689999999999999858e+01 8.884243776704540363e-10
-1.687999999999999901e+01 8.865904063171866712e-10
-1.685999999999999943e+01 8.847396030627506417e-10
-1.683999999999999986e+01 8.828722413569482529e-10
-1.682000000000000028e+01 8.809865219852893894e-10
-1.680000000000000071e+01 8.790832120108549323e-10
-1.678000000000000114e+01 8.771578361676960992e-10
-1.676000000000000156e+01 8.752080239865233323e-10
-1.673999999999999844e+01 8.732336140065275126e-10
-1.671999999999999886e+01 8.712334164502547317e-10
-1.669999999999999929e+01 8.692060722566294733e-10
-1.667999999999999972e+01 8.671502531406716367e-10
-1.666000000000000014e+01 8.650644400640381907e-10
-1.664000000000000057e+01 8.629463548859844221e-10
-1.662000000000000099e+01 8.607946521396929222e-10
-1.660000000000000142e+01 8.586041801049367748e-10
-1.657999999999999829e+01 8.563771027813911906e-10
-1.655999999999999872e+01 8.541232252869665711e-10
-1.653999999999999915e+01 8.518361069593778165e-10
-1.651999999999999957e+01 8.495187666703330054e-10
-1.650000000000000000e+01 8.471674940684724033e-10
-1.648000000000000043e+01 8.447821158251236880e-10
-1.646000000000000085e+01 8.423641472718811578e-10
-1.644000000000000128e+01 8.399088577731038904e-10
-1.642000000000000171e+01 8.374199115177783013e-10
-1.639999999999999858e+01 8.348879742266307685e-10
-1.637999999999999901e+01 8.323261596959337994e-10
-1.635999999999999943e+01 8.297525635713383185e-10
-1.633999999999999986e+01 8.271565504066308241e-10
-1.632000000000000028e+01 8.245414377837597301e-10
-1.630000000000000071e+01 8.219033204962207160e-10
-1.628000000000000114e+01 8.192438684818864120e-10
-1.626000000000000156e+01 8.165635346176224760e-10
-1.623999999999999844e+01 8.138599064565558818e-10
-1.621999999999999886e+01 8.111362871968820514e-10
-1.619999999999999929e+01 8.083889242647743738e-10
-1.617999999999999972e+01 8.056255227558454104e-10
-1.616000000000000014e+01 8.028472845152225061e-10
-1.614000000000000057e+01 8.000516969590596615e-10
-1.612000000000000099e+01 7.972381130008214107e-10
-1.610000000000000142e+01 7.944060744973239339e-10
-1.607999999999999829e+01 7.915552977670597013e-10
-1.605999999999999872e+01 7.886855113474114040e-10
-1.603999999999999915e+01 7.857969568175008842e-10
-1.601999999999999957e+01 7.828892531460798625e-10
-1.600000000000000000e+01 7.799632515613636509e-10
-1.598000000000000043e+01 7.770175878873253854e-10
-1.596000000000000085e+01 7.740512219175175556e-10
-1.593999999999999950e+01 7.710653923969830354e-10
-1.591999999999999993e+01 7.680607405518217209e-10
-1.590000000000000036e+01 7.650379874836167124e-10
-1.588000000000000078e+01 7.619979353812861721e-10
-1.585999999999999943e+01 7.589415307766667181e-10
-1.583999999999999986e+01 7.558694857304467800e-10
-1.582000000000000028e+01 7.527830703179383315e-10
-1.580000000000000071e+01 7.496823905830962991e-10
-1.577999999999999936e+01 7.465705814018098903e-10
-1.575999999999999979e+01 7.434504347176285867e-10
-1.574000000000000021e+01 7.403223107306044178e-10
-1.572000000000000064e+01 7.371878518463688209e-10
-1.569999999999999929e+01 7.340480319129697063e-10
-1.567999999999999972e+01 7.309041694460437556e-10
-1.566000000000000014e+01 7.277576821873927745e-10
-1.564000000000000057e+01 7.246096970506438410e-10
-1.561999999999999922e+01 7.214616543309381035e-10
-1.559999999999999964e+01 7.183151524735447193e-10
-1.558000000000000007e+01 7.151710030594114862e-10
-1.556000000000000050e+01 7.120279686035710867e-10
-1.553999999999999915e+01 7.088878454307645766e-10
-1.551999999999999957e+01 7.057504958541252978e-10
-1.550000000000000000e+01 7.026173734775650768e-10
-1.548000000000000043e+01 6.994886707045684584e-10
-1.546000000000000085e+01 6.963648839985165178e-10
-1.543999999999999950e+01 6.932475311201017265e-10
-1.541999999999999993e+01 6.901362566137300333e-10
-1.540000000000000036e+01 6.870341152589837183e-10
-1.538000000000000078e+01 6.839381434442507248e-10
-1.535999999999999943e+01 6.808427630713705101e-10
-1.533999999999999986e+01 6.777515433247275640e-10
-1.532000000000000028e+01 6.746631617848940884e-10
-1.530000000000000071e+01 6.715791680670830103e-10
-1.527999999999999936e+01 6.684994628062363783e-10
-1.525999999999999979e+01 6.654232080405548091e-10
-1.524000000000000021e+01 6.623519598307448230e-10
-1.522000000000000064e+01 6.592838919824814210e-10
-1.519999999999999929e+01 6.562225676021975918e-10
-1.517999999999999972e+01 6.531604169359264069e-10
-1.516000000000000014e+01 6.500919508821562531e-10
-1.514000000000000057e+01 6.470195644310277768e-10
-1.511999999999999922e+01 6.439408166694031557e-10
-1.509999999999999964e+01 6.408558892541237873e-10
-1.508000000000000007e+01 6.377626371608894405e-10
-1.506000000000000050e+01 6.346592362992990783e-10
-1.503999999999999915e+01 6.315448830653570190e-10
-1.501999999999999957e+01 6.284162679239756173e-10
-1.500000000000000000e+01 6.252726935716540523e-10
-1.498000000000000043e+01 6.221092608348921560e-10
-1.496000000000000085e+01 6.189228367213545653e-10
-1.493999999999999950e+01 6.157123225345247535e-10
-1.491999999999999993e+01 6.124760913506369372e-10
-1.490000000000000036e+01 6.092119269364699342e-10
-1.488000000000000078e+01 6.059180392248344359e-10
-1.485999999999999943e+01 6.025924718059324832e-10
-1.483999999999999986e+01 5.992326354825456952e-10
-1.482000000000000028e+01 5.958371147574158981e-10
-1.480000000000000071e+01 5.924017084048557134e-10
-1.477999999999999936e+01 5.889286165371287272e-10
-1.475999999999999979e+01 5.854195921886903957e-10
-1.474000000000000021e+01 5.818707200736234996e-10
-1.472000000000000064e+01 5.782813227557153801e-10
-1.469999999999999929e+01 5.746485480179857398e-10
-1.467999999999999972e+01 5.709706000839112993e-10
-1.466000000000000014e+01 5.672460790322344506e-10
-1.464000000000000057e+01 5.634718867434966986e-10
-1.461999999999999922e+01 5.596470025733949725e-10
-1.459999999999999964e+01 5.557674382346172872e-10
-1.458000000000000007e+01 5.518340235611937572e-10
-1.456000000000000050e+01 5.478486179849200748e-10
-1.453999999999999915e+01 5.438071625239380196e-10
-1.451999999999999957e+01 5.397089047712827749e-10
-1.450000000000000000e+01 5.355515596388173730e-10
-1.448000000000000043e+01 5.313346402970206591e-10
-1.446000000000000085e+01 5.270577773546126806e-10
-1.443999999999999950e+01 5.227202413740161334e-10
-1.441999999999999993e+01 5.183236791272066627e-10
-1.440000000000000036e+01 5.138675769842801002e-10
-1.438000000000000078e+01 5.093583646871439998e-10
-1.435999999999999943e+01 5.048019061629918097e-10
-1.433999999999999986e+01 5.002001365011716884e-10
-1.432000000000000028e+01 4.955579845871785702e-10
-1.430000000000000071e+01 4.908799390982404795e-10
-1.427999999999999936e+01 4.861717317951233158e-10
-1.425999999999999979e+01 4.814397798254427598e-10
-1.424000000000000021e+01 4.766907545313905898e-10
-1.422000000000000064e+01 4.719317388214857332e-10
-1.419999999999999929e+01 4.671707343231446959e-10
-1.417999999999999972e+01 4.624136617077285680e-10
-1.416000000000000014e+01 4.576667639606601698e-10
-1.414000000000000057e+01 4.529372424386399584e-10
-1.411999999999999922e+01 4.482317423882782663e-10
-1.409999999999999964e+01 4.435564509578110658e-10
-1.408000000000000007e+01 4.389175139133672752e-10
-1.406000000000000050e+01 4.343205480129343507e-10
-1.403999999999999915e+01 4.297698029224621852e-10
-1.401999999999999957e+01 4.252706223584140822e-10
-1.400000000000000000e+01 4.208226861007065643e-10
-1.398000000000000043e+01 4.164352708310753748e-10
-1.396000000000000085e+01 4.121270337965020758e-10
-1.393999999999999950e+01 4.078960884166745770e-10
-1.391999999999999993e+01 4.037529187224774536e-10
-1.390000000000000036e+01 3.996998164119204585e-10
-1.388000000000000078e+01 3.957438622544006784e-10
-1.385999999999999943e+01 3.918949480772795717e-10
-1.383999999999999986e+01 3.881554244456997794e-10
-1.382000000000000028e+01 3.845394796908656556e-10
-1.380000000000000071e+01 3.810432297184407737e-10
-1.377999999999999936e+01 3.777013925048344549e-10
-1.375999999999999979e+01 3.745417483286956558e-10
-1.374000000000000021e+01 3.715678970725657734e-10
-1.372000000000000064e+01 3.688011583534746630e-10
-1.369999999999999929e+01 3.662569009139763424e-10
-1.367999999999999972e+01 3.639581531368962873e-10
-1.366000000000000014e+01 3.619333001840586750e-10
-1.364000000000000057e+01 3.602091221833883585e-10
-1.361999999999999922e+01 3.588242135291729548e-10
-1.359999999999999964e+01 3.578147518263557447e-10
-1.358000000000000007e+01 3.572311182759223811e-10
-1.356000000000000050e+01 3.571229908932928525e-10
-1.353999999999999915e+01 3.575384966775655582e-10
-1.351999999999999957e+01 3.585269370422421858e-10
-1.350000000000000000e+01 3.601307606641049539e-10
-1.348000000000000043e+01 3.623741055708061626e-10
-1.346000000000000085e+01 3.652413652702910910e-10
-1.343999999999999950e+01 3.686380510442608567e-10
-1.341999999999999993e+01 3.723418561535436586e-10
-1.340000000000000036e+01 3.758575717695577716e-10
-1.338000000000000078e+01 3.784769157686987663e-10
-1.335999999999999943e+01 3.790847308716589684e-10
-1.333999999999999986e+01 3.757108284123144582e-10
-1.332000000000000028e+01 3.659593040959104621e-10
-1.330000000000000071e+01 3.472209203242999642e-10
-1.327999999999999936e+01 3.183194691294013590e-10
-1.325999999999999979e+01 2.810621369270730649e-10
-1.324000000000000021e+01 2.401990628029713590e-10
-1.322000000000000064e+01 2.014349257181780753e-10
-1.319999999999999929e+01 1.687924768508927794e-10
-1.317999999999999972e+01 1.431750553070746841e-10
-1.316000000000000014e+01 1.234888505340755990e-10
-1.314000000000000057e+01 1.090240210695365924e-10
-1.311999999999999922e+01 9.872528845575343253e-11
-1.309999999999999964e+01 9.197233782286255380e-11
-1.308000000000000007e+01 8.813548131955388197e-11
-1.306000000000000050e+01 8.676410278200123108e-11
-1.303999999999999915e+01 8.757429569618029571e-11
-1.301999999999999957e+01 9.008044027935351980e-11
-1.300000000000000000e+01 9.395678831166890945e-11
-1.298000000000000043e+01 9.847154114007620083e-11
-1.296000000000000085e+01 1.029963619759961879e-10
-1.293999999999999950e+01 1.072986209435091921e-10
-1.291999999999999993e+01 1.111447037016054942e-10
-1.290000000000000036e+01 1.144526868723447927e-10
-1.288000000000000078e+01 1.172208492141788023e-10
-1.285999999999999943e+01 1.195026431675609765e-10
-1.283999999999999986e+01 1.213921171785954879e-10
-1.282000000000000028e+01 1.229697318091263838e-10
-1.280000000000000071e+01 1.243167327027069820e-10
-1.277999999999999936e+01 1.254926621033089872e-10
-1.275999999999999979e+01 1.265672458306228874e-10
-1.274000000000000021e+01 1.275775148643678999e-10
-1.272000000000000064e+01 1.285660710562237912e-10
-1.269999999999999929e+01 1.295482218157843983e-10
-1.267999999999999972e+01 1.305453334913217787e-10
-1.266000000000000014e+01 1.315680792192983762e-10
-1.264000000000000057e+01 1.326095296911096871e-10
-1.261999999999999922e+01 1.336800994970837812e-10
-1.259999999999999964e+01 1.347448488564234879e-10
-1.258000000000000007e+01 1.358353185446297948e-10
-1.256000000000000050e+01 1.370103158819597775e-10
-1.253999999999999915e+01 1.382166921933295756e-10
-1.251999999999999957e+01 1.394572106908915763e-10
-1.250000000000000000e+01 1.407003196956510881e-10
-1.248000000000000043e+01 1.419389379569694933e-10
-1.246000000000000085e+01 1.431596940673325965e-10
-1.243999999999999950e+01 1.443357474476449927e-10
-1.241999999999999993e+01 1.454665314686841898e-10
-1.240000000000000036e+01 1.465126752737400882e-10
-1.238000000000000078e+01 1.475030980213219756e-10
-1.235999999999999943e+01 1.484442439732965943e-10
-1.233999999999999986e+01 1.493043667178052771e-10
-1.232000000000000028e+01 1.500786919565212751e-10
-1.230000000000000071e+01 1.507544854949940750e-10
-1.227999999999999936e+01 1.513277235762862830e-10
-1.225999999999999979e+01 1.517986293283269962e-10
-1.224000000000000021e+01 1.521641210299601864e-10
-1.222000000000000064e+01 1.524306432955255768e-10
-1.219999999999999929e+01 1.525989950465473820e-10
-1.217999999999999972e+01 1.526824616900328798e-10
-1.216000000000000014e+01 1.526941866147261912e-10
-1.214000000000000057e+01 1.526426177178916820e-10
-1.211999999999999922e+01 1.525420302492475805e-10
-1.209999999999999964e+01 1.524082018389933807e-10
-1.208000000000000007e+01 1.522596203571718967e-10
-1.206000000000000050e+01 1.521165772604576896e-10
-1.203999999999999915e+01 1.520011892724035779e-10
-1.201999999999999957e+01 1.519381364346078840e-10
-1.200000000000000000e+01 1.519579889640682890e-10
-1.198000000000000043e+01 1.520696083974218765e-10
-1.196000000000000085e+01 1.522848680646687820e-10
-1.193999999999999950e+01 1.526182587673716815e-10
-1.191999999999999993e+01 1.530704328775745865e-10
-1.190000000000000036e+01 1.536385598986524819e-10
-1.188000000000000078e+01 1.543150732091172907e-10
-1.185999999999999943e+01 1.550864010901452782e-10
-1.183999999999999986e+01 1.559308670890723733e-10
-1.182000000000000028e+01 1.568181569413169867e-10
-1.180000000000000071e+01 1.577092129963797879e-10
-1.177999999999999936e+01 1.585516699333459986e-10
-1.175999999999999979e+01 1.592832116955857837e-10
-1.174000000000000021e+01 1.598314779638183888e-10
-1.172000000000000064e+01 1.601164222420437759e-10
-1.169999999999999929e+01 1.600511348784634852e-10
-1.167999999999999972e+01 1.595526763607682854e-10
-1.166000000000000014e+01 1.585406575960774782e-10
-1.164000000000000057e+01 1.569438284452552868e-10
-1.161999999999999922e+01 1.547068400176583799e-10
-1.159999999999999964e+01 1.517630237452770865e-10
-1.158000000000000007e+01 1.480923990564311899e-10
-1.156000000000000050e+01 1.436606606291223909e-10
-1.153999999999999915e+01 1.383241580939998773e-10
-1.151999999999999957e+01 1.318936020059649752e-10
-1.150000000000000000e+01 1.240506654420878837e-10
-1.148000000000000043e+01 1.144442721811218888e-10
-1.146000000000000085e+01 1.028166447964006936e-10
-1.143999999999999950e+01 8.966424502274458958e-11
-1.141999999999999993e+01 8.479986663675091193e-11
-1.140000000000000036e+01 5.949634673482090695e-13
-1.138000000000000078e+01 7.804466053824406649e-15
-1.135999999999999943e+01 1.935084132746341959e-16
-1.133999999999999986e+01 1.008678576996489985e-17
-1.132000000000000028e+01 5.492779467193828497e-19
-1.130000000000000071e+01 4.505607329060698944e-20
-1.127999999999999936e+01 4.807088915685265572e-21
-1.125999999999999979e+01 6.999307218346668146e-22
-1.124000000000000021e+01 1.668236390352409099e-22
-1.122000000000000064e+01 5.473399710031307591e-23
-1.119999999999999929e+01 4.078505471402827374e-23
-1.117999999999999972e+01 3.874880476718578851e-23
-1.116000000000000014e+01 5.017560799549369146e-23
-1.114000000000000057e+01 1.269871983423054155e-22
-1.111999999999999922e+01 7.165374323390704473e-22
-1.109999999999999964e+01 1.300066746381281997e-21
-1.108000000000000007e+01 1.297886787256661946e-21
-1.106000000000000050e+01 2.696652205008323934e-21
-1.103999999999999915e+01 1.085827600982495016e-20
-1.101999999999999957e+01 5.502455590974733320e-20
-1.100000000000000000e+01 3.593425207390037370e-19
-1.098000000000000043e+01 2.122830488161814111e-18
-1.096000000000000085e+01 1.169515696686824891e-17
-1.093999999999999950e+01 6.278631803173435859e-17
-1.091999999999999993e+01 3.126608841724534296e-16
-1.090000000000000036e+01 1.457576408147519876e-15
-1.088000000000000078e+01 6.258395962118722647e-15
-1.085999999999999943e+01 2.490658262443022198e-14
-1.083999999999999986e+01 9.258639419712261302e-14
-1.082000000000000028e+01 3.186953622715845993e-13
-1.080000000000000071e+01 9.851657662620540887e-13
-1.077999999999999936e+01 2.545232592922769843e-12
-1.075999999999999979e+01 5.212154647020159006e-12
-1.074000000000000021e+01 8.543984020982364794e-12
-1.072000000000000064e+01 1.192890193538274004e-11
-1.069999999999999929e+01 1.496900235936597087e-11
-1.067999999999999972e+01 1.752969121159156878e-11
-1.066000000000000014e+01 1.961935925681620018e-11
-1.064000000000000057e+01 2.129274382342808036e-11
-1.061999999999999922e+01 2.261311026084744996e-11
-1.059999999999999964e+01 2.363141800809567921e-11
-1.058000000000000007e+01 2.439292531711133730e-11
-1.056000000000000050e+01 2.493268464328233882e-11
-1.053999999999999915e+01 2.527077642450412970e-11
-1.051999999999999957e+01 2.542340811391956021e-11
-1.050000000000000000e+01 2.540067803553372872e-11
-1.048000000000000043e+01 2.520992812950150955e-11
-1.046000000000000085e+01 2.485621151288040012e-11
-1.043999999999999950e+01 2.434105363384567887e-11
-1.041999999999999993e+01 2.366584852608575951e-11
-1.040000000000000036e+01 2.282796814046260941e-11
-1.038000000000000078e+01 2.182970721986364976e-11
-1.035999999999999943e+01 2.067543977425066976e-11
-1.033999999999999986e+01 1.935992211544794869e-11
-1.032000000000000028e+01 1.788256742141220944e-11
-1.030000000000000071e+01 1.624059582644108848e-11
-1.027999999999999936e+01 1.443769050318767977e-11
-1.025999999999999979e+01 1.248735450136179927e-11
-1.024000000000000021e+01 1.041409933084229895e-11
-1.022000000000000064e+01 8.275700296621025903e-12
-1.019999999999999929e+01 6.148887418016010078e-12
-1.017999999999999972e+01 4.188534223872186229e-12
-1.016000000000000014e+01 2.587558433398234939e-12
-1.014000000000000057e+01 1.421859001289357067e-12
-1.011999999999999922e+01 7.006934417635940023e-13
-1.009999999999999964e+01 3.144767199728106013e-13
-1.008000000000000007e+01 1.320405203488457964e-13
-1.006000000000000050e+01 5.407744661760086314e-14
-1.003999999999999915e+01 2.155621121409959086e-14
-1.001999999999999957e+01 8.812806043705459968e-15
-1.000000000000000000e+01 3.589965585639278917e-15
-9.980000000000000426e+00 1.474164751326531941e-15
-9.960000000000000853e+00 7.069766523435084492e-16
-9.939999999999999503e+00 3.671671329359709134e-16
-9.919999999999999929e+00 2.206496839512367197e-16
-9.900000000000000355e+00 1.492790639940595153e-16
-9.880000000000000782e+00 1.181357178905988958e-16
-9.859999999999999432e+00 1.092335708260012040e-16
-9.839999999999999858e+00 1.135877259218236112e-16
-9.820000000000000284e+00 1.371826982652517035e-16
-9.800000000000000711e+00 1.765977009724284140e-16
-9.779999999999999361e+00 2.527293011057264067e-16
-9.759999999999999787e+00 4.063886786153254928e-16
-9.740000000000000213e+00 6.803648946236489395e-16
-9.720000000000000639e+00 1.188774376294233983e-15
-9.699999999999999289e+00 2.092470918264075775e-15
-9.679999999999999716e+00 3.649000599358662219e-15
-9.660000000000000142e+00 6.293372925823180507e-15
-9.640000000000000568e+00 1.050491212943624071e-14
-9.619999999999999218e+00 1.707148915323228991e-14
-9.599999999999999645e+00 2.659010151413537220e-14
-9.580000000000000071e+00 4.032908857283149493e-14
-9.560000000000000497e+00 5.897637910835990950e-14
-9.539999999999999147e+00 8.360001506696974276e-14
-9.519999999999999574e+00 1.147851844588718990e-13
-9.500000000000000000e+00 1.537328718031450044e-13
-9.480000000000000426e+00 2.018250595141263969e-13
-9.460000000000000853e+00 2.600439541514620038e-13
-9.439999999999999503e+00 3.318478487689194894e-13
-9.419999999999999929e+00 4.185872764691807383e-13
-9.400000000000000355e+00 5.306304861433934128e-13
-9.380000000000000782e+00 6.662738360055366054e-13
-9.359999999999999432e+00 8.237067930354079362e-13
-9.339999999999999858e+00 1.013315346917275076e-12
-9.320000000000000284e+00 1.232347576582703987e-12
-9.300000000000000711e+00 1.485414553310870000e-12
-9.279999999999999361e+00 1.770199894364178989e-12
-9.259999999999999787e+00 2.079227052564922825e-12
-9.240000000000000213e+00 2.411431255427536168e-12
-9.220000000000000639e+00 2.752348658622000094e-12
-9.199999999999999289e+00 3.109005092913105763e-12
-9.179999999999999716e+00 3.449020929201661002e-12
-9.160000000000000142e+00 3.745701021898998303e-12
-9.140000000000000568e+00 4.003684204194467856e-12
-9.119999999999999218e+00 4.207887126817765860e-12
-9.099999999999999645e+00 4.357512289236137183e-12
-9.080000000000000071e+00 4.446672899935816088e-12
-9.060000000000000497e+00 4.468890473820860728e-12
-9.039999999999999147e+00 4.429900625881271574e-12
-9.019999999999999574e+00 4.324565846289926171e-12
-9.000000000000000000e+00 4.173211503510000579e-12
-8.980000000000000426e+00 3.960124794046561651e-12
-8.960000000000000853e+00 3.668460964450710849e-12
-8.939999999999999503e+00 3.326193951004495991e-12
-8.919999999999999929e+00 2.937879373574805005e-12
-8.900000000000000355e+00 2.525936401771309115e-12
-8.880000000000000782e+00 2.102517803027679107e-12
-8.859999999999999432e+00 1.684814305769447070e-12
-8.839999999999999858e+00 1.298544304029821892e-12
-8.820000000000000284e+00 9.520787417828168792e-13
-8.800000000000000711e+00 6.718799462465447135e-13
-8.779999999999999361e+00 4.513688024643503126e-13
-8.759999999999999787e+00 2.801101814719149874e-13
-8.740000000000000213e+00 1.649277905636281078e-13
-8.720000000000000639e+00 9.165779154685164279e-14
-8.699999999999999289e+00 4.913252041607634333e-14
-8.679999999999999716e+00 2.540252382821189150e-14
-8.660000000000000142e+00 1.280296151580357060e-14
-8.640000000000000568e+00 6.408025647027826234e-15
-8.619999999999999218e+00 3.157668765907458765e-15
-8.599999999999999645e+00 1.572454621262610039e-15
-8.580000000000000071e+00 7.887359297172903131e-16
-8.560000000000000497e+00 3.954234959085363169e-16
-8.539999999999999147e+00 2.024815688651103143e-16
-8.519999999999999574e+00 1.068559261782258048e-16
-8.500000000000000000e+00 5.835172163242103117e-17
-8.480000000000000426e+00 3.355046555515582119e-17
-8.460000000000000853e+00 2.035734892733659015e-17
-8.439999999999999503e+00 1.307730294658546911e-17
-8.419999999999999929e+00 9.053262533574471729e-18
-8.400000000000000355e+00 6.655077112761067193e-18
-8.380000000000000782e+00 5.092230659105906297e-18
-8.359999999999999432e+00 4.432517534806194080e-18
-8.339999999999999858e+00 4.101992452102571425e-18
-8.320000000000000284e+00 4.150780042418921371e-18
-8.300000000000000711e+00 4.424381956440185164e-18
-8.279999999999999361e+00 5.043317137269596124e-18
-8.259999999999999787e+00 6.022128944195116946e-18
-8.240000000000000213e+00 7.270745349888210977e-18
-8.220000000000000639e+00 9.085556697248773764e-18
-8.199999999999999289e+00 1.061263862862874926e-17
-8.179999999999999716e+00 1.284244393115438974e-17
-8.160000000000000142e+00 1.574790718596974028e-17
-8.140000000000000568e+00 1.846383108860384982e-17
-8.119999999999999218e+00 2.128969843272793881e-17
-8.099999999999999645e+00 2.348519737163467004e-17
-8.080000000000000071e+00 2.447544110231746728e-17
-8.060000000000000497e+00 2.467418627287745948e-17
-8.039999999999999147e+00 2.337511959581605960e-17
-8.019999999999999574e+00 2.161233850350235816e-17
-8.000000000000000000e+00 1.817509371098141048e-17
-7.980000000000000426e+00 1.553604292722602861e-17
-7.959999999999999964e+00 1.354420197126799998e-17
-7.940000000000000391e+00 1.178708013161771959e-17
-7.919999999999999929e+00 1.079878985860732942e-17
-7.900000000000000355e+00 1.043151666961874018e-17
-7.879999999999999893e+00 1.086136029198144981e-17
-7.860000000000000320e+00 1.269758359113855995e-17
-7.839999999999999858e+00 1.653676232436955834e-17
-7.820000000000000284e+00 2.517704732408785004e-17
-7.799999999999999822e+00 4.183895832735842877e-17
-7.780000000000000249e+00 8.337542739969182053e-17
-7.759999999999999787e+00 1.972386519662452950e-16
-7.740000000000000213e+00 5.218869609709687955e-16
-7.719999999999999751e+00 1.553757292104400971e-15
-7.700000000000000178e+00 5.003348266881486759e-15
-7.679999999999999716e+00 1.674433700124610203e-14
-7.660000000000000142e+00 5.706171518989879932e-14
-7.639999999999999680e+00 1.821320824614358119e-13
-7.620000000000000107e+00 5.056838003904292436e-13
-7.599999999999999645e+00 1.120595735192683941e-12
-7.580000000000000071e+00 2.043819087570752970e-12
-7.559999999999999609e+00 3.202636583421406076e-12
-7.540000000000000036e+00 4.490143744965793568e-12
-7.519999999999999574e+00 5.827957724587315672e-12
-7.500000000000000000e+00 7.158517007319822579e-12
-7.480000000000000426e+00 8.444847278414562341e-12
-7.459999999999999964e+00 9.662803235846708530e-12
-7.440000000000000391e+00 1.079591937251666966e-11
-7.419999999999999929e+00 1.183337279873563958e-11
-7.400000000000000355e+00 1.276926751600523919e-11
-7.379999999999999893e+00 1.359739281868918879e-11
-7.360000000000000320e+00 1.431101098572305872e-11
-7.339999999999999858e+00 1.491232009812167808e-11
-7.320000000000000284e+00 1.540156166406289901e-11
-7.299999999999999822e+00 1.578235793136990083e-11
-7.280000000000000249e+00 1.605767259501698772e-11
-7.259999999999999787e+00 1.623175188948932783e-11
-7.240000000000000213e+00 1.631044320531629984e-11
-7.219999999999999751e+00 1.629819583818268955e-11
-7.200000000000000178e+00 1.620351775206931783e-11
-7.179999999999999716e+00 1.602770176223070047e-11
-7.160000000000000142e+00 1.576857505565391905e-11
-7.139999999999999680e+00 1.543407750964631876e-11
-7.120000000000000107e+00 1.502608539100267975e-11
-7.099999999999999645e+00 1.455005299784194950e-11
-7.080000000000000071e+00 1.400791890675970959e-11
-7.059999999999999609e+00 1.340234622703146994e-11
-7.040000000000000036e+00 1.273873658072319919e-11
-7.019999999999999574e+00 1.201759104897567867e-11
-7.000000000000000000e+00 1.124833590443986989e-11
-6.980000000000000426e+00 1.042568361738140981e-11
-6.959999999999999964e+00 9.543130190553732371e-12
-6.940000000000000391e+00 8.612867879056537565e-12
-6.919999999999999929e+00 7.640644029144575480e-12
-6.900000000000000355e+00 6.639556335857013659e-12
-6.879999999999999893e+00 5.622691929020271903e-12
-6.860000000000000320e+00 4.609032824196944765e-12
-6.839999999999999858e+00 3.626207561704587850e-12
-6.820000000000000284e+00 2.703979987426102992e-12
-6.799999999999999822e+00 1.884357717929406900e-12
-6.780000000000000249e+00 1.202296564381854949e-12
-6.759999999999999787e+00 6.867164302281828259e-13
-6.740000000000000213e+00 3.475151715872166324e-13
-6.719999999999999751e+00 1.565459921763549056e-13
-6.700000000000000178e+00 6.421465363123218341e-14
-6.679999999999999716e+00 2.464429414329258196e-14
-6.660000000000000142e+00 9.040162014413602008e-15
-6.639999999999999680e+00 3.227981414591460954e-15
-6.620000000000000107e+00 1.137946472556930047e-15
-6.599999999999999645e+00 4.013604602362884377e-16
-6.580000000000000071e+00 1.438959210881816045e-16
-6.559999999999999609e+00 5.352056269612658814e-17
-6.540000000000000036e+00 2.092420011528354870e-17
-6.519999999999999574e+00 8.791237641452765184e-18
-6.500000000000000000e+00 4.053837691893036906e-18
-6.480000000000000426e+00 2.070778896909548047e-18
-6.459999999999999964e+00 1.198161046741274046e-18
-6.440000000000000391e+00 7.921580103711757980e-19
-6.419999999999999929e+00 6.025147878019369487e-19
-6.400000000000000355e+00 5.297081198461935018e-19
-6.379999999999999893e+00 5.402243685565277597e-19
-6.360000000000000320e+00 6.242797742779684745e-19
-6.339999999999999858e+00 8.198233181832162184e-19
-6.320000000000000284e+00 1.197140623980002054e-18
-6.299999999999999822e+00 1.907882904362131043e-18
-6.280000000000000249e+00 3.267118966836350040e-18
-6.259999999999999787e+00 5.863638391781861442e-18
-6.240000000000000213e+00 1.085979827940263885e-17
-6.219999999999999751e+00 2.023840491554910975e-17
-6.200000000000000178e+00 3.784767270487152932e-17
-6.179999999999999716e+00 6.846945764431013939e-17
-6.160000000000000142e+00 1.189120366730672096e-16
-6.139999999999999680e+00 1.969862518796249007e-16
-6.120000000000000107e+00 3.083744425752580289e-16
-6.099999999999999645e+00 4.541717772098017562e-16
-6.080000000000000071e+00 6.242598624048560149e-16
-6.059999999999999609e+00 8.038364376488086630e-16
-6.040000000000000036e+00 9.619988372626203791e-16
-6.019999999999999574e+00 1.075564196151996952e-15
-6.000000000000000000e+00 1.102388391021345951e-15
-5.980000000000000426e+00 1.065202322359356956e-15
-5.959999999999999964e+00 9.804467825374639649e-16
-5.940000000000000391e+00 8.470204860927757983e-16
-5.919999999999999929e+00 7.044812756826988920e-16
-5.900000000000000355e+00 5.582330085529731651e-16
-5.879999999999999893e+00 4.340293684908079064e-16
-5.860000000000000320e+00 3.332316017232353899e-16
-5.839999999999999858e+00 2.532416810008223995e-16
-5.820000000000000284e+00 1.981708752556976157e-16
-5.799999999999999822e+00 1.575613312229010969e-16
-5.780000000000000249e+00 1.299295946975652953e-16
-5.759999999999999787e+00 1.192197865805268094e-16
-5.740000000000000213e+00 1.181492725497735139e-16
-5.719999999999999751e+00 1.294443853401735002e-16
-5.700000000000000178e+00 1.544343301545959176e-16
-5.679999999999999716e+00 2.026845619149917118e-16
-5.660000000000000142e+00 2.892705530256168023e-16
-5.639999999999999680e+00 4.403144403493914146e-16
-5.620000000000000107e+00 7.110813498888590272e-16
-5.599999999999999645e+00 1.191440835114139039e-15
-5.580000000000000071e+00 2.044608862943199919e-15
-5.559999999999999609e+00 3.538279881181103058e-15
-5.540000000000000036e+00 6.079265285588632169e-15
-5.519999999999999574e+00 1.023152520856898038e-14
-5.500000000000000000e+00 1.676847560662914280e-14
-5.480000000000000426e+00 2.655894595109732261e-14
-5.459999999999999964e+00 4.060248390288256354e-14
-5.440000000000000391e+00 5.999421742833126073e-14
-5.419999999999999929e+00 8.566432086577353359e-14
-5.400000000000000355e+00 1.191116685908505949e-13
-5.379999999999999893e+00 1.616066458315151036e-13
-5.360000000000000320e+00 2.144265982887240205e-13
-5.339999999999999858e+00 2.806430065685160048e-13
-5.320000000000000284e+00 3.637493776599151101e-13
-5.299999999999999822e+00 4.688963982157246608e-13
-5.280000000000000249e+00 6.022861433733544827e-13
-5.259999999999999787e+00 7.712535960757782605e-13
-5.240000000000000213e+00 9.835043892616173367e-13
-5.219999999999999751e+00 1.245446440374706955e-12
-5.200000000000000178e+00 1.561701013126312926e-12
-5.179999999999999716e+00 1.931956970857937966e-12
-5.160000000000000142e+00 2.350928730041616994e-12
-5.139999999999999680e+00 2.810672499512892813e-12
-5.120000000000000107e+00 3.298601287941512939e-12
-5.099999999999999645e+00 3.801137864480043069e-12
-5.080000000000000071e+00 4.303353680811072582e-12
-5.059999999999999609e+00 4.790146871607152670e-12
-5.040000000000000036e+00 5.247935719262081854e-12
-5.019999999999999574e+00 5.663180017499354934e-12
-5.000000000000000000e+00 6.025130010254316317e-12
-4.980000000000000426e+00 6.322118073372594265e-12
-4.959999999999999964e+00 6.545177318538598861e-12
-4.940000000000000391e+00 6.688194183955667586e-12
-4.919999999999999929e+00 6.746212371798881657e-12
-4.900000000000000355e+00 6.716218933891294548e-12
-4.879999999999999893e+00 6.597155067067107015e-12
-4.860000000000000320e+00 6.390219236102518111e-12
-4.839999999999999858e+00 6.098428237295364572e-12
-4.820000000000000284e+00 5.727472446528989227e-12
-4.799999999999999822e+00 5.284153470967982666e-12
-4.780000000000000249e+00 4.780231315562393950e-12
-4.759999999999999787e+00 4.230644460979819331e-12
-4.740000000000000213e+00 3.650176768584204869e-12
-4.719999999999999751e+00 3.058602799548505913e-12
-4.700000000000000178e+00 2.476837409467416022e-12
-4.679999999999999716e+00 1.928334412073828961e-12
-4.660000000000000142e+00 1.436590516324621966e-12
-4.639999999999999680e+00 1.020365174526626977e-12
-4.620000000000000107e+00 6.918005408126041487e-13
-4.599999999999999645e+00 4.505850113712473299e-13
-4.580000000000000071e+00 2.860582301738132174e-13
-4.559999999999999609e+00 1.794937069404530134e-13
-4.540000000000000036e+00 1.133701122240044056e-13
-4.519999999999999574e+00 7.282340837091941036e-14
-4.500000000000000000e+00 4.803663758615330356e-14
-4.480000000000000426e+00 3.272710276892000439e-14
-4.459999999999999964e+00 2.297480419014090333e-14
-4.440000000000000391e+00 1.666949564881598051e-14
-4.419999999999999929e+00 1.238822683431668033e-14
-4.400000000000000355e+00 9.487387587689410007e-15
-4.379999999999999893e+00 7.456353637738221298e-15
-4.360000000000000320e+00 5.836584117809417595e-15
-4.339999999999999858e+00 4.622867721900724590e-15
-4.320000000000000284e+00 3.655242507217344582e-15
-4.299999999999999822e+00 2.906205724527553102e-15
-4.280000000000000249e+00 2.301343891415538052e-15
-4.259999999999999787e+00 1.818490839051961892e-15
-4.240000000000000213e+00 1.444847485295072888e-15
-4.219999999999999751e+00 1.142069070257448906e-15
-4.200000000000000178e+00 9.148640305122644835e-16
-4.179999999999999716e+00 7.462727417412555311e-16
-4.160000000000000142e+00 5.967122124612904801e-16
-4.139999999999999680e+00 4.834793091697552004e-16
-4.120000000000000107e+00 3.920020802941668034e-16
-4.099999999999999645e+00 3.228187423377672220e-16
-4.080000000000000071e+00 2.668913807549758111e-16
-4.059999999999999609e+00 2.224387786154801297e-16
-4.040000000000000036e+00 1.881348097457488079e-16
-4.019999999999999574e+00 1.589627906702564955e-16
-4.000000000000000000e+00 1.362704403420870054e-16
-3.979999999999999982e+00 1.179242686741505031e-16
-3.959999999999999964e+00 9.995234450553607939e-17
-3.939999999999999947e+00 8.480967194605142129e-17
-3.919999999999999929e+00 7.157009319154078012e-17
-3.899999999999999911e+00 6.052642214614889517e-17
-3.879999999999999893e+00 5.124804702652113743e-17
-3.859999999999999876e+00 4.374184934571417651e-17
-3.839999999999999858e+00 3.793107625754439875e-17
-3.819999999999999840e+00 3.360921128821207033e-17
-3.799999999999999822e+00 3.080851528810321092e-17
-3.779999999999999805e+00 2.928513010644578968e-17
-3.759999999999999787e+00 2.962266552388675695e-17
-3.740000000000000213e+00 3.190331953860144860e-17
-3.720000000000000195e+00 3.704436159413015825e-17
-3.700000000000000178e+00 4.656768773014741562e-17
-3.680000000000000160e+00 6.354099491522265817e-17
-3.660000000000000142e+00 9.384781116606795938e-17
-3.640000000000000124e+00 1.491161464705828137e-16
-3.620000000000000107e+00 2.537911648670677329e-16
-3.600000000000000089e+00 4.513908724958155515e-16
-3.580000000000000071e+00 8.302170617252700049e-16
-3.560000000000000053e+00 1.570224825748134997e-15
-3.540000000000000036e+00 2.969420750679786985e-15
-3.520000000000000018e+00 5.557518481638886049e-15
-3.500000000000000000e+00 1.011385847021757110e-14
-3.479999999999999982e+00 1.766069712606129297e-14
-3.459999999999999964e+00 2.943616536349226324e-14
-3.439999999999999947e+00 4.630119532524271428e-14
-3.419999999999999929e+00 6.894223855360627144e-14
-3.399999999999999911e+00 9.614919117311788567e-14
-3.379999999999999893e+00 1.261250901833176951e-13
-3.359999999999999876e+00 1.594398449242495082e-13
-3.339999999999999858e+00 1.914961953359507186e-13
-3.319999999999999840e+00 2.211518836402039095e-13
-3.299999999999999822e+00 2.452669856033792140e-13
-3.279999999999999805e+00 2.620816061030808268e-13
-3.259999999999999787e+00 2.719312857967661226e-13
-3.240000000000000213e+00 2.729841473256358049e-13
-3.220000000000000195e+00 2.680150388668079864e-13
-3.200000000000000178e+00 2.545949425593497993e-13
-3.180000000000000160e+00 2.364484489697796980e-13
-3.160000000000000142e+00 2.200381744204051078e-13
-3.140000000000000124e+00 2.023159603465583193e-13
-3.120000000000000107e+00 1.860660322295955974e-13
-3.100000000000000089e+00 1.709773688394713066e-13
-3.080000000000000071e+00 1.576204611302146068e-13
-3.060000000000000053e+00 1.470061118077067002e-13
-3.040000000000000036e+00 1.382271985289042968e-13
-3.020000000000000018e+00 1.323718117822133990e-13
-3.000000000000000000e+00 1.275909160225807092e-13
-2.979999999999999982e+00 1.259828390120604937e-13
-2.959999999999999964e+00 1.272797437523728102e-13
-2.939999999999999947e+00 1.307238544747668079e-13
-2.919999999999999929e+00 1.365048550560198170e-13
-2.899999999999999911e+00 1.445120833946155050e-13
-2.879999999999999893e+00 1.548884401984243040e-13
-2.859999999999999876e+00 1.678101292122350012e-13
-2.839999999999999858e+00 1.836204988358882009e-13
-2.819999999999999840e+00 2.026518864161512149e-13
-2.799999999999999822e+00 2.262148348004290170e-13
-2.779999999999999805e+00 2.553229546565736291e-13
-2.759999999999999787e+00 2.886724247731226012e-13
-2.740000000000000213e+00 3.293844575555090136e-13
-2.720000000000000195e+00 3.778020281083751290e-13
-2.700000000000000178e+00 4.371546090327290258e-13
-2.680000000000000160e+00 5.088982044247816073e-13
-2.660000000000000142e+00 5.955159198938582461e-13
-2.640000000000000124e+00 7.015265952224143002e-13
-2.620000000000000107e+00 8.273690853351605126e-13
-2.600000000000000089e+00 9.816561664270721543e-13
-2.580000000000000071e+00 1.161687940713794076e-12
-2.560000000000000053e+00 1.355040809928056080e-12
-2.540000000000000036e+00 1.568086190383685968e-12
-2.520000000000000018e+00 1.792477919185326074e-12
-2.500000000000000000e+00 2.027142422998417969e-12
-2.479999999999999982e+00 2.263524017128296788e-12
-2.459999999999999964e+00 2.494426273866692864e-12
-2.439999999999999947e+00 2.716851865274110072e-12
-2.419999999999999929e+00 2.919820974521188976e-12
-2.399999999999999911e+00 3.106926784542594781e-12
-2.379999999999999893e+00 3.263387659691047874e-12
-2.359999999999999876e+00 3.371895579338397999e-12
-2.339999999999999858e+00 3.439772928602523903e-12
-2.319999999999999840e+00 3.462377560528473011e-12
-2.299999999999999822e+00 3.442720537934119979e-12
-2.279999999999999805e+00 3.381869654077600772e-12
-2.259999999999999787e+00 3.280958979915450917e-12
-2.240000000000000213e+00 3.147560495312728002e-12
-2.220000000000000195e+00 2.984292567141168109e-12
-2.200000000000000178e+00 2.804238270941511014e-12
-2.180000000000000160e+00 2.609000899283078771e-12
-2.160000000000000142e+00 2.400751827178068019e-12
-2.140000000000000124e+00 2.195868595908128969e-12
-2.120000000000000107e+00 2.003886548543180940e-12
-2.100000000000000089e+00 1.838612298758925041e-12
-2.080000000000000071e+00 1.712100206302198068e-12
-2.060000000000000053e+00 1.640279717591681977e-12
-2.040000000000000036e+00 1.649109087199045911e-12
-2.020000000000000018e+00 1.781289103585296893e-12
-2.000000000000000000e+00 2.127504065400076138e-12
-1.979999999999999982e+00 2.822248383727801844e-12
-1.959999999999999964e+00 4.059290856148896610e-12
-1.939999999999999947e+00 6.121333566912103199e-12
-1.919999999999999929e+00 9.271925948103946272e-12
-1.899999999999999911e+00 1.352039776250425904e-11
-1.879999999999999893e+00 1.843073677041766905e-11
-1.860000000000000098e+00 2.332648973433760950e-11
-1.840000000000000080e+00 2.770877357920434996e-11
-1.820000000000000062e+00 3.141912715634078046e-11
-1.800000000000000044e+00 3.452328193061750733e-11
-1.780000000000000027e+00 3.715546501148971011e-11
-1.760000000000000009e+00 3.944072146508629734e-11
-1.739999999999999991e+00 4.147663983445948558e-11
-1.719999999999999973e+00 4.333129386313760827e-11
-1.699999999999999956e+00 4.505204832521827987e-11
-1.679999999999999938e+00 4.667114737716716757e-11
-1.659999999999999920e+00 4.821087428982865578e-11
-1.639999999999999902e+00 4.968690827677426827e-11
-1.620000000000000107e+00 5.111042253368857841e-11
-1.600000000000000089e+00 5.248909908796194811e-11
-1.580000000000000071e+00 5.382923784539106688e-11
-1.560000000000000053e+00 5.513626261763526837e-11
-1.540000000000000036e+00 5.641317483002816800e-11
-1.520000000000000018e+00 5.766301613474464623e-11
-1.500000000000000000e+00 5.888775155062676285e-11
-1.479999999999999982e+00 6.008932784958911818e-11
-1.459999999999999964e+00 6.126928530568990064e-11
-1.439999999999999947e+00 6.242873795734259921e-11
-1.419999999999999929e+00 6.356903908507311003e-11
-1.399999999999999911e+00 6.469090070024609082e-11
-1.379999999999999893e+00 6.579560447712668603e-11
-1.360000000000000098e+00 6.688405931922471793e-11
-1.340000000000000080e+00 6.795667574263911275e-11
-1.320000000000000062e+00 6.901392881566187231e-11
-1.300000000000000044e+00 7.005621362777308029e-11
-1.280000000000000027e+00 7.108381397086956134e-11
-1.260000000000000009e+00 7.209691906481857109e-11
-1.239999999999999991e+00 7.309564185530113033e-11
-1.219999999999999973e+00 7.407996147935324695e-11
-1.199999999999999956e+00 7.504984010804682277e-11
-1.179999999999999938e+00 7.600506261325771881e-11
-1.159999999999999920e+00 7.694544967433576193e-11
-1.139999999999999902e+00 7.787080372653921781e-11
-1.120000000000000107e+00 7.878088766434826059e-11
-1.100000000000000089e+00 7.967544347601242102e-11
-1.080000000000000071e+00 8.055421309225401064e-11
-1.060000000000000053e+00 8.141694405539266197e-11
-1.040000000000000036e+00 8.226343781487592187e-11
-1.020000000000000018e+00 8.309347912559078646e-11
-1.000000000000000000e+00 8.390712140133677236e-11
-9.799999999999999822e-01 8.470384015488789826e-11
-9.599999999999999645e-01 8.548298373502843509e-11
-9.399999999999999467e-01 8.624464618894151719e-11
-9.200000000000000400e-01 8.698848021323157769e-11
-9.000000000000000222e-01 8.771459224234638197e-11
-8.800000000000000044e-01 8.842278011729338912e-11
-8.599999999999999867e-01 8.911296821281773619e-11
-8.399999999999999689e-01 8.978532137760649028e-11
-8.199999999999999512e-01 9.043953896954008086e-11
-8.000000000000000444e-01 9.107604138057911081e-11
-7.800000000000000266e-01 9.169384438271715152e-11
-7.600000000000000089e-01 9.229260675806523010e-11
-7.399999999999999911e-01 9.287262132630587756e-11
-7.199999999999999734e-01 9.343391369095575075e-11
-6.999999999999999556e-01 9.397652772101903773e-11
-6.800000000000000488e-01 9.450047961646187869e-11
-6.600000000000000311e-01 9.500579132756523852e-11
-6.400000000000000133e-01 9.549237847452721640e-11
-6.199999999999999956e-01 9.596030333190983756e-11
-5.999999999999999778e-01 9.640919949749247923e-11
-5.799999999999999600e-01 9.683960209047947252e-11
-5.600000000000000533e-01 9.725256570792585542e-11
-5.400000000000000355e-01 9.764761787937547108e-11
-5.200000000000000178e-01 9.802506510431411612e-11
-5.000000000000000000e-01 9.838474003487015726e-11
-4.799999999999999822e-01 9.872674524838243987e-11
-4.600000000000000200e-01 9.905126592518795371e-11
-4.400000000000000022e-01 9.935816616898337774e-11
-4.199999999999999845e-01 9.964775975519351865e-11
-4.000000000000000222e-01 9.991969746393983568e-11
-3.800000000000000044e-01 1.001749049124626900e-10
-3.599999999999999867e-01 1.004140244715532964e-10
-3.400000000000000244e-01 1.006368113391526866e-10
-3.200000000000000067e-01 1.008436134631112920e-10
-2.999999999999999889e-01 1.010344407408375904e-10
-2.800000000000000266e-01 1.012095374454292922e-10
-2.600000000000000089e-01 1.013692211040853941e-10
-2.399999999999999911e-01 1.015135672748615882e-10
-2.200000000000000011e-01 1.016430339439311947e-10
-2.000000000000000111e-01 1.017574622043222850e-10
-1.799999999999999933e-01 1.018580512707223886e-10
-1.600000000000000033e-01 1.019457771739225878e-10
-1.400000000000000133e-01 1.020205748393400856e-10
-1.199999999999999956e-01 1.020830206949168848e-10
-1.000000000000000056e-01 1.021333743367385935e-10
-8.000000000000000167e-02 1.021722466644638967e-10
-5.999999999999999778e-02 1.022002433896075854e-10
-4.000000000000000083e-02 1.022180936338479931e-10
-2.000000000000000042e-02 1.022269578367337860e-10
-1.459349999999999989e-16 1.022287719430529906e-10
