-2.400000000000000000e+01 1.001048593544417120e-09
-2.300000000000000000e+01 1.109318365275494061e-09
-2.200000000000000000e+01 1.157557743781524976e-09
-2.100000000000000000e+01 1.178413469938504102e-09
-2.000000000000000000e+01 1.173876312044178966e-09
-1.900000000000000000e+01 1.146213300365707025e-09
-1.800000000000000000e+01 1.091165630057763097e-09
-1.700000000000000000e+01 1.014898452202639078e-09
-1.698000000000000043e+01 1.013169014290306108e-09
-1.696000000000000085e+01 1.011422009686891942e-09
-1.694000000000000128e+01 1.009661089867088104e-09
-1.692000000000000171e+01 1.007886371770736109e-09
-1.689999999999999858e+01 1.006099683760087915e-09
-1.687999999999999901e+01 1.004300774830142985e-09
-1.685999999999999943e+01 1.002489551639964953e-09
-1.683999999999999986e+01 1.000666710791745069e-09
-1.682000000000000028e+01 9.988308873108052100e-10
-1.680000000000000071e+01 9.969833378931806930e-10
-1.678000000000000114e+01 9.951201306709918860e-10
-1.676000000000000156e+01 9.932395007264267266e-10
-1.673999999999999844e+01 9.913419048222778863e-10
-1.671999999999999886e+01 9.894268133034775265e-10
-1.669999999999999929e+01 9.874935702771314059e-10
-1.667999999999999972e+01 9.855415882037422902e-10
-1.666000000000000014e+01 9.835701353895013879e-10
-1.664000000000000057e+01 9.815777885145005774e-10
-1.662000000000000099e+01 9.795640610670464137e-10
-1.660000000000000142e+01 9.775248679042431363e-10
-1.657999999999999829e+01 9.754630450114614962e-10
-1.655999999999999872e+01 9.733885850422702630e-10
-1.653999999999999915e+01 9.712961821704177940e-10
-1.651999999999999957e+01 9.691894401894694700e-10
-1.650000000000000000e+01 9.670657017413046547e-10
-1.648000000000000043e+01 9.649255991116149910e-10
-1.646000000000000085e+01 9.627713217746862904e-10
-1.644000000000000128e+01 9.605992961965473974e-10
-1.642000000000000171e+01 9.584136262393714530e-10
-1.639999999999999858e+01 9.562064898765689645e-10
-1.637999999999999901e+01 9.539902912190323852e-10
-1.635999999999999943e+01 9.517818387648050256e-10
-1.633999999999999986e+01 9.495720167245882810e-10
-1.632000000000000028e+01 9.473643691193452124e-10
-1.630000000000000071e+01 9.451559346523147488e-10
-1.628000000000000114e+01 9.429487480439270767e-10
-1.626000000000000156e+01 9.407437230297684311e-10
-1.623999999999999844e+01 9.385391821755871830e-10
-1.621999999999999886e+01 9.363385257959738178e-10
-1.619999999999999929e+01 9.341387792374401701e-10
-1.617999999999999972e+01 9.319471672436146653e-10
-1.616000000000000014e+01 9.297650855999395301e-10
-1.614000000000000057e+01 9.275906284518027674e-10
-1.612000000000000099e+01 9.254235395453627653e-10
-1.610000000000000142e+01 9.232636888764491272e-10
-1.607999999999999829e+01 9.211110568053918752e-10
-1.605999999999999872e+01 9.189655811961422906e-10
-1.603999999999999915e+01 9.168276153154383490e-10
-1.601999999999999957e+01 9.146968851562043058e-10
-1.600000000000000000e+01 9.125742061888523069e-10
-1.598000000000000043e+01 9.104582806491083415e-10
-1.596000000000000085e+01 9.083480161420679224e-10
-1.593999999999999950e+01 9.062443793091823197e-10
-1.591999999999999993e+01 9.041477109124031279e-10
-1.590000000000000036e+01 9.020583776572074798e-10
-1.588000000000000078e+01 8.999767807816078779e-10
-1.585999999999999943e+01 8.979034329686341193e-10
-1.583999999999999986e+01 8.958385845279994555e-10
-1.582000000000000028e+01 8.937830381552332608e-10
-1.580000000000000071e+01 8.917363697479440308e-10
-1.577999999999999936e+01 8.897013451798745945e-10
-1.575999999999999979e+01 8.876804868705958210e-10
-1.574000000000000021e+01 8.856737890208462824e-10
-1.572000000000000064e+01 8.836827280875896027e-10
-1.569999999999999929e+01 8.817081036850837999e-10
-1.567999999999999972e+01 8.797512435162046070e-10
-1.566000000000000014e+01 8.778136393927745432e-10
-1.564000000000000057e+01 8.758966294372197353e-10
-1.561999999999999922e+01 8.740019984984421926e-10
-1.559999999999999964e+01 8.721242188403791847e-10
-1.558000000000000007e+01 8.702879926118488825e-10
-1.556000000000000050e+01 8.684686206254325589e-10
-1.553999999999999915e+01 8.666776538014649714e-10
-1.551999999999999957e+01 8.649137912485587135e-10
-1.550000000000000000e+01 8.629932590960188521e-10
-1.548000000000000043e+01 8.614854303118845218e-10
-1.546000000000000085e+01 8.598212580118443726e-10
-1.543999999999999950e+01 8.581813388155051778e-10
-1.541999999999999993e+01 8.565665175461011709e-10
-1.540000000000000036e+01 8.547147814715864996e-10
-1.538000000000000078e+01 8.535176251998797508e-10
-1.535999999999999943e+01 8.520500373346849363e-10
-1.533999999999999986e+01 8.506165295810055732e-10
-1.532000000000000028e+01 8.492218934544640563e-10
-1.530000000000000071e+01 8.478699955191032605e-10
-1.527999999999999936e+01 8.465688361976748963e-10
-1.525999999999999979e+01 8.453129475374360217e-10
-1.524000000000000021e+01 8.441098925903981031e-10
-1.522000000000000064e+01 8.429588836708663900e-10
-1.519999999999999929e+01 8.418705837168700199e-10
-1.517999999999999972e+01 8.408325299543734214e-10
-1.516000000000000014e+01 8.398360963669694635e-10
-1.514000000000000057e+01 8.388898257997283816e-10
-1.511999999999999922e+01 8.379915323479374966e-10
-1.509999999999999964e+01 8.371453731886431240e-10
-1.508000000000000007e+01 8.363500471596867977e-10
-1.506000000000000050e+01 8.356051258813992714e-10
-1.503999999999999915e+01 8.349128707368631700e-10
-1.501999999999999957e+01 8.342688844771282274e-10
-1.500000000000000000e+01 8.336758010199962736e-10
-1.498000000000000043e+01 8.331240018877967088e-10
-1.496000000000000085e+01 8.326080645759096137e-10
-1.493999999999999950e+01 8.321279471031934025e-10
-1.491999999999999993e+01 8.316814368706553573e-10
-1.490000000000000036e+01 8.312634903650845569e-10
-1.488000000000000078e+01 8.308693994206999410e-10
-1.485999999999999943e+01 8.304924165684726818e-10
-1.483999999999999986e+01 8.301215060787394796e-10
-1.482000000000000028e+01 8.297479582850829139e-10
-1.480000000000000071e+01 8.293481170534827094e-10
-1.477999999999999936e+01 8.289236363097794212e-10
-1.475999999999999979e+01 8.284730502188159221e-10
-1.474000000000000021e+01 8.279645466320419111e-10
-1.472000000000000064e+01 8.273786266871152683e-10
-1.469999999999999929e+01 8.266788362442830904e-10
-1.467999999999999972e+01 8.258291570726762737e-10
-1.466000000000000014e+01 8.247901422844880861e-10
-1.464000000000000057e+01 8.235045376145567586e-10
-1.461999999999999922e+01 8.219231111630024890e-10
-1.459999999999999964e+01 8.199669451291911884e-10
-1.458000000000000007e+01 8.175914103734655751e-10
-1.456000000000000050e+01 8.147616271553221609e-10
-1.453999999999999915e+01 8.113878178201925929e-10
-1.451999999999999957e+01 8.074127733320271684e-10
-1.450000000000000000e+01 8.027664647239262786e-10
-1.448000000000000043e+01 7.974062076604752625e-10
-1.446000000000000085e+01 7.913010955371866665e-10
-1.443999999999999950e+01 7.844276127059444115e-10
-1.441999999999999993e+01 7.768067519344186553e-10
-1.440000000000000036e+01 7.684371402466397855e-10
-1.438000000000000078e+01 7.594297318631734266e-10
-1.435999999999999943e+01 7.498969323851460751e-10
-1.433999999999999986e+01 7.398823580317876327e-10
-1.432000000000000028e+01 7.294742811623976281e-10
-1.430000000000000071e+01 7.187294599121687550e-10
-1.427999999999999936e+01 7.077080149431219004e-10
-1.425999999999999979e+01 6.964619948082161970e-10
-1.424000000000000021e+01 6.850113049102104932e-10
-1.422000000000000064e+01 6.733841904550291152e-10
-1.419999999999999929e+01 6.615716238849203359e-10
-1.417999999999999972e+01 6.496012166455922266e-10
-1.416000000000000014e+01 6.374726799274080959e-10
-1.414000000000000057e+01 6.251700154749310093e-10
-1.411999999999999922e+01 6.126864904399562319e-10
-1.409999999999999964e+01 6.000214668255358860e-10
-1.408000000000000007e+01 5.871779736531224970e-10
-1.406000000000000050e+01 5.741640221869425273e-10
-1.403999999999999915e+01 5.609932870516984624e-10
-1.401999999999999957e+01 5.476766611894700304e-10
-1.400000000000000000e+01 5.342336597381367381e-10
-1.398000000000000043e+01 5.206680776672804141e-10
-1.396000000000000085e+01 5.069810575864280147e-10
-1.393999999999999950e+01 4.931935264053025365e-10
-1.391999999999999993e+01 4.793175646679703892e-10
-1.390000000000000036e+01 4.653646443509367531e-10
-1.388000000000000078e+01 4.513446045890613808e-10
-1.385999999999999943e+01 4.372673063726741420e-10
-1.383999999999999986e+01 4.231367985476923863e-10
-1.382000000000000028e+01 4.089655158253539521e-10
-1.380000000000000071e+01 3.947436424662944752e-10
-1.377999999999999936e+01 3.805147457000827657e-10
-1.375999999999999979e+01 3.663208928279931682e-10
-1.374000000000000021e+01 3.521592267296129607e-10
-1.372000000000000064e+01 3.380538964761615680e-10
-1.369999999999999929e+01 3.240097922441236788e-10
-1.367999999999999972e+01 3.100423967708736623e-10
-1.366000000000000014e+01 2.961730337307366873e-10
-1.364000000000000057e+01 2.824082686612407555e-10
-1.361999999999999922e+01 2.687817010643819949e-10
-1.359999999999999964e+01 2.553036368079503614e-10
-1.358000000000000007e+01 2.420356535015674945e-10
-1.356000000000000050e+01 2.290262434868006686e-10
-1.353999999999999915e+01 2.162960495624722757e-10
-1.351999999999999957e+01 2.038684827408277699e-10
-1.350000000000000000e+01 1.917699362073664918e-10
-1.348000000000000043e+01 1.800168901151403783e-10
-1.346000000000000085e+01 1.686272577420320911e-10
-1.343999999999999950e+01 1.576328144960128946e-10
-1.341999999999999993e+01 1.470508961162418811e-10
-1.340000000000000036e+01 1.369723658357742774e-10
-1.338000000000000078e+01 1.273427824836633996e-10
-1.335999999999999943e+01 1.180900144604254772e-10
-1.333999999999999986e+01 1.093199202514102859e-10
-1.332000000000000028e+01 1.010253623913415877e-10
-1.330000000000000071e+01 9.328948819849527156e-11
-1.327999999999999936e+01 8.614890887000117839e-11
-1.325999999999999979e+01 7.961742569737707722e-11
-1.324000000000000021e+01 7.379829983856658578e-11
-1.322000000000000064e+01 6.867628747377710287e-11
-1.319999999999999929e+01 6.443730867395557204e-11
-1.317999999999999972e+01 6.092489368992991517e-11
-1.316000000000000014e+01 5.787333857640998938e-11
-1.314000000000000057e+01 5.548778142876894030e-11
-1.311999999999999922e+01 5.372173878679685827e-11
-1.309999999999999964e+01 5.267214184766128053e-11
-1.308000000000000007e+01 5.232342796140782530e-11
-1.306000000000000050e+01 5.268969224551693585e-11
-1.303999999999999915e+01 5.385971855166955038e-11
-1.301999999999999957e+01 5.578878779481777825e-11
-1.300000000000000000e+01 5.862731856291306506e-11
-1.298000000000000043e+01 6.221371256188823666e-11
-1.296000000000000085e+01 6.636845748350606128e-11
-1.293999999999999950e+01 7.122052070151679796e-11
-1.291999999999999993e+01 7.673325203048289114e-11
-1.290000000000000036e+01 8.290976411310876158e-11
-1.288000000000000078e+01 8.969918527295652148e-11
-1.285999999999999943e+01 9.702255860056079142e-11
-1.283999999999999986e+01 1.048199619365855913e-10
-1.282000000000000028e+01 1.129931533891889887e-10
-1.280000000000000071e+01 1.214786379028150982e-10
-1.277999999999999936e+01 1.302132663649433947e-10
-1.275999999999999979e+01 1.392037187542124861e-10
-1.274000000000000021e+01 1.484245928110947972e-10
-1.272000000000000064e+01 1.578864534665256760e-10
-1.269999999999999929e+01 1.675652724457164831e-10
-1.267999999999999972e+01 1.774604410356436937e-10
-1.266000000000000014e+01 1.875623170253040845e-10
-1.264000000000000057e+01 1.978403856872297903e-10
-1.261999999999999922e+01 2.082959247464477783e-10
-1.259999999999999964e+01 2.188702237265182853e-10
-1.258000000000000007e+01 2.295943975634235833e-10
-1.256000000000000050e+01 2.405116384193639822e-10
-1.253999999999999915e+01 2.515272339643423657e-10
-1.251999999999999957e+01 2.626049291394616675e-10
-1.250000000000000000e+01 2.736920857217549915e-10
-1.248000000000000043e+01 2.847691459358975874e-10
-1.246000000000000085e+01 2.958323425324832722e-10
-1.243999999999999950e+01 3.068905233868930885e-10
-1.241999999999999993e+01 3.179700654655477633e-10
-1.240000000000000036e+01 3.291176003949386831e-10
-1.238000000000000078e+01 3.403842861782372828e-10
-1.235999999999999943e+01 3.518607330000979597e-10
-1.233999999999999986e+01 3.637211537400525916e-10
-1.232000000000000028e+01 3.762043095015386595e-10
-1.230000000000000071e+01 3.896436288051300569e-10
-1.227999999999999936e+01 4.044615495019745555e-10
-1.225999999999999979e+01 4.211640508174427529e-10
-1.224000000000000021e+01 4.403374332458194789e-10
-1.222000000000000064e+01 4.625840090410081520e-10
-1.219999999999999929e+01 4.884720395403101515e-10
-1.217999999999999972e+01 5.182188369739082055e-10
-1.216000000000000014e+01 5.512034582350663638e-10
-1.214000000000000057e+01 5.852390964515891046e-10
-1.211999999999999922e+01 6.153935933811913803e-10
-1.209999999999999964e+01 6.338282541039949146e-10
-1.208000000000000007e+01 6.321280793714050790e-10
-1.206000000000000050e+01 6.066817026849678241e-10
-1.203999999999999915e+01 5.623248792454553604e-10
-1.201999999999999957e+01 5.092775301202880687e-10
-1.200000000000000000e+01 4.567143098995186347e-10
-1.198000000000000043e+01 4.097266481234904856e-10
-1.196000000000000085e+01 3.697877716173373597e-10
-1.193999999999999950e+01 3.365083435586702794e-10
-1.191999999999999993e+01 3.089268977592296883e-10
-1.190000000000000036e+01 2.860008579361132858e-10
-1.188000000000000078e+01 2.668097623911299606e-10
-1.185999999999999943e+01 2.505949491632529777e-10
-1.183999999999999986e+01 2.367469795096873718e-10
-1.182000000000000028e+01 2.247829379135875703e-10
-1.180000000000000071e+01 2.143087735112391751e-10
-1.177999999999999936e+01 2.050203032074200692e-10
-1.175999999999999979e+01 1.966617245907350760e-10
-1.174000000000000021e+01 1.890225893288920769e-10
-1.172000000000000064e+01 1.819305360716805878e-10
-1.169999999999999929e+01 1.752486759606271857e-10
-1.167999999999999972e+01 1.688625890527651929e-10
-1.166000000000000014e+01 1.626792772736353955e-10
-1.164000000000000057e+01 1.566197595473037882e-10
-1.161999999999999922e+01 1.506028958495318853e-10
-1.159999999999999964e+01 1.445523814866748983e-10
-1.158000000000000007e+01 1.383599718103581794e-10
-1.156000000000000050e+01 1.318945356629704851e-10
-1.153999999999999915e+01 1.249842996389607802e-10
-1.151999999999999957e+01 1.173715460328758847e-10
-1.150000000000000000e+01 1.086978008099355963e-10
-1.148000000000000043e+01 9.857255421134397720e-11
-1.146000000000000085e+01 8.721568477099265056e-11
-1.143999999999999950e+01 8.352920005923294151e-11
-1.141999999999999993e+01 4.544446213588203273e-12
-1.140000000000000036e+01 9.631181728275448423e-15
-1.138000000000000078e+01 6.902792187054560713e-16
-1.135999999999999943e+01 5.316539754459393672e-17
-1.133999999999999986e+01 3.601013008729419367e-18
-1.132000000000000028e+01 2.342569248798586170e-19
-1.130000000000000071e+01 2.159404680854290155e-20
-1.127999999999999936e+01 2.534429710992658856e-21
-1.125999999999999979e+01 3.991188705425143324e-22
-1.124000000000000021e+01 1.009023267110024099e-22
-1.122000000000000064e+01 3.506868226326963308e-23
-1.119999999999999929e+01 2.676785076384551954e-23
-1.117999999999999972e+01 2.639361303756478984e-23
-1.116000000000000014e+01 3.569697179570264198e-23
-1.114000000000000057e+01 9.341164208293291892e-23
-1.111999999999999922e+01 5.464639972955714490e-22
-1.109999999999999964e+01 1.019856324727615922e-21
-1.108000000000000007e+01 1.048345662837841900e-21
-1.106000000000000050e+01 2.236752645948189907e-21
-1.103999999999999915e+01 9.175169427140862979e-21
-1.101999999999999957e+01 4.740540447019143136e-20
-1.100000000000000000e+01 3.114323745576907097e-19
-1.098000000000000043e+01 1.863019918317949046e-18
-1.096000000000000085e+01 1.039836261407150931e-17
-1.093999999999999950e+01 5.633006689085388113e-17
-1.091999999999999993e+01 2.826469026241362202e-16
-1.090000000000000036e+01 1.322519952471153970e-15
-1.088000000000000078e+01 5.680255526007659903e-15
-1.085999999999999943e+01 2.248040576495430085e-14
-1.083999999999999986e+01 8.232086118860845025e-14
-1.082000000000000028e+01 2.754852750510836224e-13
-1.080000000000000071e+01 8.183587845856934272e-13
-1.077999999999999936e+01 2.041096035725132122e-12
-1.075999999999999979e+01 4.135614666521786319e-12
-1.074000000000000021e+01 6.851017071113306858e-12
-1.072000000000000064e+01 9.772895543296243917e-12
-1.069999999999999929e+01 1.256663189878997939e-11
-1.067999999999999972e+01 1.506595714839957043e-11
-1.066000000000000014e+01 1.722011265728290053e-11
-1.064000000000000057e+01 1.902896921023293886e-11
-1.061999999999999922e+01 2.052166373926073003e-11
-1.059999999999999964e+01 2.172121944717939963e-11
-1.058000000000000007e+01 2.266369366077443826e-11
-1.056000000000000050e+01 2.338073064831885986e-11
-1.053999999999999915e+01 2.388179161686718798e-11
-1.051999999999999957e+01 2.418092843074260723e-11
-1.050000000000000000e+01 2.428498640363301789e-11
-1.048000000000000043e+01 2.420071183790555966e-11
-1.046000000000000085e+01 2.393382601207846881e-11
-1.043999999999999950e+01 2.348529031676317030e-11
-1.041999999999999993e+01 2.285911122641046797e-11
-1.040000000000000036e+01 2.205140100561910747e-11
-1.038000000000000078e+01 2.106982090452377776e-11
-1.035999999999999943e+01 1.992660281203001999e-11
-1.033999999999999986e+01 1.861686105409499811e-11
-1.032000000000000028e+01 1.714700848379732066e-11
-1.030000000000000071e+01 1.551930718993683978e-11
-1.027999999999999936e+01 1.374503625688498938e-11
-1.025999999999999979e+01 1.184600781883858999e-11
-1.024000000000000021e+01 9.851026404566923759e-12
-1.022000000000000064e+01 7.820913638245087504e-12
-1.019999999999999929e+01 5.822581708267904268e-12
-1.017999999999999972e+01 3.993282963622024677e-12
-1.016000000000000014e+01 2.499949782338224092e-12
-1.014000000000000057e+01 1.400026627301417921e-12
-1.011999999999999922e+01 7.056883155856899702e-13
-1.009999999999999964e+01 3.239659937612015134e-13
-1.008000000000000007e+01 1.387802100126466045e-13
-1.006000000000000050e+01 5.774297150406797281e-14
-1.003999999999999915e+01 2.334490617172925255e-14
-1.001999999999999957e+01 9.648167014106119318e-15
-1.000000000000000000e+01 3.975604314990297174e-15
-9.980000000000000426e+00 1.655734698644667869e-15
-9.960000000000000853e+00 8.000540299895748265e-16
-9.939999999999999503e+00 4.189206966641410142e-16
-9.919999999999999929e+00 2.531345653820939004e-16
-9.900000000000000355e+00 1.723016042829270062e-16
-9.880000000000000782e+00 1.368877171717778134e-16
-9.859999999999999432e+00 1.269275175331272049e-16
-9.839999999999999858e+00 1.324632132622082044e-16
-9.820000000000000284e+00 1.601817916291841078e-16
-9.800000000000000711e+00 2.070636585374484185e-16
-9.779999999999999361e+00 2.971293462975293899e-16
-9.759999999999999787e+00 4.773121962424034258e-16
-9.740000000000000213e+00 7.986219472549034734e-16
-9.720000000000000639e+00 1.392779227480303982e-15
-9.699999999999999289e+00 2.446705120472554073e-15
-9.679999999999999716e+00 4.259690657624379581e-15
-9.660000000000000142e+00 7.330032992158851151e-15
-9.640000000000000568e+00 1.221385376375051096e-14
-9.619999999999999218e+00 1.980600819928555282e-14
-9.599999999999999645e+00 3.080255901199192143e-14
-9.580000000000000071e+00 4.661541429522671302e-14
-9.560000000000000497e+00 6.803119409072861030e-14
-9.539999999999999147e+00 9.623209947199864500e-14
-9.519999999999999574e+00 1.318854702035686001e-13
-9.500000000000000000e+00 1.763020348465521999e-13
-9.480000000000000426e+00 2.309938863232290314e-13
-9.460000000000000853e+00 2.970643171967195162e-13
-9.439999999999999503e+00 3.782272949429491335e-13
-9.419999999999999929e+00 4.760156127682786610e-13
-9.400000000000000355e+00 6.013657827718789194e-13
-9.380000000000000782e+00 7.525471434763754049e-13
-9.359999999999999432e+00 9.279458231806468503e-13
-9.339999999999999858e+00 1.138449074597575957e-12
-9.320000000000000284e+00 1.381234572116179973e-12
-9.300000000000000711e+00 1.661060693815204076e-12
-9.279999999999999361e+00 1.975513067100533080e-12
-9.259999999999999787e+00 2.316455635331098015e-12
-9.240000000000000213e+00 2.682535179321847084e-12
-9.220000000000000639e+00 3.057863116153932867e-12
-9.199999999999999289e+00 3.449605573210434074e-12
-9.179999999999999716e+00 3.823221700453336690e-12
-9.160000000000000142e+00 4.150634631768094664e-12
-9.140000000000000568e+00 4.436296821923221916e-12
-9.119999999999999218e+00 4.663039380568067675e-12
-9.099999999999999645e+00 4.829464695742366273e-12
-9.080000000000000071e+00 4.928739469433503778e-12
-9.060000000000000497e+00 4.953190037787759335e-12
-9.039999999999999147e+00 4.908847907679358640e-12
-9.019999999999999574e+00 4.789487020636622997e-12
-9.000000000000000000e+00 4.617334625198396039e-12
-8.980000000000000426e+00 4.376663764866788909e-12
-8.960000000000000853e+00 4.050535580436040039e-12
-8.939999999999999503e+00 3.669892042020284151e-12
-8.919999999999999929e+00 3.239644426131609984e-12
-8.900000000000000355e+00 2.784443863336872930e-12
-8.880000000000000782e+00 2.317561047463427905e-12
-8.859999999999999432e+00 1.857951772660181090e-12
-8.839999999999999858e+00 1.433185417381376015e-12
-8.820000000000000284e+00 1.052469060845334965e-12
-8.800000000000000711e+00 7.436403351833377583e-13
-8.779999999999999361e+00 5.004302845539727048e-13
-8.759999999999999787e+00 3.118623754723767296e-13
-8.740000000000000213e+00 1.844773812161736094e-13
-8.720000000000000639e+00 1.030981480561897067e-13
-8.699999999999999289e+00 5.555251187367155229e-14
-8.679999999999999716e+00 2.887526177261808284e-14
-8.660000000000000142e+00 1.462977459916033274e-14
-8.640000000000000568e+00 7.354201873933494693e-15
-8.619999999999999218e+00 3.641050362030472162e-15
-8.599999999999999645e+00 1.820038383578160046e-15
-8.580000000000000071e+00 9.160663578964546488e-16
-8.560000000000000497e+00 4.612353254111161725e-16
-8.539999999999999147e+00 2.371655759589046304e-16
-8.519999999999999574e+00 1.256549550559830927e-16
-8.500000000000000000e+00 6.888426393563657844e-17
-8.480000000000000426e+00 3.974410342962432743e-17
-8.460000000000000853e+00 2.419132793260671951e-17
-8.439999999999999503e+00 1.559051997237448845e-17
-8.419999999999999929e+00 1.081993341322167999e-17
-8.400000000000000355e+00 7.977633363872379206e-18
-8.380000000000000782e+00 6.136644531339636467e-18
-8.359999999999999432e+00 5.349535869565513278e-18
-8.339999999999999858e+00 4.961384576154443451e-18
-8.320000000000000284e+00 5.023114707216379167e-18
-8.300000000000000711e+00 5.360924496489048289e-18
-8.279999999999999361e+00 6.110586736609809105e-18
-8.259999999999999787e+00 7.293233715407168098e-18
-8.240000000000000213e+00 8.812428753492266067e-18
-8.220000000000000639e+00 1.100582124768848929e-17
-8.199999999999999289e+00 1.291459724424422972e-17
-8.179999999999999716e+00 1.564809331265352998e-17
-8.160000000000000142e+00 1.917630210836836861e-17
-8.140000000000000568e+00 2.250130982909527894e-17
-8.119999999999999218e+00 2.593499543826518863e-17
-8.099999999999999645e+00 2.860885118176506771e-17
-8.080000000000000071e+00 2.985108874606017779e-17
-8.060000000000000497e+00 3.010623920953082600e-17
-8.039999999999999147e+00 2.857609691182999958e-17
-8.019999999999999574e+00 2.644882995261308979e-17
-8.000000000000000000e+00 2.236262592674022988e-17
-7.980000000000000426e+00 1.916875617908383997e-17
-7.959999999999999964e+00 1.673308604219829899e-17
-7.940000000000000391e+00 1.459427211692901016e-17
-7.919999999999999929e+00 1.338254808809444915e-17
-7.900000000000000355e+00 1.293536226683266939e-17
-7.879999999999999893e+00 1.347874767199176988e-17
-7.860000000000000320e+00 1.574499941668091800e-17
-7.839999999999999858e+00 2.049174387021690916e-17
-7.820000000000000284e+00 3.111779858127946767e-17
-7.799999999999999822e+00 5.169496283250764658e-17
-7.780000000000000249e+00 1.026346097350109097e-16
-7.759999999999999787e+00 2.413019175518554228e-16
-7.740000000000000213e+00 6.342495243905801888e-16
-7.719999999999999751e+00 1.871933430955321011e-15
-7.700000000000000178e+00 5.967398735379756976e-15
-7.679999999999999716e+00 1.974530612915703160e-14
-7.660000000000000142e+00 6.632518927149372055e-14
-7.639999999999999680e+00 2.083553703812824973e-13
-7.620000000000000107e+00 5.698282583118538102e-13
-7.599999999999999645e+00 1.251621007241704986e-12
-7.580000000000000071e+00 2.274214143899270991e-12
-7.559999999999999609e+00 3.562079396444876845e-12
-7.540000000000000036e+00 5.001711526259610858e-12
-7.519999999999999574e+00 6.507918341730801289e-12
-7.500000000000000000e+00 8.015964471125409537e-12
-7.480000000000000426e+00 9.482389921575071503e-12
-7.459999999999999964e+00 1.087736438627644934e-11
-7.440000000000000391e+00 1.217960583789082917e-11
-7.419999999999999929e+00 1.337433683400288992e-11
-7.400000000000000355e+00 1.445276794192630933e-11
-7.379999999999999893e+00 1.540668035963361980e-11
-7.360000000000000320e+00 1.622766820400035836e-11
-7.339999999999999858e+00 1.691762316707152894e-11
-7.320000000000000284e+00 1.747622249693033058e-11
-7.299999999999999822e+00 1.790737752288399784e-11
-7.280000000000000249e+00 1.821439441389960820e-11
-7.259999999999999787e+00 1.840217618718432767e-11
-7.240000000000000213e+00 1.847764250062654069e-11
-7.219999999999999751e+00 1.844592409451438796e-11
-7.200000000000000178e+00 1.831757066874931787e-11
-7.179999999999999716e+00 1.809551546397878874e-11
-7.160000000000000142e+00 1.777846959627523887e-11
-7.139999999999999680e+00 1.737655178787924063e-11
-7.120000000000000107e+00 1.689188261197289047e-11
-7.099999999999999645e+00 1.633123577724958894e-11
-7.080000000000000071e+00 1.569707094533953076e-11
-7.059999999999999609e+00 1.499272143403065828e-11
-7.040000000000000036e+00 1.422484235953365959e-11
-7.019999999999999574e+00 1.339405828950463889e-11
-7.000000000000000000e+00 1.251194202345307982e-11
-6.980000000000000426e+00 1.157341056611629872e-11
-6.959999999999999964e+00 1.057211950652321023e-11
-6.940000000000000391e+00 9.522699426428198288e-12
-6.919999999999999929e+00 8.431847103988316154e-12
-6.900000000000000355e+00 7.314588356649385959e-12
-6.879999999999999893e+00 6.185549720529593534e-12
-6.860000000000000320e+00 5.065552917274217928e-12
-6.839999999999999858e+00 3.984322668813347834e-12
-6.820000000000000284e+00 2.973271410866460785e-12
-6.799999999999999822e+00 2.076525159110174139e-12
-6.780000000000000249e+00 1.330549059637171000e-12
-6.759999999999999787e+00 7.653972591306077950e-13
-6.740000000000000213e+00 3.912234559796550191e-13
-6.719999999999999751e+00 1.783469831378409972e-13
-6.700000000000000178e+00 7.405091218058308230e-14
-6.679999999999999716e+00 2.874190130006079993e-14
-6.660000000000000142e+00 1.065183049010623046e-14
-6.639999999999999680e+00 3.839183772716043668e-15
-6.620000000000000107e+00 1.365254942390918035e-15
-6.599999999999999645e+00 4.855260199252671139e-16
-6.580000000000000071e+00 1.754385984774173015e-16
-6.559999999999999609e+00 6.573108810269533900e-17
-6.540000000000000036e+00 2.587496265544143799e-17
-6.519999999999999574e+00 1.093932146096398956e-17
-6.500000000000000000e+00 5.072462807474929382e-18
-6.480000000000000426e+00 2.603728075006105956e-18
-6.459999999999999964e+00 1.512543959509138046e-18
-6.440000000000000391e+00 1.003114663476116019e-18
-6.419999999999999929e+00 7.646214607202795294e-19
-6.400000000000000355e+00 6.729284163443065587e-19
-6.379999999999999893e+00 6.863114301339293119e-19
-6.360000000000000320e+00 7.925968208890214462e-19
-6.339999999999999858e+00 1.039163713295994013e-18
-6.320000000000000284e+00 1.514108538173437179e-18
-6.299999999999999822e+00 2.406311245918358134e-18
-6.280000000000000249e+00 4.106464715146238123e-18
-6.259999999999999787e+00 7.343501804178060796e-18
-6.240000000000000213e+00 1.354522453634116921e-17
-6.219999999999999751e+00 2.514334329282997812e-17
-6.200000000000000178e+00 4.679726948422687880e-17
-6.179999999999999716e+00 8.432538872912762653e-17
-6.160000000000000142e+00 1.459361145228332933e-16
-6.139999999999999680e+00 2.409673976043118901e-16
-6.120000000000000107e+00 3.761571964898595131e-16
-6.099999999999999645e+00 5.526471004939482599e-16
-6.080000000000000071e+00 7.581729822389931492e-16
-6.059999999999999609e+00 9.747790716132586187e-16
-6.040000000000000036e+00 1.165627107563918932e-15
-6.019999999999999574e+00 1.302611870589407028e-15
-6.000000000000000000e+00 1.337376031815498071e-15
-5.980000000000000426e+00 1.294270653020063954e-15
-5.959999999999999964e+00 1.192533345106377955e-15
-5.940000000000000391e+00 1.032519153443098021e-15
-5.919999999999999929e+00 8.602672191451779792e-16
-5.900000000000000355e+00 6.835772355252952404e-16
-5.879999999999999893e+00 5.327225777849438914e-16
-5.860000000000000320e+00 4.099682239377949039e-16
-5.839999999999999858e+00 3.125823387974191350e-16
-5.820000000000000284e+00 2.451692767927334237e-16
-5.799999999999999822e+00 1.955789225118876030e-16
-5.780000000000000249e+00 1.620173874831383150e-16
-5.759999999999999787e+00 1.488317322930170025e-16
-5.740000000000000213e+00 1.476493383165033941e-16
-5.719999999999999751e+00 1.617202434867266939e-16
-5.700000000000000178e+00 1.928390638431371978e-16
-5.679999999999999716e+00 2.526798419419221025e-16
-5.660000000000000142e+00 3.597977067257204172e-16
-5.639999999999999680e+00 5.462999189220763367e-16
-5.620000000000000107e+00 8.793493601596133799e-16
-5.599999999999999645e+00 1.468383793124070935e-15
-5.580000000000000071e+00 2.510190304838148831e-15
-5.559999999999999609e+00 4.326210905272402722e-15
-5.540000000000000036e+00 7.401900913006063804e-15
-5.519999999999999574e+00 1.240734643582321087e-14
-5.500000000000000000e+00 2.025353136010382093e-14
-5.480000000000000426e+00 3.195987880746329311e-14
-5.459999999999999964e+00 4.868946818346712242e-14
-5.440000000000000391e+00 7.170045140303734238e-14
-5.419999999999999929e+00 1.020649717306904068e-13
-5.400000000000000355e+00 1.414729421395927009e-13
-5.379999999999999893e+00 1.913618519914296124e-13
-5.360000000000000320e+00 2.532134366943927301e-13
-5.339999999999999858e+00 3.304842664662562236e-13
-5.320000000000000284e+00 4.271394279925459965e-13
-5.299999999999999822e+00 5.489828087158465638e-13
-5.280000000000000249e+00 7.029985789549790321e-13
-5.259999999999999787e+00 8.974201379980517936e-13
-5.240000000000000213e+00 1.140873998246561936e-12
-5.219999999999999751e+00 1.440567185172102904e-12
-5.200000000000000178e+00 1.801718265744698880e-12
-5.179999999999999716e+00 2.224190442725994922e-12
-5.160000000000000142e+00 2.702404143786345909e-12
-5.139999999999999680e+00 3.227738074972065122e-12
-5.120000000000000107e+00 3.786370930184244912e-12
-5.099999999999999645e+00 4.363133007920328605e-12
-5.080000000000000071e+00 4.941149600648801996e-12
-5.059999999999999609e+00 5.503099249054642640e-12
-5.040000000000000036e+00 6.033092896867336311e-12
-5.019999999999999574e+00 6.515196556875283695e-12
-5.000000000000000000e+00 6.936397479395169624e-12
-4.980000000000000426e+00 7.282976521998177456e-12
-4.959999999999999964e+00 7.544195158280519523e-12
-4.940000000000000391e+00 7.712444441858992562e-12
-4.919999999999999929e+00 7.781637523956232701e-12
-4.900000000000000355e+00 7.748065897175865417e-12
-4.879999999999999893e+00 7.610443101282343818e-12
-4.860000000000000320e+00 7.370280488604927761e-12
-4.839999999999999858e+00 7.031342895801777546e-12
-4.820000000000000284e+00 6.600627743731209941e-12
-4.799999999999999822e+00 6.086671569651108921e-12
-4.780000000000000249e+00 5.503334704829803820e-12
-4.759999999999999787e+00 4.868091342629075231e-12
-4.740000000000000213e+00 4.198593155484165038e-12
-4.719999999999999751e+00 3.517778621129693803e-12
-4.700000000000000178e+00 2.849726690465250162e-12
-4.679999999999999716e+00 2.220993077442054837e-12
-4.660000000000000142e+00 1.657853288683341975e-12
-4.639999999999999680e+00 1.181138800829364955e-12
-4.620000000000000107e+00 8.041513183460616308e-13
-4.599999999999999645e+00 5.264413794510716116e-13
-4.580000000000000071e+00 3.360547000120916134e-13
-4.559999999999999609e+00 2.120419942781804060e-13
-4.540000000000000036e+00 1.346157892271565043e-13
-4.519999999999999574e+00 8.687769860370038467e-14
-4.500000000000000000e+00 5.754240307620091197e-14
-4.480000000000000426e+00 3.933814282904875461e-14
-4.459999999999999964e+00 2.770149483829498161e-14
-4.440000000000000391e+00 2.014848974533538046e-14
-4.419999999999999929e+00 1.500901522725111276e-14
-4.400000000000000355e+00 1.151348902576016080e-14
-4.379999999999999893e+00 9.054494813747168240e-15
-4.360000000000000320e+00 7.099870017617364686e-15
-4.339999999999999858e+00 5.630707332993796584e-15
-4.320000000000000284e+00 4.459507959343175610e-15
-4.299999999999999822e+00 3.550185650157575955e-15
-4.280000000000000249e+00 2.815754499279972759e-15
-4.259999999999999787e+00 2.228607789148257949e-15
-4.240000000000000213e+00 1.772755486674711925e-15
-4.219999999999999751e+00 1.403483077348838984e-15
-4.200000000000000178e+00 1.125242836546563975e-15
-4.179999999999999716e+00 9.175148340965216587e-16
-4.160000000000000142e+00 7.346846594152494464e-16
-4.139999999999999680e+00 5.957975875548438570e-16
-4.120000000000000107e+00 4.837325547488510506e-16
-4.099999999999999645e+00 3.986943788582486042e-16
-4.080000000000000071e+00 3.300128585719767145e-16
-4.059999999999999609e+00 2.753671481879965056e-16
-4.040000000000000036e+00 2.330368097548678030e-16
-4.019999999999999574e+00 1.971069024901786104e-16
-4.000000000000000000e+00 1.690273487116488038e-16
-3.979999999999999982e+00 1.462176624800183153e-16
-3.959999999999999964e+00 1.240673822371993123e-16
-3.939999999999999947e+00 1.053648854724974055e-16
-3.919999999999999929e+00 8.902179057167292935e-17
-3.899999999999999911e+00 7.536399147219107001e-17
-3.879999999999999893e+00 6.388721480176791703e-17
-3.859999999999999876e+00 5.459288303381243882e-17
-3.839999999999999858e+00 4.738785923812474584e-17
-3.819999999999999840e+00 4.202790997826208969e-17
-3.799999999999999822e+00 3.855364278190267654e-17
-3.779999999999999805e+00 3.667844052969964543e-17
-3.759999999999999787e+00 3.710514845874671009e-17
-3.740000000000000213e+00 3.995418681000322825e-17
-3.720000000000000195e+00 4.635295374208292612e-17
-3.700000000000000178e+00 5.818738177836965973e-17
-3.680000000000000160e+00 7.924660901466854075e-17
-3.660000000000000142e+00 1.167420974382615927e-16
-3.640000000000000124e+00 1.849402596934978142e-16
-3.620000000000000107e+00 3.136082883348756988e-16
-3.600000000000000089e+00 5.556476492911498007e-16
-3.580000000000000071e+00 1.018112340758644046e-15
-3.560000000000000053e+00 1.916717380501546120e-15
-3.540000000000000036e+00 3.608255678564988622e-15
-3.520000000000000018e+00 6.721199132558816873e-15
-3.500000000000000000e+00 1.217536511700180137e-14
-3.479999999999999982e+00 2.117130145134630200e-14
-3.459999999999999964e+00 3.514404626874961236e-14
-3.439999999999999947e+00 5.509433078687422375e-14
-3.419999999999999929e+00 8.178081564443739102e-14
-3.399999999999999911e+00 1.138402670281471945e-13
-3.379999999999999893e+00 1.492335375147006147e-13
-3.359999999999999876e+00 1.883537007438562169e-13
-3.339999999999999858e+00 2.260477247560344081e-13
-3.319999999999999840e+00 2.608189680162050229e-13
-3.299999999999999822e+00 2.891294402404600013e-13
-3.279999999999999805e+00 3.089418688081825056e-13
-3.259999999999999787e+00 3.205230759461468343e-13
-3.240000000000000213e+00 3.219601628410229954e-13
-3.220000000000000195e+00 3.162346725362961923e-13
-3.200000000000000178e+00 3.009229934764942306e-13
-3.180000000000000160e+00 2.801394472233682354e-13
-3.160000000000000142e+00 2.609127574791167010e-13
-3.140000000000000124e+00 2.401997228303746924e-13
-3.120000000000000107e+00 2.210856678892174155e-13
-3.100000000000000089e+00 2.033414062768355070e-13
-3.080000000000000071e+00 1.876486275985693172e-13
-3.060000000000000053e+00 1.751240770584731035e-13
-3.040000000000000036e+00 1.648162461667232965e-13
-3.020000000000000018e+00 1.579000534751592192e-13
-3.000000000000000000e+00 1.523759491039681000e-13
-2.979999999999999982e+00 1.505093677228610163e-13
-2.959999999999999964e+00 1.520244755461764187e-13
-2.939999999999999947e+00 1.560856103036069044e-13
-2.919999999999999929e+00 1.628911478990474085e-13
-2.899999999999999911e+00 1.723218592348985100e-13
-2.879999999999999893e+00 1.845322178570186094e-13
-2.859999999999999876e+00 1.997257141966745094e-13
-2.839999999999999858e+00 2.182872494494309013e-13
-2.819999999999999840e+00 2.406045147753879055e-13
-2.799999999999999822e+00 2.681319584324270959e-13
-2.779999999999999805e+00 3.019883812850575170e-13
-2.759999999999999787e+00 3.408385231614692091e-13
-2.740000000000000213e+00 3.881033790834001278e-13
-2.720000000000000195e+00 4.442621296533216330e-13
-2.700000000000000178e+00 5.128689344114192776e-13
-2.680000000000000160e+00 5.956108312504927529e-13
-2.660000000000000142e+00 6.952566043179613194e-13
-2.640000000000000124e+00 8.166901087720591346e-13
-2.620000000000000107e+00 9.604642291896053249e-13
-2.600000000000000089e+00 1.135546856674429024e-12
-2.580000000000000071e+00 1.338962286570525953e-12
-2.560000000000000053e+00 1.557589263060983964e-12
-2.540000000000000036e+00 1.797715532258810959e-12
-2.520000000000000018e+00 2.050286773373354068e-12
-2.500000000000000000e+00 2.313600942108364044e-12
-2.479999999999999982e+00 2.578152415989617777e-12
-2.459999999999999964e+00 2.835789334041525948e-12
-2.439999999999999947e+00 3.082559899203093962e-12
-2.419999999999999929e+00 3.306377175631335786e-12
-2.399999999999999911e+00 3.509973655584820093e-12
-2.379999999999999893e+00 3.677886945656968619e-12
-2.359999999999999876e+00 3.792288324194605613e-12
-2.339999999999999858e+00 3.860219515001343691e-12
-2.319999999999999840e+00 3.876851475670797057e-12
-2.299999999999999822e+00 3.845282974829268033e-12
-2.279999999999999805e+00 3.766944904725873583e-12
-2.259999999999999787e+00 3.643522599911483692e-12
-2.240000000000000213e+00 3.483400380994769038e-12
-2.220000000000000195e+00 3.290158038576028959e-12
-2.200000000000000178e+00 3.077934578922935769e-12
-2.180000000000000160e+00 2.849555500012423112e-12
-2.160000000000000142e+00 2.608367126201185074e-12
-2.140000000000000124e+00 2.371646720582685109e-12
-2.120000000000000107e+00 2.149595116560575964e-12
-2.100000000000000089e+00 1.956231131832180138e-12
-2.080000000000000071e+00 1.803210391432439017e-12
-2.060000000000000053e+00 1.704992501005040012e-12
-2.040000000000000036e+00 1.683865941058708963e-12
-2.020000000000000018e+00 1.774551939223524969e-12
-2.000000000000000000e+00 2.049999988995841776e-12
-1.979999999999999982e+00 2.600123177253888088e-12
-1.959999999999999964e+00 3.535014049668018064e-12
-1.939999999999999947e+00 4.999348631666378724e-12
-1.919999999999999929e+00 7.116907450623263180e-12
-1.899999999999999911e+00 9.926189966852049753e-12
-1.879999999999999893e+00 1.331077591382748960e-11
-1.860000000000000098e+00 1.701866805050922812e-11
-1.840000000000000080e+00 2.076904724911464923e-11
-1.820000000000000062e+00 2.435539306370834915e-11
-1.800000000000000044e+00 2.767581626350173811e-11
-1.780000000000000027e+00 3.071274028808563783e-11
-1.760000000000000009e+00 3.349093074729061007e-11
-1.739999999999999991e+00 3.604658496522373785e-11
-1.719999999999999973e+00 3.841889868524619562e-11
-1.699999999999999956e+00 4.064081778981262617e-11
-1.679999999999999938e+00 4.273964501419106645e-11
-1.659999999999999920e+00 4.473705702615803540e-11
-1.639999999999999902e+00 4.664884824712562582e-11
-1.620000000000000107e+00 4.848826236386193690e-11
-1.600000000000000089e+00 5.026365854128201706e-11
-1.580000000000000071e+00 5.198513391966228842e-11
-1.560000000000000053e+00 5.366194445000780813e-11
-1.540000000000000036e+00 5.529726792147987911e-11
-1.520000000000000018e+00 5.689549952204861734e-11
-1.500000000000000000e+00 5.845926223417587649e-11
-1.479999999999999982e+00 5.999152523479305772e-11
-1.459999999999999964e+00 6.149463069169404689e-11
-1.439999999999999947e+00 6.297019494859182954e-11
-1.419999999999999929e+00 6.442032203247564141e-11
-1.399999999999999911e+00 6.584609386701736984e-11
-1.379999999999999893e+00 6.724957496907485178e-11
-1.360000000000000098e+00 6.863210288871754928e-11
-1.340000000000000080e+00 6.999408319206921241e-11
-1.320000000000000062e+00 7.133597667926239145e-11
-1.300000000000000044e+00 7.265814463619372013e-11
-1.280000000000000027e+00 7.396081587149335755e-11
-1.260000000000000009e+00 7.524410987913223739e-11
-1.239999999999999991e+00 7.650805330432539206e-11
-1.219999999999999973e+00 7.775250884114661684e-11
-1.199999999999999956e+00 7.897728728497318120e-11
-1.179999999999999938e+00 8.018203631781300228e-11
-1.159999999999999920e+00 8.136645606775116707e-11
-1.139999999999999902e+00 8.253025181952618793e-11
-1.120000000000000107e+00 8.367310180008284166e-11
-1.100000000000000089e+00 8.479469177266668208e-11
-1.080000000000000071e+00 8.589469848401222229e-11
-1.060000000000000053e+00 8.697280167613599090e-11
-1.040000000000000036e+00 8.802881571541671121e-11
-1.020000000000000018e+00 8.906251447115623921e-11
-1.000000000000000000e+00 9.007432220652399883e-11
-9.799999999999999822e-01 9.106353506331231228e-11
-9.599999999999999645e-01 9.202927659561587195e-11
-9.399999999999999467e-01 9.297203501957947665e-11
-9.200000000000000400e-01 9.389136110344675713e-11
-9.000000000000000222e-01 9.478756723253017750e-11
-8.800000000000000044e-01 9.566039975799235687e-11
-8.599999999999999867e-01 9.650982134939923423e-11
-8.399999999999999689e-01 9.733621252024395740e-11
-8.199999999999999512e-01 9.813920188362499485e-11
-8.000000000000000444e-01 9.891964593258639100e-11
-7.800000000000000266e-01 9.967612962061719269e-11
-7.600000000000000089e-01 1.004082760539407891e-10
-7.399999999999999911e-01 1.011166794861784919e-10
-7.199999999999999734e-01 1.018014592045287903e-10
-6.999999999999999556e-01 1.024627449812883883e-10
-6.800000000000000488e-01 1.031006247485909932e-10
-6.600000000000000311e-01 1.037151983755347881e-10
-6.400000000000000133e-01 1.043064001098617886e-10
-6.199999999999999956e-01 1.048743728448060857e-10
-5.999999999999999778e-01 1.054185861304143883e-10
-5.799999999999999600e-01 1.059398738352209849e-10
-5.600000000000000533e-01 1.064398505221657882e-10
-5.400000000000000355e-01 1.069178335162527910e-10
-5.200000000000000178e-01 1.073743344486312870e-10
-5.000000000000000000e-01 1.078091710794904866e-10
-4.799999999999999822e-01 1.082225686023210868e-10
-4.600000000000000200e-01 1.086148675314947942e-10
-4.400000000000000022e-01 1.089859134340702927e-10
-4.199999999999999845e-01 1.093361965694507876e-10
-4.000000000000000222e-01 1.096652028410214933e-10
-3.800000000000000044e-01 1.099742916128712842e-10
-3.599999999999999867e-01 1.102643869187311930e-10
-3.400000000000000244e-01 1.105350820078749839e-10
-3.200000000000000067e-01 1.107868339238678933e-10
-2.999999999999999889e-01 1.110195802010724961e-10
-2.800000000000000266e-01 1.112335808338253919e-10
-2.600000000000000089e-01 1.114291722844165897e-10
-2.399999999999999911e-01 1.116062920105551944e-10
-2.200000000000000011e-01 1.117654125546409957e-10
-2.000000000000000111e-01 1.119060455186631846e-10
-1.799999999999999933e-01 1.120297376368653883e-10
-1.600000000000000033e-01 1.121376930252532872e-10
-1.400000000000000133e-01 1.122295202164690859e-10
-1.199999999999999956e-01 1.123058121653472882e-10
-1.000000000000000056e-01 1.123666973548080942e-10
-8.000000000000000167e-02 1.124128962760409955e-10
-5.999999999999999778e-02 1.124451992015992934e-10
-4.000000000000000083e-02 1.124646960593362908e-10
-2.000000000000000042e-02 1.124732797834611960e-10
-1.459349999999999989e-16 1.124742236567921874e-10
