-2.400000000000000000e+01 7.312391907386848189e-01
-2.300000000000000000e+01 7.302180161808808911e-01
-2.200000000000000000e+01 7.297795936519196891e-01
-2.100000000000000000e+01 7.297077227888987272e-01
-2.000000000000000000e+01 7.299920641337407368e-01
-1.900000000000000000e+01 7.306190615265634181e-01
-1.800000000000000000e+01 7.317073182573423651e-01
-1.700000000000000000e+01 7.332539110184591591e-01
-1.698000000000000043e+01 7.332905694751949977e-01
-1.696000000000000085e+01 7.333277092178319689e-01
-1.694000000000000128e+01 7.333652640999370753e-01
-1.692000000000000171e+01 7.334032409355162319e-01
-1.689999999999999858e+01 7.334416115686560600e-01
-1.687999999999999901e+01 7.334803927327461226e-01
-1.685999999999999943e+01 7.335195971984066476e-01
-1.683999999999999986e+01 7.335592238268995313e-01
-1.682000000000000028e+01 7.335993156830930007e-01
-1.680000000000000071e+01 7.336398607831992047e-01
-1.678000000000000114e+01 7.336809616479952334e-01
-1.676000000000000156e+01 7.337226756597201582e-01
-1.673999999999999844e+01 7.337650129628054962e-01
-1.671999999999999886e+01 7.338080065503107541e-01
-1.669999999999999929e+01 7.338516923835195493e-01
-1.667999999999999972e+01 7.338961085530122386e-01
-1.666000000000000014e+01 7.339412947234363882e-01
-1.664000000000000057e+01 7.339873093862919751e-01
-1.662000000000000099e+01 7.340341906408935913e-01
-1.660000000000000142e+01 7.340820612662897204e-01
-1.657999999999999829e+01 7.341308809942654889e-01
-1.655999999999999872e+01 7.341804413731969348e-01
-1.653999999999999915e+01 7.342308917766352527e-01
-1.651999999999999957e+01 7.342821717778880153e-01
-1.650000000000000000e+01 7.343343730695515159e-01
-1.648000000000000043e+01 7.343875053583468482e-01
-1.646000000000000085e+01 7.344415418652290306e-01
-1.644000000000000128e+01 7.344965973410717552e-01
-1.642000000000000171e+01 7.345525957043042009e-01
-1.639999999999999858e+01 7.346097561633497808e-01
-1.637999999999999901e+01 7.346677894002482390e-01
-1.635999999999999943e+01 7.347262823122470143e-01
-1.633999999999999986e+01 7.347854839656876580e-01
-1.632000000000000028e+01 7.348453220408273090e-01
-1.630000000000000071e+01 7.349058913967786433e-01
-1.628000000000000114e+01 7.349671578717948961e-01
-1.626000000000000156e+01 7.350291165851413622e-01
-1.623999999999999844e+01 7.350918291205589261e-01
-1.621999999999999886e+01 7.351552238390920424e-01
-1.619999999999999929e+01 7.352193959361220665e-01
-1.617999999999999972e+01 7.352841689915996515e-01
-1.616000000000000014e+01 7.353495201741537812e-01
-1.614000000000000057e+01 7.354155155911038522e-01
-1.612000000000000099e+01 7.354821776345399353e-01
-1.610000000000000142e+01 7.355495242695184732e-01
-1.607999999999999829e+01 7.356175711049915966e-01
-1.605999999999999872e+01 7.356863319127717737e-01
-1.603999999999999915e+01 7.357558095367052742e-01
-1.601999999999999957e+01 7.358260218887581194e-01
-1.600000000000000000e+01 7.358969564846449263e-01
-1.598000000000000043e+01 7.359686551194162263e-01
-1.596000000000000085e+01 7.360411531674764252e-01
-1.593999999999999950e+01 7.361144278943948516e-01
-1.591999999999999993e+01 7.361884715727768924e-01
-1.590000000000000036e+01 7.362632745598537420e-01
-1.588000000000000078e+01 7.363388232245381415e-01
-1.585999999999999943e+01 7.364151007928650960e-01
-1.583999999999999986e+01 7.364920954342726311e-01
-1.582000000000000028e+01 7.365697802477619849e-01
-1.580000000000000071e+01 7.366481578587964485e-01
-1.577999999999999936e+01 7.367271518825686538e-01
-1.575999999999999979e+01 7.368066935508387205e-01
-1.574000000000000021e+01 7.368867762055651971e-01
-1.572000000000000064e+01 7.369673590546129693e-01
-1.569999999999999929e+01 7.370484185920770370e-01
-1.567999999999999972e+01 7.371299221781537625e-01
-1.566000000000000014e+01 7.372118324012175705e-01
-1.564000000000000057e+01 7.372941213274629702e-01
-1.561999999999999922e+01 7.373767514560841674e-01
-1.559999999999999964e+01 7.374596787106844076e-01
-1.558000000000000007e+01 7.375428836274544597e-01
-1.556000000000000050e+01 7.376263995923426631e-01
-1.553999999999999915e+01 7.377101783241395427e-01
-1.551999999999999957e+01 7.377942247257920361e-01
-1.550000000000000000e+01 7.378785009263226780e-01
-1.548000000000000043e+01 7.379629980029400738e-01
-1.546000000000000085e+01 7.380477071947063594e-01
-1.543999999999999950e+01 7.381325834259189200e-01
-1.541999999999999993e+01 7.382176363444664657e-01
-1.540000000000000036e+01 7.383027787369177419e-01
-1.538000000000000078e+01 7.383880943176146516e-01
-1.535999999999999943e+01 7.384737415768641844e-01
-1.533999999999999986e+01 7.385596198734415418e-01
-1.532000000000000028e+01 7.386457675965369951e-01
-1.530000000000000071e+01 7.387321366877813711e-01
-1.527999999999999936e+01 7.388187328482264116e-01
-1.525999999999999979e+01 7.389055782661048122e-01
-1.524000000000000021e+01 7.389926261954981035e-01
-1.522000000000000064e+01 7.390799311138894767e-01
-1.519999999999999929e+01 7.391673865622384598e-01
-1.517999999999999972e+01 7.392552167034880384e-01
-1.516000000000000014e+01 7.393435986405332283e-01
-1.514000000000000057e+01 7.394324606795322774e-01
-1.511999999999999922e+01 7.395218841937020171e-01
-1.509999999999999964e+01 7.396118717161537237e-01
-1.508000000000000007e+01 7.397024982301985130e-01
-1.506000000000000050e+01 7.397938291423856727e-01
-1.503999999999999915e+01 7.398859022974421107e-01
-1.501999999999999957e+01 7.399788346294876584e-01
-1.500000000000000000e+01 7.400726611109932351e-01
-1.498000000000000043e+01 7.401675564424375908e-01
-1.496000000000000085e+01 7.402636391646744141e-01
-1.493999999999999950e+01 7.403609647725715170e-01
-1.491999999999999993e+01 7.404596069556567128e-01
-1.490000000000000036e+01 7.405596600854618128e-01
-1.488000000000000078e+01 7.406612067911683139e-01
-1.485999999999999943e+01 7.407643355712110189e-01
-1.483999999999999986e+01 7.408691596427378068e-01
-1.482000000000000028e+01 7.409757537754276813e-01
-1.480000000000000071e+01 7.410842917026000398e-01
-1.477999999999999936e+01 7.411947273024134253e-01
-1.475999999999999979e+01 7.413070287522895985e-01
-1.474000000000000021e+01 7.414213654744111759e-01
-1.472000000000000064e+01 7.415377955186256420e-01
-1.469999999999999929e+01 7.416564592409053969e-01
-1.467999999999999972e+01 7.417774627603470616e-01
-1.466000000000000014e+01 7.419009029991695536e-01
-1.464000000000000057e+01 7.420269457346161390e-01
-1.461999999999999922e+01 7.421556848832630005e-01
-1.459999999999999964e+01 7.422873348462311061e-01
-1.458000000000000007e+01 7.424219349144106639e-01
-1.456000000000000050e+01 7.425594788296433491e-01
-1.453999999999999915e+01 7.427002076908366668e-01
-1.451999999999999957e+01 7.428442361598561750e-01
-1.450000000000000000e+01 7.429917476532170717e-01
-1.448000000000000043e+01 7.431428620245035255e-01
-1.446000000000000085e+01 7.432977053200041651e-01
-1.443999999999999950e+01 7.434564219571315746e-01
-1.441999999999999993e+01 7.436190633633237290e-01
-1.440000000000000036e+01 7.437858035012919755e-01
-1.438000000000000078e+01 7.439564704518394356e-01
-1.435999999999999943e+01 7.441309290613787875e-01
-1.433999999999999986e+01 7.443092364948816764e-01
-1.432000000000000028e+01 7.444912931698616232e-01
-1.430000000000000071e+01 7.446770366671391361e-01
-1.427999999999999936e+01 7.448663434255877736e-01
-1.425999999999999979e+01 7.450590250090602940e-01
-1.424000000000000021e+01 7.452549184510626201e-01
-1.422000000000000064e+01 7.454537893836407081e-01
-1.419999999999999929e+01 7.456553991336385412e-01
-1.417999999999999972e+01 7.458595042762319327e-01
-1.416000000000000014e+01 7.460658784862361781e-01
-1.414000000000000057e+01 7.462742771021766419e-01
-1.411999999999999922e+01 7.464844596841727631e-01
-1.409999999999999964e+01 7.466961930649174128e-01
-1.408000000000000007e+01 7.469092433348688553e-01
-1.406000000000000050e+01 7.471233924516761382e-01
-1.403999999999999915e+01 7.473384680183641215e-01
-1.401999999999999957e+01 7.475542646671075042e-01
-1.400000000000000000e+01 7.477707778398520189e-01
-1.398000000000000043e+01 7.479876669017421209e-01
-1.396000000000000085e+01 7.482042214101700672e-01
-1.393999999999999950e+01 7.484204814670245565e-01
-1.391999999999999993e+01 7.486360206777573634e-01
-1.390000000000000036e+01 7.488507192129101320e-01
-1.388000000000000078e+01 7.490642717359025093e-01
-1.385999999999999943e+01 7.492762510431024703e-01
-1.383999999999999986e+01 7.494865240196841860e-01
-1.382000000000000028e+01 7.496944670145542222e-01
-1.380000000000000071e+01 7.499002049804707193e-01
-1.377999999999999936e+01 7.501022117375698572e-01
-1.375999999999999979e+01 7.502992331182559704e-01
-1.374000000000000021e+01 7.504910257246387717e-01
-1.372000000000000064e+01 7.506765968030560954e-01
-1.369999999999999929e+01 7.508552104265825422e-01
-1.367999999999999972e+01 7.510258240649545503e-01
-1.366000000000000014e+01 7.511871749625040895e-01
-1.364000000000000057e+01 7.513381427074471430e-01
-1.361999999999999922e+01 7.514771990776499822e-01
-1.359999999999999964e+01 7.516030489786174051e-01
-1.358000000000000007e+01 7.517141458478366900e-01
-1.356000000000000050e+01 7.518093870106987708e-01
-1.353999999999999915e+01 7.518883041817874258e-01
-1.351999999999999957e+01 7.519513404331097384e-01
-1.350000000000000000e+01 7.520006905499618810e-01
-1.348000000000000043e+01 7.520414190952066091e-01
-1.346000000000000085e+01 7.520833826744509620e-01
-1.343999999999999950e+01 7.521443300193125792e-01
-1.341999999999999993e+01 7.522532338436987986e-01
-1.340000000000000036e+01 7.524591782604350687e-01
-1.338000000000000078e+01 7.528262649459822597e-01
-1.335999999999999943e+01 7.534437776512623586e-01
-1.333999999999999986e+01 7.544453139887277171e-01
-1.332000000000000028e+01 7.559788793482191682e-01
-1.330000000000000071e+01 7.581805983972029761e-01
-1.327999999999999936e+01 7.610884405213453885e-01
-1.325999999999999979e+01 7.645709777876907864e-01
-1.324000000000000021e+01 7.683247335063314587e-01
-1.322000000000000064e+01 7.719992320172163192e-01
-1.319999999999999929e+01 7.752667404549004049e-01
-1.317999999999999972e+01 7.780356425558822009e-01
-1.316000000000000014e+01 7.803812194928585466e-01
-1.314000000000000057e+01 7.822369149991004189e-01
-1.311999999999999922e+01 7.836309707848926331e-01
-1.309999999999999964e+01 7.845388631303846783e-01
-1.308000000000000007e+01 7.849863850185403447e-01
-1.306000000000000050e+01 7.849959482879389494e-01
-1.303999999999999915e+01 7.845752078210719294e-01
-1.301999999999999957e+01 7.838028666885081819e-01
-1.300000000000000000e+01 7.827176361186407583e-01
-1.298000000000000043e+01 7.814801045578139149e-01
-1.296000000000000085e+01 7.802287021850128346e-01
-1.293999999999999950e+01 7.789985107566487210e-01
-1.291999999999999993e+01 7.778439902737639411e-01
-1.290000000000000036e+01 7.767895066393970538e-01
-1.288000000000000078e+01 7.758461523777953062e-01
-1.285999999999999943e+01 7.750128078745888160e-01
-1.283999999999999986e+01 7.742764585629883234e-01
-1.282000000000000028e+01 7.736252822003716334e-01
-1.280000000000000071e+01 7.730449806015978753e-01
-1.277999999999999936e+01 7.725243286578797886e-01
-1.275999999999999979e+01 7.720497663810244049e-01
-1.274000000000000021e+01 7.716135851545776747e-01
-1.272000000000000064e+01 7.712072390556855561e-01
-1.269999999999999929e+01 7.708264243022935336e-01
-1.267999999999999972e+01 7.704660180276272641e-01
-1.266000000000000014e+01 7.701225224223405830e-01
-1.264000000000000057e+01 7.697947955619407479e-01
-1.261999999999999922e+01 7.694796636335337059e-01
-1.259999999999999964e+01 7.691794575349151231e-01
-1.258000000000000007e+01 7.688888988674471570e-01
-1.256000000000000050e+01 7.686005034203126085e-01
-1.253999999999999915e+01 7.683194297900465264e-01
-1.251999999999999957e+01 7.680449149197225989e-01
-1.250000000000000000e+01 7.677797975390286966e-01
-1.248000000000000043e+01 7.675245388757699905e-01
-1.246000000000000085e+01 7.672801803973373636e-01
-1.243999999999999950e+01 7.670490753354758384e-01
-1.241999999999999993e+01 7.668311736802997380e-01
-1.240000000000000036e+01 7.666295130737044161e-01
-1.238000000000000078e+01 7.664418298633632887e-01
-1.235999999999999943e+01 7.662677680863775320e-01
-1.233999999999999986e+01 7.661096270274747599e-01
-1.232000000000000028e+01 7.659675976619489957e-01
-1.230000000000000071e+01 7.658423132014591239e-01
-1.227999999999999936e+01 7.657333615581718433e-01
-1.225999999999999979e+01 7.656402476241771504e-01
-1.224000000000000021e+01 7.655622213166406453e-01
-1.222000000000000064e+01 7.654979065945345384e-01
-1.219999999999999929e+01 7.654460776957789925e-01
-1.217999999999999972e+01 7.654045528568167445e-01
-1.216000000000000014e+01 7.653708874030755727e-01
-1.214000000000000057e+01 7.653427910040758730e-01
-1.211999999999999922e+01 7.653174002211681204e-01
-1.209999999999999964e+01 7.652917293010759181e-01
-1.208000000000000007e+01 7.652625054590620479e-01
-1.206000000000000050e+01 7.652264099772979611e-01
-1.203999999999999915e+01 7.651801283790724550e-01
-1.201999999999999957e+01 7.651202911059294953e-01
-1.200000000000000000e+01 7.650436274063682207e-01
-1.198000000000000043e+01 7.649513843309340144e-01
-1.196000000000000085e+01 7.648415126972448741e-01
-1.193999999999999950e+01 7.647131761261410920e-01
-1.191999999999999993e+01 7.645681334815654928e-01
-1.190000000000000036e+01 7.644089830453603129e-01
-1.188000000000000078e+01 7.642393543747657558e-01
-1.185999999999999943e+01 7.640636613636386798e-01
-1.183999999999999986e+01 7.638879972079536396e-01
-1.182000000000000028e+01 7.637195792822770724e-01
-1.180000000000000071e+01 7.635661750034996587e-01
-1.177999999999999936e+01 7.634379410276720401e-01
-1.175999999999999979e+01 7.633452581594107889e-01
-1.174000000000000021e+01 7.632991287951641501e-01
-1.172000000000000064e+01 7.633109562291567896e-01
-1.169999999999999929e+01 7.633928356045249775e-01
-1.167999999999999972e+01 7.635554178847505646e-01
-1.166000000000000014e+01 7.638104253989510539e-01
-1.164000000000000057e+01 7.641689094998134202e-01
-1.161999999999999922e+01 7.646419250666389722e-01
-1.159999999999999964e+01 7.652446173928192374e-01
-1.158000000000000007e+01 7.659882020812324166e-01
-1.156000000000000050e+01 7.668882571239606927e-01
-1.153999999999999915e+01 7.679774227317747171e-01
-1.151999999999999957e+01 7.692982688033571659e-01
-1.150000000000000000e+01 7.709163890134919095e-01
-1.148000000000000043e+01 7.729160821507220502e-01
-1.146000000000000085e+01 7.753889026875179225e-01
-1.143999999999999950e+01 7.781929679307619807e-01
-1.141999999999999993e+01 7.905255587948334384e-01
-1.140000000000000036e+01 8.427345599556855804e-01
-1.138000000000000078e+01 8.434860295406061415e-01
-1.135999999999999943e+01 8.440759503141412878e-01
-1.133999999999999986e+01 8.446188499483092693e-01
-1.132000000000000028e+01 8.451108097888579973e-01
-1.130000000000000071e+01 8.455439802052455711e-01
-1.127999999999999936e+01 8.459125838859463675e-01
-1.125999999999999979e+01 8.462170732476792523e-01
-1.124000000000000021e+01 8.464489991691525050e-01
-1.122000000000000064e+01 8.466047463899653014e-01
-1.119999999999999929e+01 8.466908458552167005e-01
-1.117999999999999972e+01 8.466992353961089179e-01
-1.116000000000000014e+01 8.466334920148668175e-01
-1.114000000000000057e+01 8.464959942125045433e-01
-1.111999999999999922e+01 8.462887007112588345e-01
-1.109999999999999964e+01 8.460105926778506147e-01
-1.108000000000000007e+01 8.456738115467776762e-01
-1.106000000000000050e+01 8.452732270338106924e-01
-1.103999999999999915e+01 8.448203403943335132e-01
-1.101999999999999957e+01 8.443204167174886976e-01
-1.100000000000000000e+01 8.437777418296806831e-01
-1.098000000000000043e+01 8.431990754657756604e-01
-1.096000000000000085e+01 8.425937033019318401e-01
-1.093999999999999950e+01 8.419652823887051607e-01
-1.091999999999999993e+01 8.413200737331817392e-01
-1.090000000000000036e+01 8.406660210461208704e-01
-1.088000000000000078e+01 8.399989801337388595e-01
-1.085999999999999943e+01 8.393011037552198239e-01
-1.083999999999999986e+01 8.384983534732668442e-01
-1.082000000000000028e+01 8.373798991198170283e-01
-1.080000000000000071e+01 8.354881333274257749e-01
-1.077999999999999936e+01 8.322453743935990245e-01
-1.075999999999999979e+01 8.275661828821971877e-01
-1.074000000000000021e+01 8.223104371587421912e-01
-1.072000000000000064e+01 8.174132077508209360e-01
-1.069999999999999929e+01 8.133560552237801833e-01
-1.067999999999999972e+01 8.101815141120269903e-01
-1.066000000000000014e+01 8.077505104989557427e-01
-1.064000000000000057e+01 8.059031132191176727e-01
-1.061999999999999922e+01 8.044992073025195589e-01
-1.059999999999999964e+01 8.034417366386662485e-01
-1.058000000000000007e+01 8.026526884299526321e-01
-1.056000000000000050e+01 8.020769931620674864e-01
-1.053999999999999915e+01 8.016860701845937021e-01
-1.051999999999999957e+01 8.014570582958312484e-01
-1.050000000000000000e+01 8.013772227441318119e-01
-1.048000000000000043e+01 8.014382941751744260e-01
-1.046000000000000085e+01 8.016367320846238265e-01
-1.043999999999999950e+01 8.019747637470950874e-01
-1.041999999999999993e+01 8.024565355322609284e-01
-1.040000000000000036e+01 8.030943840419101365e-01
-1.038000000000000078e+01 8.038976930167831547e-01
-1.035999999999999943e+01 8.048765889137560192e-01
-1.033999999999999986e+01 8.060583433957024813e-01
-1.032000000000000028e+01 8.074697159433786853e-01
-1.030000000000000071e+01 8.091484004797100393e-01
-1.027999999999999936e+01 8.111350655094863304e-01
-1.025999999999999979e+01 8.134682121469479776e-01
-1.024000000000000021e+01 8.161844688859263286e-01
-1.022000000000000064e+01 8.192769118967484498e-01
-1.019999999999999929e+01 8.227060441395458446e-01
-1.017999999999999972e+01 8.262653558973235279e-01
-1.016000000000000014e+01 8.295847922528508667e-01
-1.014000000000000057e+01 8.323980737353221526e-01
-1.011999999999999922e+01 8.344994907224423386e-01
-1.009999999999999964e+01 8.359440833165217022e-01
-1.008000000000000007e+01 8.369144563580738216e-01
-1.006000000000000050e+01 8.375997410687479050e-01
-1.003999999999999915e+01 8.381338742218570337e-01
-1.001999999999999957e+01 8.385792736833912464e-01
-1.000000000000000000e+01 8.389701327811273091e-01
-9.980000000000000426e+00 8.393090639120447394e-01
-9.960000000000000853e+00 8.395984901341531081e-01
-9.939999999999999503e+00 8.398361020216290607e-01
-9.919999999999999929e+00 8.400177367702111875e-01
-9.900000000000000355e+00 8.401387657696007816e-01
-9.880000000000000782e+00 8.402031435797232550e-01
-9.859999999999999432e+00 8.402046773965995419e-01
-9.839999999999999858e+00 8.401500517543661894e-01
-9.820000000000000284e+00 8.400433027538101172e-01
-9.800000000000000711e+00 8.398876062586478897e-01
-9.779999999999999361e+00 8.396908931864974779e-01
-9.759999999999999787e+00 8.394607635095064913e-01
-9.740000000000000213e+00 8.392030156959732201e-01
-9.720000000000000639e+00 8.389252803083184773e-01
-9.699999999999999289e+00 8.386352791399049877e-01
-9.679999999999999716e+00 8.383371084336945778e-01
-9.660000000000000142e+00 8.380359172336083740e-01
-9.640000000000000568e+00 8.377343970286099673e-01
-9.619999999999999218e+00 8.374336879499113540e-01
-9.599999999999999645e+00 8.371349803447737381e-01
-9.580000000000000071e+00 8.368350360229425133e-01
-9.560000000000000497e+00 8.365340913143252122e-01
-9.539999999999999147e+00 8.362282923360159215e-01
-9.519999999999999574e+00 8.359153420799239065e-01
-9.500000000000000000e+00 8.355913108410655266e-01
-9.480000000000000426e+00 8.352503116813656536e-01
-9.460000000000000853e+00 8.348876817898079894e-01
-9.439999999999999503e+00 8.344924187943177918e-01
-9.419999999999999929e+00 8.340588738624963305e-01
-9.400000000000000355e+00 8.335597301477370991e-01
-9.380000000000000782e+00 8.329999775390237726e-01
-9.359999999999999432e+00 8.323849507342893084e-01
-9.339999999999999858e+00 8.316929682165729032e-01
-9.320000000000000284e+00 8.309354725152711119e-01
-9.300000000000000711e+00 8.301090505349104642e-01
-9.279999999999999361e+00 8.292275113204972126e-01
-9.259999999999999787e+00 8.283154817636035894e-01
-9.240000000000000213e+00 8.273841032652086147e-01
-9.220000000000000639e+00 8.264699005123942177e-01
-9.199999999999999289e+00 8.255658421606630881e-01
-9.179999999999999716e+00 8.247346974852426404e-01
-9.160000000000000142e+00 8.240210280334053783e-01
-9.140000000000000568e+00 8.234143392691453123e-01
-9.119999999999999218e+00 8.229387060869189918e-01
-9.099999999999999645e+00 8.225921447288508936e-01
-9.080000000000000071e+00 8.223848159999602725e-01
-9.060000000000000497e+00 8.223259793333626000e-01
-9.039999999999999147e+00 8.224080290557653772e-01
-9.019999999999999574e+00 8.226429651859041847e-01
-9.000000000000000000e+00 8.230019516542420588e-01
-8.980000000000000426e+00 8.235125005021532996e-01
-8.960000000000000853e+00 8.242107786006158676e-01
-8.939999999999999503e+00 8.250570794594279667e-01
-8.919999999999999929e+00 8.260531970855384820e-01
-8.900000000000000355e+00 8.271666286381152977e-01
-8.880000000000000782e+00 8.283778136306745310e-01
-8.859999999999999432e+00 8.296519069348899933e-01
-8.839999999999999858e+00 8.309278467804199764e-01
-8.820000000000000284e+00 8.321720429613762571e-01
-8.800000000000000711e+00 8.333021080414162451e-01
-8.779999999999999361e+00 8.343090959219984226e-01
-8.759999999999999787e+00 8.351987708488295414e-01
-8.740000000000000213e+00 8.359382557026956428e-01
-8.720000000000000639e+00 8.365533238338591637e-01
-8.699999999999999289e+00 8.370683362927121562e-01
-8.679999999999999716e+00 8.375154225005427833e-01
-8.660000000000000142e+00 8.379156002306371587e-01
-8.640000000000000568e+00 8.382840159372274558e-01
-8.619999999999999218e+00 8.386299023621487381e-01
-8.599999999999999645e+00 8.389559894219978942e-01
-8.580000000000000071e+00 8.392647246815050366e-01
-8.560000000000000497e+00 8.395557108872285790e-01
-8.539999999999999147e+00 8.398273323776881405e-01
-8.519999999999999574e+00 8.400780150996675077e-01
-8.500000000000000000e+00 8.403079821894889889e-01
-8.480000000000000426e+00 8.405118069096103595e-01
-8.460000000000000853e+00 8.406911135803187829e-01
-8.439999999999999503e+00 8.408432281192510516e-01
-8.419999999999999929e+00 8.409667103426968771e-01
-8.400000000000000355e+00 8.410608505367049847e-01
-8.380000000000000782e+00 8.411266709891938032e-01
-8.359999999999999432e+00 8.411623321449489543e-01
-8.339999999999999858e+00 8.411707551588979426e-01
-8.320000000000000284e+00 8.411537130251561800e-01
-8.300000000000000711e+00 8.411126472867437309e-01
-8.279999999999999361e+00 8.410523512418501824e-01
-8.259999999999999787e+00 8.409762158310022384e-01
-8.240000000000000213e+00 8.408886108972558615e-01
-8.220000000000000639e+00 8.407946961255291507e-01
-8.199999999999999289e+00 8.406992350579458595e-01
-8.179999999999999716e+00 8.406075615906557497e-01
-8.160000000000000142e+00 8.405239696744110089e-01
-8.140000000000000568e+00 8.404527988340931843e-01
-8.119999999999999218e+00 8.403979461132236040e-01
-8.099999999999999645e+00 8.403621316463050217e-01
-8.080000000000000071e+00 8.403464043536136296e-01
-8.060000000000000497e+00 8.403529788807838630e-01
-8.039999999999999147e+00 8.403800451090992496e-01
-8.019999999999999574e+00 8.404259185930189613e-01
-8.000000000000000000e+00 8.404882093888131900e-01
-7.980000000000000426e+00 8.405613008468857394e-01
-7.959999999999999964e+00 8.406399229818480867e-01
-7.940000000000000391e+00 8.407168765969293966e-01
-7.919999999999999929e+00 8.407837768221485542e-01
-7.900000000000000355e+00 8.408337025956915678e-01
-7.879999999999999893e+00 8.408538250152719495e-01
-7.860000000000000320e+00 8.408393037031979267e-01
-7.839999999999999858e+00 8.407802563990970368e-01
-7.820000000000000284e+00 8.406690311983264774e-01
-7.799999999999999822e+00 8.405009428517656866e-01
-7.780000000000000249e+00 8.402743589780237166e-01
-7.759999999999999787e+00 8.399839605437426915e-01
-7.740000000000000213e+00 8.396340879979637961e-01
-7.719999999999999751e+00 8.392256473412953444e-01
-7.700000000000000178e+00 8.387526657713627598e-01
-7.679999999999999716e+00 8.382001930794452660e-01
-7.660000000000000142e+00 8.374925673311344188e-01
-7.639999999999999680e+00 8.364443825694065637e-01
-7.620000000000000107e+00 8.347473239293522473e-01
-7.599999999999999645e+00 8.322779382547683680e-01
-7.580000000000000071e+00 8.292139981660109349e-01
-7.559999999999999609e+00 8.259421914022344602e-01
-7.540000000000000036e+00 8.227989553697109271e-01
-7.519999999999999574e+00 8.199416968684188900e-01
-7.500000000000000000e+00 8.174238731738596719e-01
-7.480000000000000426e+00 8.152397291719913897e-01
-7.459999999999999964e+00 8.133622871586182468e-01
-7.440000000000000391e+00 8.117581932212335483e-01
-7.419999999999999929e+00 8.103957697641677171e-01
-7.400000000000000355e+00 8.092464523355125117e-01
-7.379999999999999893e+00 8.082866462968283372e-01
-7.360000000000000320e+00 8.074995984128089388e-01
-7.339999999999999858e+00 8.068654348900705653e-01
-7.320000000000000284e+00 8.063698072061891153e-01
-7.299999999999999822e+00 8.059990393631026873e-01
-7.280000000000000249e+00 8.057434662104062673e-01
-7.259999999999999787e+00 8.055930355400692244e-01
-7.240000000000000213e+00 8.055398912774919262e-01
-7.219999999999999751e+00 8.055779254793744570e-01
-7.200000000000000178e+00 8.056994438018090232e-01
-7.179999999999999716e+00 8.059022897531381568e-01
-7.160000000000000142e+00 8.061883848611055559e-01
-7.139999999999999680e+00 8.065536561696047269e-01
-7.120000000000000107e+00 8.069999777672508534e-01
-7.099999999999999645e+00 8.075273336162278603e-01
-7.080000000000000071e+00 8.081394721981234319e-01
-7.059999999999999609e+00 8.088409839015467950e-01
-7.040000000000000036e+00 8.096349868265209082e-01
-7.019999999999999574e+00 8.105307795731170328e-01
-7.000000000000000000e+00 8.115295549463961144e-01
-6.980000000000000426e+00 8.126501054711774419e-01
-6.959999999999999964e+00 8.139158281873714040e-01
-6.940000000000000391e+00 8.153324494810367806e-01
-6.919999999999999929e+00 8.169154557140331230e-01
-6.900000000000000355e+00 8.186716594866798591e-01
-6.879999999999999893e+00 8.206078757199697371e-01
-6.860000000000000320e+00 8.227191816857075679e-01
-6.839999999999999858e+00 8.249759843551833782e-01
-6.820000000000000284e+00 8.273276256951643814e-01
-6.799999999999999822e+00 8.296704178611623570e-01
-6.780000000000000249e+00 8.318763364094662327e-01
-6.759999999999999787e+00 8.337989116632557041e-01
-6.740000000000000213e+00 8.353200505681060983e-01
-6.719999999999999751e+00 8.364353566867586132e-01
-6.700000000000000178e+00 8.372393870914127678e-01
-6.679999999999999716e+00 8.378528687868541658e-01
-6.660000000000000142e+00 8.383672143530289667e-01
-6.639999999999999680e+00 8.388299360306181729e-01
-6.620000000000000107e+00 8.392612621786816884e-01
-6.599999999999999645e+00 8.396681477541212413e-01
-6.580000000000000071e+00 8.400500311602694392e-01
-6.559999999999999609e+00 8.404025925750963077e-01
-6.540000000000000036e+00 8.407237518144918820e-01
-6.519999999999999574e+00 8.410095452498914659e-01
-6.500000000000000000e+00 8.412536390041632783e-01
-6.480000000000000426e+00 8.414575607960664838e-01
-6.459999999999999964e+00 8.416156939741494813e-01
-6.440000000000000391e+00 8.417275231504950384e-01
-6.419999999999999929e+00 8.417927220436320912e-01
-6.400000000000000355e+00 8.418120909622494041e-01
-6.379999999999999893e+00 8.417827824813045590e-01
-6.360000000000000320e+00 8.417125222968830922e-01
-6.339999999999999858e+00 8.415999944675658373e-01
-6.320000000000000284e+00 8.414494875069667978e-01
-6.299999999999999822e+00 8.412670357972202861e-01
-6.280000000000000249e+00 8.410568918623730905e-01
-6.259999999999999787e+00 8.408241639466772499e-01
-6.240000000000000213e+00 8.405760603322844915e-01
-6.219999999999999751e+00 8.403182636089603363e-01
-6.200000000000000178e+00 8.400571459264724039e-01
-6.179999999999999716e+00 8.397993835267080209e-01
-6.160000000000000142e+00 8.395509463160432118e-01
-6.139999999999999680e+00 8.393176790972343149e-01
-6.120000000000000107e+00 8.391045902150386926e-01
-6.099999999999999645e+00 8.389158077165219662e-01
-6.080000000000000071e+00 8.387575110326911387e-01
-6.059999999999999609e+00 8.386291562324326154e-01
-6.040000000000000036e+00 8.385358702670853148e-01
-6.019999999999999574e+00 8.384786978400301516e-01
-6.000000000000000000e+00 8.384561050021976936e-01
-5.980000000000000426e+00 8.384679723058198197e-01
-5.959999999999999964e+00 8.385126828095190721e-01
-5.940000000000000391e+00 8.385855601209009080e-01
-5.919999999999999929e+00 8.386825940987102657e-01
-5.900000000000000355e+00 8.387993439595473610e-01
-5.879999999999999893e+00 8.389276810835195608e-01
-5.860000000000000320e+00 8.390617572928363854e-01
-5.839999999999999858e+00 8.391935530052103687e-01
-5.820000000000000284e+00 8.393155948322896798e-01
-5.799999999999999822e+00 8.394208229427150281e-01
-5.780000000000000249e+00 8.395002770991925045e-01
-5.759999999999999787e+00 8.395511715265107089e-01
-5.740000000000000213e+00 8.395656743080701645e-01
-5.719999999999999751e+00 8.395404388823618502e-01
-5.700000000000000178e+00 8.394759802825637607e-01
-5.679999999999999716e+00 8.393708699994092415e-01
-5.660000000000000142e+00 8.392263130428269102e-01
-5.639999999999999680e+00 8.390471955490301781e-01
-5.620000000000000107e+00 8.388375425012053466e-01
-5.599999999999999645e+00 8.386008623724182653e-01
-5.580000000000000071e+00 8.383456805189931638e-01
-5.559999999999999609e+00 8.380751806828632411e-01
-5.540000000000000036e+00 8.377949281330285825e-01
-5.519999999999999574e+00 8.375082815090145738e-01
-5.500000000000000000e+00 8.372170060659885893e-01
-5.480000000000000426e+00 8.369227091723393519e-01
-5.459999999999999964e+00 8.366237994475478335e-01
-5.440000000000000391e+00 8.363197867404449370e-01
-5.419999999999999929e+00 8.360085971526209914e-01
-5.400000000000000355e+00 8.356845241795191059e-01
-5.379999999999999893e+00 8.353434203291725257e-01
-5.360000000000000320e+00 8.349793922669231927e-01
-5.339999999999999858e+00 8.345801278748053997e-01
-5.320000000000000284e+00 8.341326905783807977e-01
-5.299999999999999822e+00 8.336194503415879087e-01
-5.280000000000000249e+00 8.330219665275723218e-01
-5.259999999999999787e+00 8.323210028860823506e-01
-5.240000000000000213e+00 8.315011457229356528e-01
-5.219999999999999751e+00 8.305554049179862952e-01
-5.200000000000000178e+00 8.294861660025764083e-01
-5.179999999999999716e+00 8.283107178823441163e-01
-5.160000000000000142e+00 8.270605792879444085e-01
-5.139999999999999680e+00 8.257686844752235578e-01
-5.120000000000000107e+00 8.244749504875322765e-01
-5.099999999999999645e+00 8.232151173437435299e-01
-5.080000000000000071e+00 8.220204926629629538e-01
-5.059999999999999609e+00 8.209173490224159764e-01
-5.040000000000000036e+00 8.199246017619071791e-01
-5.019999999999999574e+00 8.190575845323061488e-01
-5.000000000000000000e+00 8.183271302357477683e-01
-4.980000000000000426e+00 8.177412875817602345e-01
-4.959999999999999964e+00 8.173077639147917628e-01
-4.940000000000000391e+00 8.170297522991765149e-01
-4.919999999999999929e+00 8.169110882773943372e-01
-4.900000000000000355e+00 8.169555615357060319e-01
-4.879999999999999893e+00 8.171674824687427119e-01
-4.860000000000000320e+00 8.175479609165807737e-01
-4.839999999999999858e+00 8.181024024298931829e-01
-4.820000000000000284e+00 8.188326012715525515e-01
-4.799999999999999822e+00 8.197399227232997632e-01
-4.780000000000000249e+00 8.208229250224392537e-01
-4.759999999999999787e+00 8.220734652492702743e-01
-4.740000000000000213e+00 8.234802123030094956e-01
-4.719999999999999751e+00 8.250189204566381607e-01
-4.700000000000000178e+00 8.266535337586766730e-01
-4.679999999999999716e+00 8.283288937051335177e-01
-4.660000000000000142e+00 8.299729515513161182e-01
-4.639999999999999680e+00 8.315069728942234839e-01
-4.620000000000000107e+00 8.328567162295159587e-01
-4.599999999999999645e+00 8.339773256896593212e-01
-4.580000000000000071e+00 8.348600683818211410e-01
-4.559999999999999609e+00 8.355380348577510219e-01
-4.540000000000000036e+00 8.360506870454634809e-01
-4.519999999999999574e+00 8.364425245069945225e-01
-4.500000000000000000e+00 8.367492374510376862e-01
-4.480000000000000426e+00 8.369936652390498333e-01
-4.459999999999999964e+00 8.371939404653118144e-01
-4.440000000000000391e+00 8.373621999199407639e-01
-4.419999999999999929e+00 8.375075180391706731e-01
-4.400000000000000355e+00 8.376353157364815338e-01
-4.379999999999999893e+00 8.377523184521509236e-01
-4.360000000000000320e+00 8.378623929834957407e-01
-4.339999999999999858e+00 8.379684926312566118e-01
-4.320000000000000284e+00 8.380729959385796457e-01
-4.299999999999999822e+00 8.381772140744542243e-01
-4.280000000000000249e+00 8.382821389024142089e-01
-4.259999999999999787e+00 8.383878433329565727e-01
-4.240000000000000213e+00 8.384940839194910955e-01
-4.219999999999999751e+00 8.386001820537003493e-01
-4.200000000000000178e+00 8.387052467922668786e-01
-4.179999999999999716e+00 8.388082174145800041e-01
-4.160000000000000142e+00 8.389082558874662032e-01
-4.139999999999999680e+00 8.390045589044397012e-01
-4.120000000000000107e+00 8.390966603806484514e-01
-4.099999999999999645e+00 8.391839217124509309e-01
-4.080000000000000071e+00 8.392671744600882500e-01
-4.059999999999999609e+00 8.393462963560455181e-01
-4.040000000000000036e+00 8.394224462549481069e-01
-4.019999999999999574e+00 8.394965851867367546e-01
-4.000000000000000000e+00 8.395697218338876722e-01
-3.979999999999999982e+00 8.396429651473711342e-01
-3.959999999999999964e+00 8.397171146330326685e-01
-3.939999999999999947e+00 8.397927166854646241e-01
-3.919999999999999929e+00 8.398697788757857330e-01
-3.899999999999999911e+00 8.399476381429330507e-01
-3.879999999999999893e+00 8.400250659048386082e-01
-3.859999999999999876e+00 8.400999406522029478e-01
-3.839999999999999858e+00 8.401696591032633554e-01
-3.819999999999999840e+00 8.402310488684944234e-01
-3.799999999999999822e+00 8.402789408427846496e-01
-3.779999999999999805e+00 8.403111593527440304e-01
-3.759999999999999787e+00 8.403206643934892917e-01
-3.740000000000000213e+00 8.403046224981425283e-01
-3.720000000000000195e+00 8.402593253897542303e-01
-3.700000000000000178e+00 8.401807931374369875e-01
-3.680000000000000160e+00 8.400660194372973066e-01
-3.660000000000000142e+00 8.399167355592322970e-01
-3.640000000000000124e+00 8.397301112509374388e-01
-3.620000000000000107e+00 8.395075508855373014e-01
-3.600000000000000089e+00 8.392551640981240624e-01
-3.580000000000000071e+00 8.389736087988035607e-01
-3.560000000000000053e+00 8.386685240017344167e-01
-3.540000000000000036e+00 8.383448027234484679e-01
-3.520000000000000018e+00 8.380062046972447387e-01
-3.500000000000000000e+00 8.376560728900103170e-01
-3.479999999999999982e+00 8.372972167685452938e-01
-3.459999999999999964e+00 8.369318276387541777e-01
-3.439999999999999947e+00 8.365631111966360667e-01
-3.419999999999999929e+00 8.361945791811757900e-01
-3.399999999999999911e+00 8.358366976834761264e-01
-3.379999999999999893e+00 8.355005313401242528e-01
-3.359999999999999876e+00 8.351868307888724585e-01
-3.339999999999999858e+00 8.349148531357585279e-01
-3.319999999999999840e+00 8.346905360643138705e-01
-3.299999999999999822e+00 8.345198629337879925e-01
-3.279999999999999805e+00 8.344100069702199418e-01
-3.259999999999999787e+00 8.343566340113445223e-01
-3.240000000000000213e+00 8.343610281975905041e-01
-3.220000000000000195e+00 8.344118527008655972e-01
-3.200000000000000178e+00 8.345118376395053161e-01
-3.180000000000000160e+00 8.346432933475382843e-01
-3.160000000000000142e+00 8.347840831475247247e-01
-3.140000000000000124e+00 8.349356795362244954e-01
-3.120000000000000107e+00 8.350850902457684910e-01
-3.100000000000000089e+00 8.352283193549195905e-01
-3.080000000000000071e+00 8.353592138508769693e-01
-3.060000000000000053e+00 8.354719568873176794e-01
-3.040000000000000036e+00 8.355662452686454245e-01
-3.020000000000000018e+00 8.356366487544679700e-01
-3.000000000000000000e+00 8.356896158224437210e-01
-2.979999999999999982e+00 8.357169582544109465e-01
-2.959999999999999964e+00 8.357203666010123433e-01
-2.939999999999999947e+00 8.357034779657072088e-01
-2.919999999999999929e+00 8.356668986500250806e-01
-2.899999999999999911e+00 8.356120129586975809e-01
-2.879999999999999893e+00 8.355406351373939611e-01
-2.859999999999999876e+00 8.354524877592525156e-01
-2.839999999999999858e+00 8.353480757389555311e-01
-2.819999999999999840e+00 8.352268567950904554e-01
-2.799999999999999822e+00 8.350847777467301780e-01
-2.779999999999999805e+00 8.349188732645649313e-01
-2.759999999999999787e+00 8.347328972784037182e-01
-2.740000000000000213e+00 8.345165570685004752e-01
-2.720000000000000195e+00 8.342678183705594108e-01
-2.700000000000000178e+00 8.339775236787951851e-01
-2.680000000000000160e+00 8.336406002984186880e-01
-2.660000000000000142e+00 8.332511300287305245e-01
-2.640000000000000124e+00 8.327988580511493932e-01
-2.620000000000000107e+00 8.322857434253905229e-01
-2.600000000000000089e+00 8.316950335727917309e-01
-2.580000000000000071e+00 8.310420583816500173e-01
-2.560000000000000053e+00 8.303627897749764619e-01
-2.540000000000000036e+00 8.296501873564998686e-01
-2.520000000000000018e+00 8.289299821287293701e-01
-2.500000000000000000e+00 8.282113837856878158e-01
-2.479999999999999982e+00 8.275181434124277979e-01
-2.459999999999999964e+00 8.268686464445405004e-01
-2.439999999999999947e+00 8.262724184395998650e-01
-2.419999999999999929e+00 8.257524892759324775e-01
-2.399999999999999911e+00 8.253024091177119104e-01
-2.379999999999999893e+00 8.249499492841846360e-01
-2.359999999999999876e+00 8.247232518280114277e-01
-2.339999999999999858e+00 8.246089229758412076e-01
-2.319999999999999840e+00 8.246149635659727473e-01
-2.299999999999999822e+00 8.247374674116452198e-01
-2.279999999999999805e+00 8.249735992103631732e-01
-2.259999999999999787e+00 8.253247182923749703e-01
-2.240000000000000213e+00 8.257770533275857749e-01
-2.220000000000000195e+00 8.263264383399904212e-01
-2.200000000000000178e+00 8.269488134928755230e-01
-2.180000000000000160e+00 8.276384968308736489e-01
-2.160000000000000142e+00 8.283879678190222418e-01
-2.140000000000000124e+00 8.291596615729018849e-01
-2.120000000000000107e+00 8.299253391276464331e-01
-2.100000000000000089e+00 8.306451951001558864e-01
-2.080000000000000071e+00 8.312805578726978339e-01
-2.060000000000000053e+00 8.317843951835084404e-01
-2.040000000000000036e+00 8.320904319579917052e-01
-2.020000000000000018e+00 8.321035836909411731e-01
-2.000000000000000000e+00 8.316387275366842191e-01
-1.979999999999999982e+00 8.305082478773868626e-01
-1.959999999999999964e+00 8.285402167916788851e-01
-1.939999999999999947e+00 8.255684695589615707e-01
-1.919999999999999929e+00 8.215715631687858789e-01
-1.899999999999999911e+00 8.167903999505127244e-01
-1.879999999999999893e+00 8.117690232123891958e-01
-1.860000000000000098e+00 8.071209430673578211e-01
-1.840000000000000080e+00 8.032218026783354281e-01
-1.820000000000000062e+00 8.001314393597058761e-01
-1.800000000000000044e+00 7.977248963354984790e-01
-1.780000000000000027e+00 7.958322123379357738e-01
-1.760000000000000009e+00 7.943082862596871907e-01
-1.739999999999999991e+00 7.930472449504365473e-01
-1.719999999999999973e+00 7.919753686891239930e-01
-1.699999999999999956e+00 7.910427404976875243e-01
-1.679999999999999938e+00 7.902153030229509545e-01
-1.659999999999999920e+00 7.894694369376002996e-01
-1.639999999999999902e+00 7.887886915292272594e-01
-1.620000000000000107e+00 7.881610028761862896e-01
-1.600000000000000089e+00 7.875778222614010504e-01
-1.580000000000000071e+00 7.870321219292999437e-01
-1.560000000000000053e+00 7.865182449990445468e-01
-1.540000000000000036e+00 7.860325012905485798e-01
-1.520000000000000018e+00 7.855715440811046335e-01
-1.500000000000000000e+00 7.851328483016133397e-01
-1.479999999999999982e+00 7.847141495451810389e-01
-1.459999999999999964e+00 7.843135663600394603e-01
-1.439999999999999947e+00 7.839295527720564483e-01
-1.419999999999999929e+00 7.835606201449248909e-01
-1.399999999999999911e+00 7.832056270280155497e-01
-1.379999999999999893e+00 7.828633604108267141e-01
-1.360000000000000098e+00 7.825328181991241250e-01
-1.340000000000000080e+00 7.822132476314110905e-01
-1.320000000000000062e+00 7.819039402325063115e-01
-1.300000000000000044e+00 7.816042580348877555e-01
-1.280000000000000027e+00 7.813136654013889126e-01
-1.260000000000000009e+00 7.810316958655120212e-01
-1.239999999999999991e+00 7.807579384255858290e-01
-1.219999999999999973e+00 7.804920636207686169e-01
-1.199999999999999956e+00 7.802337971533415129e-01
-1.179999999999999938e+00 7.799828996153680416e-01
-1.159999999999999920e+00 7.797391898425513057e-01
-1.139999999999999902e+00 7.795024944271475853e-01
-1.120000000000000107e+00 7.792726757149318617e-01
-1.100000000000000089e+00 7.790496169991624198e-01
-1.080000000000000071e+00 7.788332059495403081e-01
-1.060000000000000053e+00 7.786233515698043339e-01
-1.040000000000000036e+00 7.784199385383989700e-01
-1.020000000000000018e+00 7.782228631010011943e-01
-1.000000000000000000e+00 7.780319641692373667e-01
-9.799999999999999822e-01 7.778472257845897575e-01
-9.599999999999999645e-01 7.776686657772987621e-01
-9.399999999999999467e-01 7.774961055757030337e-01
-9.200000000000000400e-01 7.773294767693209595e-01
-9.000000000000000222e-01 7.771685717697605078e-01
-8.800000000000000044e-01 7.770133194512873764e-01
-8.599999999999999867e-01 7.768635533127628001e-01
-8.399999999999999689e-01 7.767190897753992740e-01
-8.199999999999999512e-01 7.765798519475394235e-01
-8.000000000000000444e-01 7.764455951091815411e-01
-7.800000000000000266e-01 7.763164031318219305e-01
-7.600000000000000089e-01 7.761922236838130207e-01
-7.399999999999999911e-01 7.760728536464892580e-01
-7.199999999999999734e-01 7.759581694132042795e-01
-6.999999999999999556e-01 7.758480499470733482e-01
-6.800000000000000488e-01 7.757423907058521584e-01
-6.600000000000000311e-01 7.756410958204288386e-01
-6.400000000000000133e-01 7.755440995267570692e-01
-6.199999999999999956e-01 7.754513130702201940e-01
-5.999999999999999778e-01 7.753627512700399516e-01
-5.799999999999999600e-01 7.752782319901585506e-01
-5.600000000000000533e-01 7.751974856448486939e-01
-5.400000000000000355e-01 7.751205632507178755e-01
-5.200000000000000178e-01 7.750473573447433928e-01
-5.000000000000000000e-01 7.749778637530111425e-01
-4.799999999999999822e-01 7.749120258398233263e-01
-4.600000000000000200e-01 7.748497688566580166e-01
-4.400000000000000022e-01 7.747910907705388706e-01
-4.199999999999999845e-01 7.747358971175911657e-01
-4.000000000000000222e-01 7.746842302206605746e-01
-3.800000000000000044e-01 7.746358772587403907e-01
-3.599999999999999867e-01 7.745906850658761389e-01
-3.400000000000000244e-01 7.745486831100304448e-01
-3.200000000000000067e-01 7.745097832140586114e-01
-2.999999999999999889e-01 7.744739704785975620e-01
-2.800000000000000266e-01 7.744411786529178388e-01
-2.600000000000000089e-01 7.744113377038830404e-01
-2.399999999999999911e-01 7.743844230463293732e-01
-2.200000000000000011e-01 7.743603367026805628e-01
-2.000000000000000111e-01 7.743391071433464168e-01
-1.799999999999999933e-01 7.743204917282366928e-01
-1.600000000000000033e-01 7.743042929628998206e-01
-1.400000000000000133e-01 7.742905247163442972e-01
-1.199999999999999956e-01 7.742790710287767997e-01
-1.000000000000000056e-01 7.742698804877342633e-01
-8.000000000000000167e-02 7.742628305076999506e-01
-5.999999999999999778e-02 7.742577996516849526e-01
-4.000000000000000083e-02 7.742546413415964945e-01
-2.000000000000000042e-02 7.742531212767114202e-01
-1.459349999999999989e-16 7.742528459756077286e-01
