-2.400000000000000000e+01 -2.171564538556225088e+01
-2.300000000000000000e+01 -2.214656185752606987e+01
-2.200000000000000000e+01 -2.257493778155182085e+01
-2.100000000000000000e+01 -2.302073054192202051e+01
-2.000000000000000000e+01 -2.330478447773635864e+01
-1.900000000000000000e+01 -2.424094148944940841e+01
-1.800000000000000000e+01 -2.410991660193716157e+01
-1.700000000000000000e+01 -2.557626099454618895e+01
-1.698000000000000043e+01 -2.564496839543123841e+01
-1.696000000000000085e+01 -2.566477440431321000e+01
-1.694000000000000128e+01 -2.571334444276926945e+01
-1.692000000000000171e+01 -2.572973301255872158e+01
-1.689999999999999858e+01 -2.576726904505598981e+01
-1.687999999999999901e+01 -2.578180136265401856e+01
-1.685999999999999943e+01 -2.579234350792481933e+01
-1.683999999999999986e+01 -2.582708942749577119e+01
-1.682000000000000028e+01 -2.583794892294185175e+01
-1.680000000000000071e+01 -2.591702939154884078e+01
-1.678000000000000114e+01 -2.593700467296018886e+01
-1.676000000000000156e+01 -2.594007468027676921e+01
-1.673999999999999844e+01 -2.594534420131052954e+01
-1.671999999999999886e+01 -2.594715808440895088e+01
-1.669999999999999929e+01 -2.594498231703616042e+01
-1.667999999999999972e+01 -2.594650083490417103e+01
-1.666000000000000014e+01 -2.595156233563691828e+01
-1.664000000000000057e+01 -2.593700906423303110e+01
-1.662000000000000099e+01 -2.594220453334085974e+01
-1.660000000000000142e+01 -2.589820364668580055e+01
-1.657999999999999829e+01 -2.567509555390180864e+01
-1.655999999999999872e+01 -2.566495571673068099e+01
-1.653999999999999915e+01 -2.557835269815613088e+01
-1.651999999999999957e+01 -2.558019449187618122e+01
-1.650000000000000000e+01 -2.557725150544561998e+01
-1.648000000000000043e+01 -2.549752793926521122e+01
-1.646000000000000085e+01 -2.550428498285551981e+01
-1.644000000000000128e+01 -2.540096425287698878e+01
-1.642000000000000171e+01 -2.540274044708118950e+01
-1.639999999999999858e+01 -2.524056165577909994e+01
-1.637999999999999901e+01 -2.482085382767069959e+01
-1.635999999999999943e+01 -2.482053060275195833e+01
-1.633999999999999986e+01 -2.473217018123157018e+01
-1.632000000000000028e+01 -2.474960467202586045e+01
-1.630000000000000071e+01 -2.469192937732067961e+01
-1.628000000000000114e+01 -2.470710620861179052e+01
-1.626000000000000156e+01 -2.473021168557425042e+01
-1.623999999999999844e+01 -2.467862806901577954e+01
-1.621999999999999886e+01 -2.469783788322277118e+01
-1.619999999999999929e+01 -2.455899192431393985e+01
-1.617999999999999972e+01 -2.457217979028116872e+01
-1.616000000000000014e+01 -2.461442450846455898e+01
-1.614000000000000057e+01 -2.465408099616924176e+01
-1.612000000000000099e+01 -2.470015091375978145e+01
-1.610000000000000142e+01 -2.474650470192420926e+01
-1.607999999999999829e+01 -2.480052063875637103e+01
-1.605999999999999872e+01 -2.484991381498230822e+01
-1.603999999999999915e+01 -2.491330933266884173e+01
-1.601999999999999957e+01 -2.496683115377901174e+01
-1.600000000000000000e+01 -2.504271022316316930e+01
-1.598000000000000043e+01 -2.513863504870812093e+01
-1.596000000000000085e+01 -2.519348883133752892e+01
-1.593999999999999950e+01 -2.525014968132240867e+01
-1.591999999999999993e+01 -2.530483230421604901e+01
-1.590000000000000036e+01 -2.536075601216025177e+01
-1.588000000000000078e+01 -2.541215630720094154e+01
-1.585999999999999943e+01 -2.546864061112606947e+01
-1.583999999999999986e+01 -2.551393240256728845e+01
-1.582000000000000028e+01 -2.556816500940470149e+01
-1.580000000000000071e+01 -2.555719986730963100e+01
-1.577999999999999936e+01 -2.558343836796822046e+01
-1.575999999999999979e+01 -2.563612209663768127e+01
-1.574000000000000021e+01 -2.567346400724211009e+01
-1.572000000000000064e+01 -2.572684263533599136e+01
-1.569999999999999929e+01 -2.577761702712789926e+01
-1.567999999999999972e+01 -2.582031937127377930e+01
-1.566000000000000014e+01 -2.586998672692617873e+01
-1.564000000000000057e+01 -2.591486144543565118e+01
-1.561999999999999922e+01 -2.596221094453645861e+01
-1.559999999999999964e+01 -2.601634375098786123e+01
-1.558000000000000007e+01 -2.614505214439290981e+01
-1.556000000000000050e+01 -2.619937349331040011e+01
-1.553999999999999915e+01 -2.628759607726178160e+01
-1.551999999999999957e+01 -2.633634634921147111e+01
-1.550000000000000000e+01 -2.642232532531494016e+01
-1.548000000000000043e+01 -2.647187212913230070e+01
-1.546000000000000085e+01 -2.651351868262459988e+01
-1.543999999999999950e+01 -2.661435937336284141e+01
-1.541999999999999993e+01 -2.665788765215011935e+01
-1.540000000000000036e+01 -2.679780350508433173e+01
-1.538000000000000078e+01 -2.714602261999835164e+01
-1.535999999999999943e+01 -2.719780730452394835e+01
-1.533999999999999986e+01 -2.733200702497758883e+01
-1.532000000000000028e+01 -2.736803204010156065e+01
-1.530000000000000071e+01 -2.740939741778005967e+01
-1.527999999999999936e+01 -2.752587451988440037e+01
-1.525999999999999979e+01 -2.755502039678766835e+01
-1.524000000000000021e+01 -2.768725522861003085e+01
-1.522000000000000064e+01 -2.772331049713837103e+01
-1.519999999999999929e+01 -2.814135866773494143e+01
-1.517999999999999972e+01 -2.830585608348179960e+01
-1.516000000000000014e+01 -2.832490432097542055e+01
-1.514000000000000057e+01 -2.842707032607595963e+01
-1.511999999999999922e+01 -2.843150904111221067e+01
-1.509999999999999964e+01 -2.850221492058697947e+01
-1.508000000000000007e+01 -2.850472560199682093e+01
-1.506000000000000050e+01 -2.849809274390669955e+01
-1.503999999999999915e+01 -2.855806705900219100e+01
-1.501999999999999957e+01 -2.855013961190451965e+01
-1.500000000000000000e+01 -2.861010598309773911e+01
-1.498000000000000043e+01 -2.866705669384586130e+01
-1.496000000000000085e+01 -2.863514796448387045e+01
-1.493999999999999950e+01 -2.859184912279187074e+01
-1.491999999999999993e+01 -2.855403051906294110e+01
-1.490000000000000036e+01 -2.849740333313298990e+01
-1.488000000000000078e+01 -2.845480240979308917e+01
-1.485999999999999943e+01 -2.841597497028870123e+01
-1.483999999999999986e+01 -2.833692392828429973e+01
-1.482000000000000028e+01 -2.828983292460569032e+01
-1.480000000000000071e+01 -2.804719867727447991e+01
-1.477999999999999936e+01 -2.791290329284487015e+01
-1.475999999999999979e+01 -2.786260664044485935e+01
-1.474000000000000021e+01 -2.775609848570647031e+01
-1.472000000000000064e+01 -2.771126268398122150e+01
-1.469999999999999929e+01 -2.766119054338793859e+01
-1.467999999999999972e+01 -2.756747300946807044e+01
-1.466000000000000014e+01 -2.752256829013112949e+01
-1.464000000000000057e+01 -2.742227945629619867e+01
-1.461999999999999922e+01 -2.737566464885416906e+01
-1.459999999999999964e+01 -2.725607251051965108e+01
-1.458000000000000007e+01 -2.702477886573293020e+01
-1.456000000000000050e+01 -2.698006521081310893e+01
-1.453999999999999915e+01 -2.688934662035484990e+01
-1.451999999999999957e+01 -2.685585482451003969e+01
-1.450000000000000000e+01 -2.677772486623597104e+01
-1.448000000000000043e+01 -2.674728937530997896e+01
-1.446000000000000085e+01 -2.672893349359807047e+01
-1.443999999999999950e+01 -2.664781791882716888e+01
-1.441999999999999993e+01 -2.663118402228543147e+01
-1.440000000000000036e+01 -2.633171558643529053e+01
-1.438000000000000078e+01 -2.620098799475018936e+01
-1.435999999999999943e+01 -2.620329685477235060e+01
-1.433999999999999986e+01 -2.612665306339950178e+01
-1.432000000000000028e+01 -2.615319702993875950e+01
-1.430000000000000071e+01 -2.617963813142063856e+01
-1.427999999999999936e+01 -2.614499880981389879e+01
-1.425999999999999979e+01 -2.619430267760087006e+01
-1.424000000000000021e+01 -2.616372030386778036e+01
-1.422000000000000064e+01 -2.621956906803285037e+01
-1.419999999999999929e+01 -2.605225213446092880e+01
-1.417999999999999972e+01 -2.609656569267965054e+01
-1.416000000000000014e+01 -2.619297293308562047e+01
-1.414000000000000057e+01 -2.629291241945304947e+01
-1.411999999999999922e+01 -2.640183729640292043e+01
-1.409999999999999964e+01 -2.653220439013272980e+01
-1.408000000000000007e+01 -2.665176772788159099e+01
-1.406000000000000050e+01 -2.676588535956640058e+01
-1.403999999999999915e+01 -2.694338943209806914e+01
-1.401999999999999957e+01 -2.706734253819073999e+01
-1.400000000000000000e+01 -2.732414926828974089e+01
-1.398000000000000043e+01 -2.795874907348774130e+01
-1.396000000000000085e+01 -2.811939845871670940e+01
-1.393999999999999950e+01 -2.843026710511187005e+01
-1.391999999999999993e+01 -2.857006773751314910e+01
-1.390000000000000036e+01 -2.872291843832119085e+01
-1.388000000000000078e+01 -2.901478448063528859e+01
-1.385999999999999943e+01 -2.915287540604821004e+01
-1.383999999999999986e+01 -2.948058389586253014e+01
-1.382000000000000028e+01 -2.963901831153695099e+01
-1.380000000000000071e+01 -3.046555039081010108e+01
-1.377999999999999936e+01 -3.084311317070987002e+01
-1.375999999999999979e+01 -3.098166146716098979e+01
-1.374000000000000021e+01 -3.125985731558733960e+01
-1.372000000000000064e+01 -3.138037626031324123e+01
-1.369999999999999929e+01 -3.151355852555476034e+01
-1.367999999999999972e+01 -3.174066820162408931e+01
-1.366000000000000014e+01 -3.185865538761008153e+01
-1.364000000000000057e+01 -3.208420096342651107e+01
-1.361999999999999922e+01 -3.220312218024427153e+01
-1.359999999999999964e+01 -3.243558330799321965e+01
-1.358000000000000007e+01 -3.267595632008431039e+01
-1.356000000000000050e+01 -3.276380430328563875e+01
-1.353999999999999915e+01 -3.283609689989212654e+01
-1.351999999999999957e+01 -3.291650253987317143e+01
-1.350000000000000000e+01 -3.296613580606088334e+01
-1.348000000000000043e+01 -3.304151872402267287e+01
-1.346000000000000085e+01 -3.312788292155126157e+01
-1.343999999999999950e+01 -3.313707534241404318e+01
-1.341999999999999993e+01 -3.321326483361917781e+01
-1.340000000000000036e+01 -3.280482265219008298e+01
-1.338000000000000078e+01 -3.260872305289117890e+01
-1.335999999999999943e+01 -3.266818892778702832e+01
-1.333999999999999986e+01 -3.252659156428102705e+01
-1.332000000000000028e+01 -3.260077662280137645e+01
-1.330000000000000071e+01 -3.265114050766342757e+01
-1.327999999999999936e+01 -3.249976213128986302e+01
-1.325999999999999979e+01 -3.254201038414628755e+01
-1.324000000000000021e+01 -3.229792997176736691e+01
-1.322000000000000064e+01 -3.229177464976147860e+01
-1.319999999999999929e+01 -3.186600012667722126e+01
-1.317999999999999972e+01 -3.073192783927114036e+01
-1.316000000000000014e+01 -3.066409213451932914e+01
-1.314000000000000057e+01 -3.032621732831487904e+01
-1.311999999999999922e+01 -3.027558147217234108e+01
-1.309999999999999964e+01 -2.997879832837288916e+01
-1.308000000000000007e+01 -2.988998780935934008e+01
-1.306000000000000050e+01 -2.981732982743323035e+01
-1.303999999999999915e+01 -2.946116881472118010e+01
-1.301999999999999957e+01 -2.934685318187635161e+01
-1.300000000000000000e+01 -2.888165223089303879e+01
-1.298000000000000043e+01 -2.804171800051596009e+01
-1.296000000000000085e+01 -2.791203478542589167e+01
-1.293999999999999950e+01 -2.765321085664956868e+01
-1.291999999999999993e+01 -2.753292826844749897e+01
-1.290000000000000036e+01 -2.739212819557734946e+01
-1.288000000000000078e+01 -2.717702353638622981e+01
-1.285999999999999943e+01 -2.704250122235766085e+01
-1.283999999999999986e+01 -2.684207768087953028e+01
-1.282000000000000028e+01 -2.670930227152138059e+01
-1.280000000000000071e+01 -2.657155424349706863e+01
-1.277999999999999936e+01 -2.655739805916880059e+01
-1.275999999999999979e+01 -2.647247276970454877e+01
-1.274000000000000021e+01 -2.648349589193757936e+01
-1.272000000000000064e+01 -2.640343896496062825e+01
-1.269999999999999929e+01 -2.643411833055048987e+01
-1.267999999999999972e+01 -2.637484869652162089e+01
-1.266000000000000014e+01 -2.630064825038434151e+01
-1.264000000000000057e+01 -2.641161012832266053e+01
-1.261999999999999922e+01 -2.636284064328203058e+01
-1.259999999999999964e+01 -2.662325812650340140e+01
-1.258000000000000007e+01 -2.758734850974520825e+01
-1.256000000000000050e+01 -2.759849765859461002e+01
-1.253999999999999915e+01 -2.789346866975444073e+01
-1.251999999999999957e+01 -2.788207795969588076e+01
-1.250000000000000000e+01 -2.814525802183863945e+01
-1.248000000000000043e+01 -2.817018964521140845e+01
-1.246000000000000085e+01 -2.816882060869049909e+01
-1.243999999999999950e+01 -2.851989261778428997e+01
-1.241999999999999993e+01 -2.857926590120968058e+01
-1.240000000000000036e+01 -2.983432675262496048e+01
-1.238000000000000078e+01 -3.030205141830472826e+01
-1.235999999999999943e+01 -3.035445533485054170e+01
-1.233999999999999986e+01 -3.066690771977548025e+01
-1.232000000000000028e+01 -3.071062563222332997e+01
-1.230000000000000071e+01 -3.078935851644974875e+01
-1.227999999999999936e+01 -3.104435923244248130e+01
-1.225999999999999979e+01 -3.111702426432984936e+01
-1.224000000000000021e+01 -3.138890706295502042e+01
-1.222000000000000064e+01 -3.147930815101866031e+01
-1.219999999999999929e+01 -3.178174111207869856e+01
-1.217999999999999972e+01 -3.217967478090194788e+01
-1.216000000000000014e+01 -3.224118228743694914e+01
-1.214000000000000057e+01 -3.232862874726836822e+01
-1.211999999999999922e+01 -3.237525036671978285e+01
-1.209999999999999964e+01 -3.243206622577064735e+01
-1.208000000000000007e+01 -3.246967490804436096e+01
-1.206000000000000050e+01 -3.250299609499018771e+01
-1.203999999999999915e+01 -3.252848021433150194e+01
-1.201999999999999957e+01 -3.254989911753506959e+01
-1.200000000000000000e+01 -3.251632753804103260e+01
-1.198000000000000043e+01 -3.250222118909434244e+01
-1.196000000000000085e+01 -3.249682670532438777e+01
-1.193999999999999950e+01 -3.249058040392237245e+01
-1.191999999999999993e+01 -3.248713183056386811e+01
-1.190000000000000036e+01 -3.249895846435840951e+01
-1.188000000000000078e+01 -3.251634527424832299e+01
-1.185999999999999943e+01 -3.254525716751255260e+01
-1.183999999999999986e+01 -3.260693238341708877e+01
-1.182000000000000028e+01 -3.267550565834584120e+01
-1.180000000000000071e+01 -3.281545891678001681e+01
-1.177999999999999936e+01 -3.292537588938358795e+01
-1.175999999999999979e+01 -3.305412868402852666e+01
-1.174000000000000021e+01 -3.319377883567609899e+01
-1.172000000000000064e+01 -3.336941669931825061e+01
-1.169999999999999929e+01 -3.354671351293662696e+01
-1.167999999999999972e+01 -3.376516439032703687e+01
-1.166000000000000014e+01 -3.401345123086309741e+01
-1.164000000000000057e+01 -3.422342325408789776e+01
-1.161999999999999922e+01 -3.449696213964426761e+01
-1.159999999999999964e+01 -3.442740807112147650e+01
-1.158000000000000007e+01 -3.452239348135103825e+01
-1.156000000000000050e+01 -3.481474548655675960e+01
-1.153999999999999915e+01 -3.496878166071704186e+01
-1.151999999999999957e+01 -3.529272682189505872e+01
-1.150000000000000000e+01 -3.548572932424070103e+01
-1.148000000000000043e+01 -3.582886206849997279e+01
-1.146000000000000085e+01 -3.620703054727987080e+01
-1.143999999999999950e+01 -3.637261954881019221e+01
-1.141999999999999993e+01 -3.666276414908698200e+01
-1.140000000000000036e+01 -3.605073032359563712e+01
-1.138000000000000078e+01 -3.818541997651585973e+01
-1.135999999999999943e+01 -3.510462580521483744e+01
-1.133999999999999986e+01 -3.352169136853540721e+01
-1.132000000000000028e+01 -3.253390016347959346e+01
-1.130000000000000071e+01 -3.163417360614678131e+01
-1.127999999999999936e+01 -3.103408456912609026e+01
-1.125999999999999979e+01 -3.056505382543636884e+01
-1.124000000000000021e+01 -3.000736591069809123e+01
-1.122000000000000064e+01 -2.968832042294767959e+01
-1.119999999999999929e+01 -2.879045812793438941e+01
-1.117999999999999972e+01 -2.838333163511752844e+01
-1.116000000000000014e+01 -2.829711318195218084e+01
-1.114000000000000057e+01 -2.815587479386309155e+01
-1.111999999999999922e+01 -2.842084454034058894e+01
-1.109999999999999964e+01 -2.808084561033318849e+01
-1.108000000000000007e+01 -2.763655170759717095e+01
-1.106000000000000050e+01 -2.739905490668524024e+01
-1.103999999999999915e+01 -2.717336312725954883e+01
-1.101999999999999957e+01 -2.718284603208607919e+01
-1.100000000000000000e+01 -2.676332120100073908e+01
-1.098000000000000043e+01 -2.672958527281583940e+01
-1.096000000000000085e+01 -2.685203772660718968e+01
-1.093999999999999950e+01 -2.692827695366124985e+01
-1.091999999999999993e+01 -2.709688568396584074e+01
-1.090000000000000036e+01 -2.724563753595046833e+01
-1.088000000000000078e+01 -2.745834199206597148e+01
-1.085999999999999943e+01 -2.769913863473973947e+01
-1.083999999999999986e+01 -2.795277144557849880e+01
-1.082000000000000028e+01 -2.825325990547331045e+01
-1.080000000000000071e+01 -2.853155465517489020e+01
-1.077999999999999936e+01 -2.877796477964659161e+01
-1.075999999999999979e+01 -2.861448737383613050e+01
-1.074000000000000021e+01 -2.835293839403497884e+01
-1.072000000000000064e+01 -2.800614989798237175e+01
-1.069999999999999929e+01 -2.769918891980843156e+01
-1.067999999999999972e+01 -2.748528184844257893e+01
-1.066000000000000014e+01 -2.724875974626382913e+01
-1.064000000000000057e+01 -2.711196959533031858e+01
-1.061999999999999922e+01 -2.693649950152554950e+01
-1.059999999999999964e+01 -2.687976084437702085e+01
-1.058000000000000007e+01 -2.698748293016193855e+01
-1.056000000000000050e+01 -2.688102207603436966e+01
-1.053999999999999915e+01 -2.685063255907731872e+01
-1.051999999999999957e+01 -2.677976087698723973e+01
-1.050000000000000000e+01 -2.673756752769935829e+01
-1.048000000000000043e+01 -2.676150586288929034e+01
-1.046000000000000085e+01 -2.675880715413133970e+01
-1.043999999999999950e+01 -2.683907420827053869e+01
-1.041999999999999993e+01 -2.688337081857843103e+01
-1.040000000000000036e+01 -2.704032253329162927e+01
-1.038000000000000078e+01 -2.739860780272623941e+01
-1.035999999999999943e+01 -2.751903083771576064e+01
-1.033999999999999986e+01 -2.773859172523524919e+01
-1.032000000000000028e+01 -2.789497254576961893e+01
-1.030000000000000071e+01 -2.807933582953170060e+01
-1.027999999999999936e+01 -2.835982746463499993e+01
-1.025999999999999979e+01 -2.857944956926863966e+01
-1.024000000000000021e+01 -2.892209393786319893e+01
-1.022000000000000064e+01 -2.917203536497029859e+01
-1.019999999999999929e+01 -2.958179368605570048e+01
-1.017999999999999972e+01 -3.031560492921141048e+01
-1.016000000000000014e+01 -3.046494699167879006e+01
-1.014000000000000057e+01 -3.066149837407807865e+01
-1.011999999999999922e+01 -3.057852363402824025e+01
-1.009999999999999964e+01 -3.043060804024801058e+01
-1.008000000000000007e+01 -3.038588178805069973e+01
-1.006000000000000050e+01 -3.018124135162925015e+01
-1.003999999999999915e+01 -3.017703015388623911e+01
-1.001999999999999957e+01 -3.000657754904847963e+01
-1.000000000000000000e+01 -3.014666209019114973e+01
-9.980000000000000426e+00 -3.089816973946643941e+01
-9.960000000000000853e+00 -3.081745333166348999e+01
-9.939999999999999503e+00 -3.099579525888835008e+01
-9.919999999999999929e+00 -3.093902224923336064e+01
-9.900000000000000355e+00 -3.113059880664446055e+01
-9.880000000000000782e+00 -3.114663613387291008e+01
-9.859999999999999432e+00 -3.116337795518627019e+01
-9.839999999999999858e+00 -3.148154259140817857e+01
-9.820000000000000284e+00 -3.157509114279822171e+01
-9.800000000000000711e+00 -3.234977126940501790e+01
-9.779999999999999361e+00 -3.305888703557633335e+01
-9.759999999999999787e+00 -3.319009257682976965e+01
-9.740000000000000213e+00 -3.351241521952773184e+01
-9.720000000000000639e+00 -3.363841343605992762e+01
-9.699999999999999289e+00 -3.378936707396032801e+01
-9.679999999999999716e+00 -3.406073672154558807e+01
-9.660000000000000142e+00 -3.419460901989005919e+01
-9.640000000000000568e+00 -3.444815697620523309e+01
-9.619999999999999218e+00 -3.457978208059105185e+01
-9.599999999999999645e+00 -3.486609641970859741e+01
-9.580000000000000071e+00 -3.490792572622015655e+01
-9.560000000000000497e+00 -3.496829728036343710e+01
-9.539999999999999147e+00 -3.495868730208800201e+01
-9.519999999999999574e+00 -3.500522291147085241e+01
-9.500000000000000000e+00 -3.504227134922231102e+01
-9.480000000000000426e+00 -3.498823821569440184e+01
-9.460000000000000853e+00 -3.501782659075144011e+01
-9.439999999999999503e+00 -3.490795370182745216e+01
-9.419999999999999929e+00 -3.490660875956150733e+01
-9.400000000000000355e+00 -3.427768279443119326e+01
-9.380000000000000782e+00 -3.398449443962349648e+01
-9.359999999999999432e+00 -3.394871390366174069e+01
-9.339999999999999858e+00 -3.370459684717798154e+01
-9.320000000000000284e+00 -3.365744258872830841e+01
-9.300000000000000711e+00 -3.357674179283139893e+01
-9.279999999999999361e+00 -3.331280019080652011e+01
-9.259999999999999787e+00 -3.321559732848037783e+01
-9.240000000000000213e+00 -3.287755282886042352e+01
-9.220000000000000639e+00 -3.272874603280344985e+01
-9.199999999999999289e+00 -3.169839446364882107e+01
-9.179999999999999716e+00 -3.118347319611167023e+01
-9.160000000000000142e+00 -3.102580581143869054e+01
-9.140000000000000568e+00 -3.061816734919361949e+01
-9.119999999999999218e+00 -3.049184739527278154e+01
-9.099999999999999645e+00 -3.035063920251844038e+01
-9.080000000000000071e+00 -3.001146500305301856e+01
-9.060000000000000497e+00 -2.991930256200818050e+01
-9.039999999999999147e+00 -2.955552761595524913e+01
-9.019999999999999574e+00 -2.947957793797263903e+01
-9.000000000000000000e+00 -2.901085113839355145e+01
-8.980000000000000426e+00 -2.786336503217054172e+01
-8.960000000000000853e+00 -2.783531313245359939e+01
-8.939999999999999503e+00 -2.754653038197968939e+01
-8.919999999999999929e+00 -2.755762691780408957e+01
-8.900000000000000355e+00 -2.734000056056926908e+01
-8.880000000000000782e+00 -2.733665270614795872e+01
-8.859999999999999432e+00 -2.734991937025118958e+01
-8.839999999999999858e+00 -2.708019112931290096e+01
-8.820000000000000284e+00 -2.704116040951362976e+01
-8.800000000000000711e+00 -2.664201574107223891e+01
-8.779999999999999361e+00 -2.580690899667711946e+01
-8.759999999999999787e+00 -2.569773716524039031e+01
-8.740000000000000213e+00 -2.541907295175501957e+01
-8.720000000000000639e+00 -2.528489969912634905e+01
-8.699999999999999289e+00 -2.501998493424795100e+01
-8.679999999999999716e+00 -2.485813799526999901e+01
-8.660000000000000142e+00 -2.470131823754728018e+01
-8.640000000000000568e+00 -2.443839648018429855e+01
-8.619999999999999218e+00 -2.428185405325244872e+01
-8.599999999999999645e+00 -2.402230273391523951e+01
-8.580000000000000071e+00 -2.374820584373476962e+01
-8.560000000000000497e+00 -2.363657840630244067e+01
-8.539999999999999147e+00 -2.353857785142738024e+01
-8.519999999999999574e+00 -2.344932551825014855e+01
-8.500000000000000000e+00 -2.338893806163417111e+01
-8.480000000000000426e+00 -2.332290648161887958e+01
-8.460000000000000853e+00 -2.326076140217259081e+01
-8.439999999999999503e+00 -2.326567916873663933e+01
-8.419999999999999929e+00 -2.323103502920312025e+01
-8.400000000000000355e+00 -2.332383584066559123e+01
-8.380000000000000782e+00 -2.378222117742699027e+01
-8.359999999999999432e+00 -2.381230680557388979e+01
-8.339999999999999858e+00 -2.400260496831127099e+01
-8.320000000000000284e+00 -2.403929204025127930e+01
-8.300000000000000711e+00 -2.423647019552067050e+01
-8.279999999999999361e+00 -2.430540845662718041e+01
-8.259999999999999787e+00 -2.436165971110352046e+01
-8.240000000000000213e+00 -2.463386981587493096e+01
-8.220000000000000639e+00 -2.473081149728949057e+01
-8.199999999999999289e+00 -2.565511797747236145e+01
-8.179999999999999716e+00 -2.608684443779933915e+01
-8.160000000000000142e+00 -2.618679682618413906e+01
-8.140000000000000568e+00 -2.651299340831641871e+01
-8.119999999999999218e+00 -2.659160454422231012e+01
-8.099999999999999645e+00 -2.668989364531993047e+01
-8.080000000000000071e+00 -2.696677886391941925e+01
-8.060000000000000497e+00 -2.704201886341778049e+01
-8.039999999999999147e+00 -2.735149509196318007e+01
-8.019999999999999574e+00 -2.744824702459219878e+01
-8.000000000000000000e+00 -2.836431321537747152e+01
-7.980000000000000426e+00 -2.874916610996749000e+01
-7.959999999999999964e+00 -2.883193647596862164e+01
-7.940000000000000391e+00 -2.912305070443300892e+01
-7.919999999999999929e+00 -2.920369740919862878e+01
-7.900000000000000355e+00 -2.931622311748814980e+01
-7.879999999999999893e+00 -2.960507978836923826e+01
-7.860000000000000320e+00 -2.973673979785715105e+01
-7.839999999999999858e+00 -3.010408446413910966e+01
-7.820000000000000284e+00 -3.030870129233915122e+01
-7.799999999999999822e+00 -3.131677693323705824e+01
-7.780000000000000249e+00 -3.187384107892509988e+01
-7.759999999999999787e+00 -3.216985493944144281e+01
-7.740000000000000213e+00 -3.270711232599767726e+01
-7.719999999999999751e+00 -3.306831436360619136e+01
-7.700000000000000178e+00 -3.348960079933767275e+01
-7.679999999999999716e+00 -3.411439916750904189e+01
-7.660000000000000142e+00 -3.458666555356366956e+01
-7.639999999999999680e+00 -3.524658772369568993e+01
-7.620000000000000107e+00 -3.559911481218868801e+01
-7.599999999999999645e+00 -3.640612590257786252e+01
-7.580000000000000071e+00 -3.651665973973639723e+01
-7.559999999999999609e+00 -3.630474520496716195e+01
-7.540000000000000036e+00 -3.610251811145138134e+01
-7.519999999999999574e+00 -3.577656738204858300e+01
-7.500000000000000000e+00 -3.545735251730869209e+01
-7.480000000000000426e+00 -3.516795495284095097e+01
-7.459999999999999964e+00 -3.487406526384020111e+01
-7.440000000000000391e+00 -3.459224084592214865e+01
-7.419999999999999929e+00 -3.434774359171476021e+01
-7.400000000000000355e+00 -3.404001081439277954e+01
-7.379999999999999893e+00 -3.328508700458066016e+01
-7.360000000000000320e+00 -3.307955531705786001e+01
-7.339999999999999858e+00 -3.269811503207613157e+01
-7.320000000000000284e+00 -3.256830803188069012e+01
-7.299999999999999822e+00 -3.224968018750085719e+01
-7.280000000000000249e+00 -3.214712444295881255e+01
-7.259999999999999787e+00 -3.209166606382064657e+01
-7.240000000000000213e+00 -3.174975689893672026e+01
-7.219999999999999751e+00 -3.169805671055440044e+01
-7.200000000000000178e+00 -3.120693578739810903e+01
-7.179999999999999716e+00 -2.994801332430242979e+01
-7.160000000000000142e+00 -2.989792248985600054e+01
-7.139999999999999680e+00 -2.956879558300300914e+01
-7.120000000000000107e+00 -2.957127158751578833e+01
-7.099999999999999645e+00 -2.932298197951913110e+01
-7.080000000000000071e+00 -2.931681369985946972e+01
-7.059999999999999609e+00 -2.934212428793335903e+01
-7.040000000000000036e+00 -2.908752309288276905e+01
-7.019999999999999574e+00 -2.910790109781708068e+01
-7.000000000000000000e+00 -2.878793981243887146e+01
-6.980000000000000426e+00 -2.812607184453467823e+01
-6.959999999999999964e+00 -2.819807893010235844e+01
-6.940000000000000391e+00 -2.816025845593211940e+01
-6.919999999999999929e+00 -2.827759352359266032e+01
-6.900000000000000355e+00 -2.830645973980740138e+01
-6.879999999999999893e+00 -2.843280038535579024e+01
-6.860000000000000320e+00 -2.856770829397790123e+01
-6.839999999999999858e+00 -2.861019139755210006e+01
-6.820000000000000284e+00 -2.871795589611058119e+01
-6.799999999999999822e+00 -2.870931409615949903e+01
-6.780000000000000249e+00 -2.861324341432693075e+01
-6.759999999999999787e+00 -2.857908917264272830e+01
-6.740000000000000213e+00 -2.844948293064598843e+01
-6.719999999999999751e+00 -2.826551245135932078e+01
-6.700000000000000178e+00 -2.803377298209586144e+01
-6.679999999999999716e+00 -2.777610291157958144e+01
-6.660000000000000142e+00 -2.752402888190707131e+01
-6.639999999999999680e+00 -2.727551054159149047e+01
-6.620000000000000107e+00 -2.704252328500157176e+01
-6.599999999999999645e+00 -2.683224629230157987e+01
-6.580000000000000071e+00 -2.663851083241436868e+01
-6.559999999999999609e+00 -2.645298316981117992e+01
-6.540000000000000036e+00 -2.629006955368776843e+01
-6.519999999999999574e+00 -2.613864717597369136e+01
-6.500000000000000000e+00 -2.600572194133810910e+01
-6.480000000000000426e+00 -2.589450800806832120e+01
-6.459999999999999964e+00 -2.579815779351604021e+01
-6.440000000000000391e+00 -2.572157805703487909e+01
-6.419999999999999929e+00 -2.566081888901405961e+01
-6.400000000000000355e+00 -2.558417069807262934e+01
-6.379999999999999893e+00 -2.551920455095106988e+01
-6.360000000000000320e+00 -2.549993351214910930e+01
-6.339999999999999858e+00 -2.546360953337725874e+01
-6.320000000000000284e+00 -2.547285049806010093e+01
-6.299999999999999822e+00 -2.549081384197921096e+01
-6.280000000000000249e+00 -2.548446866942861888e+01
-6.259999999999999787e+00 -2.552144923156642875e+01
-6.240000000000000213e+00 -2.551466380158156966e+01
-6.219999999999999751e+00 -2.555437392717342959e+01
-6.200000000000000178e+00 -2.542040294265392930e+01
-6.179999999999999716e+00 -2.542328041924218951e+01
-6.160000000000000142e+00 -2.547445584965335996e+01
-6.139999999999999680e+00 -2.551279799759743838e+01
-6.120000000000000107e+00 -2.556221805117042933e+01
-6.099999999999999645e+00 -2.560450822547677063e+01
-6.080000000000000071e+00 -2.566152101016652054e+01
-6.059999999999999609e+00 -2.569539633619535124e+01
-6.040000000000000036e+00 -2.577752671450889110e+01
-6.019999999999999574e+00 -2.581645363111853086e+01
-6.000000000000000000e+00 -2.628505941167160032e+01
-5.980000000000000426e+00 -2.659603274785344951e+01
-5.959999999999999964e+00 -2.665667589995933895e+01
-5.940000000000000391e+00 -2.691611771072896886e+01
-5.919999999999999929e+00 -2.695905301618732963e+01
-5.900000000000000355e+00 -2.719535172108421861e+01
-5.879999999999999893e+00 -2.725344354500123956e+01
-5.860000000000000320e+00 -2.728791293159051889e+01
-5.839999999999999858e+00 -2.758374226543265095e+01
-5.820000000000000284e+00 -2.764557396719320082e+01
-5.799999999999999822e+00 -2.807023238167846912e+01
-5.780000000000000249e+00 -2.899374447152962020e+01
-5.759999999999999787e+00 -2.907316882500344946e+01
-5.740000000000000213e+00 -2.932412588850201018e+01
-5.719999999999999751e+00 -2.939583091223711975e+01
-5.700000000000000178e+00 -2.960894665210723886e+01
-5.679999999999999716e+00 -2.971132215429424051e+01
-5.660000000000000142e+00 -2.981662057337453930e+01
-5.639999999999999680e+00 -3.003972518262784064e+01
-5.620000000000000107e+00 -3.016698077133446176e+01
-5.599999999999999645e+00 -3.038607322888661955e+01
-5.580000000000000071e+00 -3.053092152613137955e+01
-5.559999999999999609e+00 -3.063370161817181980e+01
-5.540000000000000036e+00 -3.070237553474160919e+01
-5.519999999999999574e+00 -3.080029189112866916e+01
-5.500000000000000000e+00 -3.085567767334377010e+01
-5.480000000000000426e+00 -3.093957565621247952e+01
-5.459999999999999964e+00 -3.102232632694515857e+01
-5.440000000000000391e+00 -3.104493803634722937e+01
-5.419999999999999929e+00 -3.111332643341892989e+01
-5.400000000000000355e+00 -3.110609492772913853e+01
-5.379999999999999893e+00 -3.102871901116863995e+01
-5.360000000000000320e+00 -3.109598902933705133e+01
-5.339999999999999858e+00 -3.114319936337324890e+01
-5.320000000000000284e+00 -3.121284202014166098e+01
-5.299999999999999822e+00 -3.126548317119140918e+01
-5.280000000000000249e+00 -3.132518233551362030e+01
-5.259999999999999787e+00 -3.137506337436976978e+01
-5.240000000000000213e+00 -3.139891358134926946e+01
-5.219999999999999751e+00 -3.141231554096066958e+01
-5.200000000000000178e+00 -3.135521582320662048e+01
-5.179999999999999716e+00 -3.128297533639269901e+01
-5.160000000000000142e+00 -3.121224799970217134e+01
-5.139999999999999680e+00 -3.108676485996065963e+01
-5.120000000000000107e+00 -3.096768151123688995e+01
-5.099999999999999645e+00 -3.082858206825541103e+01
-5.080000000000000071e+00 -3.064890771999849051e+01
-5.059999999999999609e+00 -3.049339286564396900e+01
-5.040000000000000036e+00 -3.029824139385306125e+01
-5.019999999999999574e+00 -3.014367525561072014e+01
-5.000000000000000000e+00 -2.987208378547039089e+01
-4.980000000000000426e+00 -2.972121617491934131e+01
-4.959999999999999964e+00 -2.962902669367180053e+01
-4.940000000000000391e+00 -2.955386138172955057e+01
-4.919999999999999929e+00 -2.951871974142266097e+01
-4.900000000000000355e+00 -2.951282713196070162e+01
-4.879999999999999893e+00 -2.954801076418045014e+01
-4.860000000000000320e+00 -2.960637507294775972e+01
-4.839999999999999858e+00 -2.971908474673844935e+01
-4.820000000000000284e+00 -2.984454610776452910e+01
-4.799999999999999822e+00 -3.015075958473352102e+01
-4.780000000000000249e+00 -3.040203049078888853e+01
-4.759999999999999787e+00 -3.059145020240212887e+01
-4.740000000000000213e+00 -3.083655926093117827e+01
-4.719999999999999751e+00 -3.102343191203729944e+01
-4.700000000000000178e+00 -3.120251849573075020e+01
-4.679999999999999716e+00 -3.139025227464874135e+01
-4.660000000000000142e+00 -3.150342894697767093e+01
-4.639999999999999680e+00 -3.160339991415532168e+01
-4.620000000000000107e+00 -3.161692413553438996e+01
-4.599999999999999645e+00 -3.158481703706744881e+01
-4.580000000000000071e+00 -3.143944095225736035e+01
-4.559999999999999609e+00 -3.130694799295343955e+01
-4.540000000000000036e+00 -3.110603690132531085e+01
-4.519999999999999574e+00 -3.095346576687133933e+01
-4.500000000000000000e+00 -3.080028863258818106e+01
-4.480000000000000426e+00 -3.059270296843448023e+01
-4.459999999999999964e+00 -3.045701591730943036e+01
-4.440000000000000391e+00 -3.023827380967520995e+01
-4.419999999999999929e+00 -3.011288503322271026e+01
-4.400000000000000355e+00 -2.984676029112997853e+01
-4.379999999999999893e+00 -2.927459432126319072e+01
-4.360000000000000320e+00 -2.915283150511494981e+01
-4.339999999999999858e+00 -2.891311105167408968e+01
-4.320000000000000284e+00 -2.881437746520758836e+01
-4.299999999999999822e+00 -2.860136247956922873e+01
-4.280000000000000249e+00 -2.849807546190487884e+01
-4.259999999999999787e+00 -2.841058607485252097e+01
-4.240000000000000213e+00 -2.817565336277248988e+01
-4.219999999999999751e+00 -2.808064605364126010e+01
-4.200000000000000178e+00 -2.777910494059934976e+01
-4.179999999999999716e+00 -2.712931410645625974e+01
-4.160000000000000142e+00 -2.703296256238419915e+01
-4.139999999999999680e+00 -2.680647218719544966e+01
-4.120000000000000107e+00 -2.673345178488760965e+01
-4.099999999999999645e+00 -2.654257648757529964e+01
-4.080000000000000071e+00 -2.646572717803008956e+01
-4.059999999999999609e+00 -2.640351064238024037e+01
-4.040000000000000036e+00 -2.620708520353165838e+01
-4.019999999999999574e+00 -2.614080273156865886e+01
-4.000000000000000000e+00 -2.590935017076740010e+01
-3.979999999999999982e+00 -2.551464892909287130e+01
-3.959999999999999964e+00 -2.547002287384005825e+01
-3.939999999999999947e+00 -2.537767817681664084e+01
-3.919999999999999929e+00 -2.535019829380562939e+01
-3.899999999999999911e+00 -2.529045736255164911e+01
-3.879999999999999893e+00 -2.526839488698542979e+01
-3.859999999999999876e+00 -2.525071415089081839e+01
-3.839999999999999858e+00 -2.522025897925067994e+01
-3.819999999999999840e+00 -2.521317684630835032e+01
-3.799999999999999822e+00 -2.521531583047978131e+01
-3.779999999999999805e+00 -2.531173142341943105e+01
-3.759999999999999787e+00 -2.533855224603081169e+01
-3.740000000000000213e+00 -2.540634704828265100e+01
-3.720000000000000195e+00 -2.544864363542157903e+01
-3.700000000000000178e+00 -2.550364558060135067e+01
-3.680000000000000160e+00 -2.559807287356501959e+01
-3.660000000000000142e+00 -2.567023897068602167e+01
-3.640000000000000124e+00 -2.579048024804150074e+01
-3.620000000000000107e+00 -2.588301975624789009e+01
-3.600000000000000089e+00 -2.603622688915804062e+01
-3.580000000000000071e+00 -2.630239755169577975e+01
-3.560000000000000053e+00 -2.641561341325839152e+01
-3.540000000000000036e+00 -2.658383668154741031e+01
-3.520000000000000018e+00 -2.669327259411421949e+01
-3.500000000000000000e+00 -2.680166501353591002e+01
-3.479999999999999982e+00 -2.696233035298667957e+01
-3.459999999999999964e+00 -2.704929758057989986e+01
-3.439999999999999947e+00 -2.722256570025205846e+01
-3.419999999999999929e+00 -2.729495738017952888e+01
-3.399999999999999911e+00 -2.753240530465084035e+01
-3.379999999999999893e+00 -2.825217277072762911e+01
-3.359999999999999876e+00 -2.834527214456331023e+01
-3.339999999999999858e+00 -2.864538938287219949e+01
-3.319999999999999840e+00 -2.871537789718965072e+01
-3.299999999999999822e+00 -2.880507057768634027e+01
-3.279999999999999805e+00 -2.910185408372721838e+01
-3.259999999999999787e+00 -2.918486800793689895e+01
-3.240000000000000213e+00 -2.955408264755455860e+01
-3.220000000000000195e+00 -2.966315158085618009e+01
-3.200000000000000178e+00 -3.018540337956666875e+01
-3.180000000000000160e+00 -3.138587436910425055e+01
-3.160000000000000142e+00 -3.151100800697068038e+01
-3.140000000000000124e+00 -3.187570178816326916e+01
-3.120000000000000107e+00 -3.195486940508548912e+01
-3.100000000000000089e+00 -3.205674753692637324e+01
-3.080000000000000071e+00 -3.233917771792174278e+01
-3.060000000000000053e+00 -3.241519267699656837e+01
-3.040000000000000036e+00 -3.270530542789826711e+01
-3.020000000000000018e+00 -3.279332124319861208e+01
-3.000000000000000000e+00 -3.343094541208989057e+01
-2.979999999999999982e+00 -3.359915933896947848e+01
-2.959999999999999964e+00 -3.363642419620445168e+01
-2.939999999999999947e+00 -3.372034847725574735e+01
-2.919999999999999929e+00 -3.375129855887681884e+01
-2.899999999999999911e+00 -3.379858397840600048e+01
-2.879999999999999893e+00 -3.382858241578927760e+01
-2.859999999999999876e+00 -3.386280449225967715e+01
-2.839999999999999858e+00 -3.387343842127400251e+01
-2.819999999999999840e+00 -3.390431295209018714e+01
-2.799999999999999822e+00 -3.385611055850449702e+01
-2.779999999999999805e+00 -3.350354019922327353e+01
-2.759999999999999787e+00 -3.350168907982492783e+01
-2.740000000000000213e+00 -3.337174671916112345e+01
-2.720000000000000195e+00 -3.337812138751132807e+01
-2.700000000000000178e+00 -3.325206688107382291e+01
-2.680000000000000160e+00 -3.323927337210366062e+01
-2.660000000000000142e+00 -3.323837074090287302e+01
-2.640000000000000124e+00 -3.304654728719461332e+01
-2.620000000000000107e+00 -3.301479096550097836e+01
-2.600000000000000089e+00 -3.269882942082620758e+01
-2.580000000000000071e+00 -3.185025877592563859e+01
-2.560000000000000053e+00 -3.176185087499834125e+01
-2.540000000000000036e+00 -3.146209524050674133e+01
-2.520000000000000018e+00 -3.137913219278642885e+01
-2.500000000000000000e+00 -3.110269484559756847e+01
-2.479999999999999982e+00 -3.099417586388307910e+01
-2.459999999999999964e+00 -3.090517468620441832e+01
-2.439999999999999947e+00 -3.059542508859779986e+01
-2.419999999999999929e+00 -3.050093350725047969e+01
-2.399999999999999911e+00 -3.012301049607244963e+01
-2.379999999999999893e+00 -2.937319881746584116e+01
-2.359999999999999876e+00 -2.932201068329124993e+01
-2.339999999999999858e+00 -2.915022757455130886e+01
-2.319999999999999840e+00 -2.915840164341751972e+01
-2.299999999999999822e+00 -2.917086978389460938e+01
-2.279999999999999805e+00 -2.910116088755798103e+01
-2.259999999999999787e+00 -2.916289603229908067e+01
-2.240000000000000213e+00 -2.912387964920882055e+01
-2.220000000000000195e+00 -2.921278042961579047e+01
-2.200000000000000178e+00 -2.917883926601241029e+01
-2.180000000000000160e+00 -2.902852133750063857e+01
-2.160000000000000142e+00 -2.916096931951222970e+01
-2.140000000000000124e+00 -2.925210743181425954e+01
-2.120000000000000107e+00 -2.940526272939516872e+01
-2.100000000000000089e+00 -2.952323547627528910e+01
-2.080000000000000071e+00 -2.968741414544122037e+01
-2.060000000000000053e+00 -2.986819218177809176e+01
-2.040000000000000036e+00 -3.002690946419004092e+01
-2.020000000000000018e+00 -3.025505870745298154e+01
-2.000000000000000000e+00 -3.034170844762610031e+01
-1.979999999999999982e+00 -3.029448991898043175e+01
-1.959999999999999964e+00 -3.024651735921379014e+01
-1.939999999999999947e+00 -3.005204703396220012e+01
-1.919999999999999929e+00 -2.965533478553781066e+01
-1.899999999999999911e+00 -2.912305853701392166e+01
-1.879999999999999893e+00 -2.862193390252938840e+01
-1.860000000000000098e+00 -2.819818995221089963e+01
-1.840000000000000080e+00 -2.782867631524226937e+01
-1.820000000000000062e+00 -2.747963467956489936e+01
-1.800000000000000044e+00 -2.726237305861685911e+01
-1.780000000000000027e+00 -2.702738010201434093e+01
-1.760000000000000009e+00 -2.671748565633154016e+01
-1.739999999999999991e+00 -2.648391176473201014e+01
-1.719999999999999973e+00 -2.617940653984771870e+01
-1.699999999999999956e+00 -2.588710179646194121e+01
-1.679999999999999938e+00 -2.566758732036154100e+01
-1.659999999999999920e+00 -2.537994122397534014e+01
-1.639999999999999902e+00 -2.519435253286318144e+01
-1.620000000000000107e+00 -2.492270039399118176e+01
-1.600000000000000089e+00 -2.479970737116899926e+01
-1.580000000000000071e+00 -2.492379995149497063e+01
-1.560000000000000053e+00 -2.466064089337891119e+01
-1.540000000000000036e+00 -2.448486633003471979e+01
-1.520000000000000018e+00 -2.420971366965761007e+01
-1.500000000000000000e+00 -2.400782888961493100e+01
-1.479999999999999982e+00 -2.373637473892841854e+01
-1.459999999999999964e+00 -2.345870846587536107e+01
-1.439999999999999947e+00 -2.324893932073079128e+01
-1.419999999999999929e+00 -2.297111165684741962e+01
-1.399999999999999911e+00 -2.276137762676536980e+01
-1.379999999999999893e+00 -2.256295807899628159e+01
-1.360000000000000098e+00 -2.226057700042077059e+01
-1.340000000000000080e+00 -2.195640688261585893e+01
-1.320000000000000062e+00 -2.164751415583636884e+01
-1.300000000000000044e+00 -2.133203717509019981e+01
-1.280000000000000027e+00 -2.102008231790417980e+01
-1.260000000000000009e+00 -2.070938772967194907e+01
-1.239999999999999991e+00 -2.038459609286291041e+01
-1.219999999999999973e+00 -2.007256390725896011e+01
-1.199999999999999956e+00 -1.971461556559921036e+01
-1.179999999999999938e+00 -1.940662641450154879e+01
-1.159999999999999920e+00 -1.910789137798879977e+01
-1.139999999999999902e+00 -1.882009633685061090e+01
-1.120000000000000107e+00 -1.852836516096735053e+01
-1.100000000000000089e+00 -1.824043758485013100e+01
-1.080000000000000071e+00 -1.797388272035538037e+01
-1.060000000000000053e+00 -1.769292784939488072e+01
-1.040000000000000036e+00 -1.744870022140420929e+01
-1.020000000000000018e+00 -1.718122796602985858e+01
-1.000000000000000000e+00 -1.710309659161621099e+01
-9.799999999999999822e-01 -1.693276151037726152e+01
-9.599999999999999645e-01 -1.667414018662378083e+01
-9.399999999999999467e-01 -1.647881714678798915e+01
-9.200000000000000400e-01 -1.621842168575462040e+01
-9.000000000000000222e-01 -1.601178618198547099e+01
-8.800000000000000044e-01 -1.575680658987332983e+01
-8.599999999999999867e-01 -1.549857763539520050e+01
-8.399999999999999689e-01 -1.529499748610435006e+01
-8.199999999999999512e-01 -1.504224336636998061e+01
-8.000000000000000444e-01 -1.492241706977937987e+01
-7.800000000000000266e-01 -1.468168362259246074e+01
-7.600000000000000089e-01 -1.441142072826582066e+01
-7.399999999999999911e-01 -1.414704621132858087e+01
-7.199999999999999734e-01 -1.387556778539845936e+01
-6.999999999999999556e-01 -1.360558519659178067e+01
-6.800000000000000488e-01 -1.333030717345413940e+01
-6.600000000000000311e-01 -1.306070524013827061e+01
-6.400000000000000133e-01 -1.277816153684292999e+01
-6.199999999999999956e-01 -1.250845573335807082e+01
-5.999999999999999778e-01 -1.221222176622572952e+01
-5.799999999999999600e-01 -1.185240569502268038e+01
-5.600000000000000533e-01 -1.158620058315865009e+01
-5.400000000000000355e-01 -1.129921481839664033e+01
-5.200000000000000178e-01 -1.104073314132237016e+01
-5.000000000000000000e-01 -1.078109829388927920e+01
-4.799999999999999822e-01 -1.050807523293610046e+01
-4.600000000000000200e-01 -1.025460295290642954e+01
-4.400000000000000022e-01 -9.984594872771511476e+00
-4.199999999999999845e-01 -9.733656321048146154e+00
-4.000000000000000222e-01 -9.429252346190095224e+00
-3.800000000000000044e-01 -9.165950404804304341e+00
-3.599999999999999867e-01 -8.925706206521443420e+00
-3.400000000000000244e-01 -8.673678580183709741e+00
-3.200000000000000067e-01 -8.438356022148699509e+00
-2.999999999999999889e-01 -8.202913759322244758e+00
-2.800000000000000266e-01 -7.959962759628676388e+00
-2.600000000000000089e-01 -7.729460212870482572e+00
-2.399999999999999911e-01 -7.488294457201213561e+00
-2.200000000000000011e-01 -7.260343264737820768e+00
-2.000000000000000111e-01 -6.987233482760663250e+00
-1.799999999999999933e-01 -6.748908252936667296e+00
-1.600000000000000033e-01 -6.533943919093169406e+00
-1.400000000000000133e-01 -6.310301948743317624e+00
-1.199999999999999956e-01 -6.101656379218154846e+00
-1.000000000000000056e-01 -5.887466524835743620e+00
-8.000000000000000167e-02 -5.683770063486715429e+00
-5.999999999999999778e-02 -5.481524080953314559e+00
-4.000000000000000083e-02 -5.278766809892173839e+00
-2.000000000000000042e-02 -5.081474733311347691e+00
-1.459349999999999989e-16 -4.886426344934546862e+00
