-24.00	-2.172116017840349045e+01	4.999999999999999289e+01
-23.00	-2.203873482256870986e+01	4.997082802205559915e+01
-22.00	-2.241177363442632853e+01	4.993645154805717112e+01
-21.00	-2.282164353008608870e+01	4.999934648779076696e+01
-20.00	-2.309310040150804966e+01	4.965405627547031031e+01
-19.00	-2.402104889451907965e+01	5.082968692973526714e+01
-18.00	-2.391948861426223871e+01	4.950536249846771142e+01
-17.00	-2.540114509570629053e+01	5.172968584993095220e+01
-16.98	-2.546981765070227866e+01	5.185657744330575269e+01
-16.96	-2.548998712618580953e+01	5.188752337371103351e+01
-16.94	-2.553870318229310143e+01	5.197558529435048769e+01
-16.92	-2.555545271919530848e+01	5.200194237368614836e+01
-16.90	-2.559306985531683054e+01	5.207504884345930662e+01
-16.88	-2.560781418393818143e+01	5.210505677647452671e+01
-16.86	-2.561852505961147131e+01	5.213032099550088816e+01
-16.84	-2.565316393802108053e+01	5.220717769732962665e+01
-16.82	-2.566409413987490851e+01	5.223778184689331283e+01
-16.80	-2.574260406290160930e+01	5.240797270664329233e+01
-16.78	-2.576254263869477157e+01	5.245921886783457211e+01
-16.76	-2.576576370821937090e+01	5.247622260739107247e+01
-16.74	-2.577119728023075140e+01	5.249683884586777083e+01
-16.72	-2.577327913765088852e+01	5.250873635685599794e+01
-16.70	-2.577148668601629922e+01	5.251030139782726280e+01
-16.68	-2.577346594008959002e+01	5.251591093697594914e+01
-16.66	-2.577908085160935059e+01	5.252490716142246896e+01
-16.64	-2.576540515986138047e+01	5.248960491094106828e+01
-16.62	-2.577146538416106125e+01	5.248912332570994721e+01
-16.60	-2.572896069370825956e+01	5.238331017098021647e+01
-16.58	-2.550912398989354912e+01	5.190925846336993743e+01
-16.56	-2.550051955163284134e+01	5.185996238670428227e+01
-16.54	-2.541631009653388062e+01	5.164978658768207254e+01
-16.52	-2.541992750924369915e+01	5.161224413865331684e+01
-16.50	-2.541898901149431111e+01	5.155844663289698104e+01
-16.48	-2.534209679616320088e+01	5.134381988382121875e+01
-16.46	-2.535110187488072953e+01	5.129779487125272652e+01
-16.44	-2.525114631210582061e+01	5.102467536641913881e+01
-16.42	-2.525555510407642146e+01	5.095792302996161283e+01
-16.40	-2.509755048508413111e+01	5.055788924665669271e+01
-16.38	-2.468422417908749011e+01	4.963852356275599220e+01
-16.36	-2.468687028091547830e+01	4.955676868609106833e+01
-16.34	-2.460226574603932903e+01	4.929608909043575693e+01
-16.32	-2.462267512395007074e+01	4.924408601199790780e+01
-16.30	-2.456863893714761105e+01	4.904029822460619670e+01
-16.28	-2.458695471207493100e+01	4.897979604320936886e+01
-16.26	-2.461320390716312900e+01	4.893334327489304769e+01
-16.24	-2.456538729408044119e+01	4.873787625507632271e+01
-16.22	-2.458787946909718869e+01	4.868159585008000789e+01
-16.20	-2.445349643439377019e+01	4.831299345421518154e+01
-16.18	-2.447007601977912117e+01	4.824376592235635286e+01
-16.16	-2.451554035420599931e+01	4.823084005480131964e+01
-16.14	-2.455848407201782990e+01	4.821185621482364070e+01
-16.12	-2.460784866168173934e+01	4.820438305162323900e+01
-16.10	-2.465754843606329061e+01	4.819635675224842686e+01
-16.08	-2.471493057537641036e+01	4.820178917703334776e+01
-16.06	-2.476779088465270107e+01	4.819674024109036736e+01
-16.04	-2.483463718430913048e+01	4.821714060585514261e+01
-16.02	-2.489173531836631881e+01	4.821647021142825196e+01
-16.00	-2.497114225890619110e+01	4.825693058722315243e+01
-15.98	-2.507056738935978046e+01	4.833373911199588235e+01
-15.96	-2.512925460036755965e+01	4.832899769818543234e+01
-15.94	-2.518982732680509073e+01	4.832554544999897672e+01
-15.92	-2.524850445164103974e+01	4.831620591566615985e+01
-15.90	-2.530848684371621005e+01	4.830716449764741327e+01
-15.88	-2.536402863690956977e+01	4.828776558691068033e+01
-15.86	-2.542467781916462144e+01	4.827650465335688779e+01
-15.84	-2.547423231632970086e+01	4.824283389480233097e+01
-15.82	-2.553271889080397017e+01	4.822536360309022285e+01
-15.80	-2.552631133082932990e+01	4.808466759761336107e+01
-15.78	-2.555693321997292955e+01	4.801465449802569907e+01
-15.76	-2.561387490050075044e+01	4.799509244261506780e+01
-15.74	-2.565551096593183900e+01	4.794795804391188909e+01
-15.72	-2.571306866593148044e+01	4.793256542525514163e+01
-15.70	-2.576797178292864032e+01	4.791446055783376323e+01
-15.68	-2.581477603662085940e+01	4.788389701308233271e+01
-15.66	-2.586844164568410065e+01	4.786945677212273864e+01
-15.64	-2.591725145756193882e+01	4.784952786279144021e+01
-15.62	-2.596843906063164908e+01	4.783789287558997927e+01
-15.60	-2.602628134995966036e+01	4.784299890772135200e+01
-15.58	-2.615838033146808073e+01	4.798930673498470156e+01
-15.56	-2.621622908077218028e+01	4.800307233409795771e+01
-15.54	-2.630778528015310869e+01	4.808355722053479298e+01
-15.52	-2.635988181052464085e+01	4.809631748026927767e+01
-15.50	-2.644901332158755025e+01	4.818166887045777003e+01
-15.48	-2.650169932140990170e+01	4.820563196322061117e+01
-15.46	-2.654641379695397063e+01	4.821978996794602779e+01
-15.44	-2.665007150290722038e+01	4.834670064217886676e+01
-15.42	-2.669643456829734873e+01	4.837434678938758026e+01
-15.40	-2.683884817420686986e+01	4.858209187257821782e+01
-15.38	-2.718906328142325890e+01	4.917257681616634812e+01
-15.36	-2.724337041597168962e+01	4.923038483174496349e+01
-15.34	-2.737984353041576924e+01	4.944294892017470744e+01
-15.32	-2.741824135138125129e+01	4.948316575223572045e+01
-15.30	-2.746185539199666081e+01	4.953922605230567200e+01
-15.28	-2.758034695379588896e+01	4.973705075064840742e+01
-15.26	-2.761153840456912079e+01	4.978308694475916241e+01
-15.24	-2.774551065840377007e+01	5.002206606374876685e+01
-15.22	-2.778332787694973049e+01	5.009346381954024707e+01
-15.20	-2.820238442409578994e+01	5.086263117142944168e+01
-15.18	-2.836817493697531134e+01	5.118015254342982701e+01
-15.16	-2.838870783179308077e+01	5.124047271529614278e+01
-15.14	-2.849216936693721891e+01	5.145791318936610992e+01
-15.12	-2.849800051375315846e+01	5.150440656822321728e+01
-15.10	-2.856994274122758881e+01	5.167682398509342789e+01
-15.08	-2.857374640992171067e+01	5.173067198904654873e+01
-15.06	-2.856838745121617862e+01	5.177273806566778802e+01
-15.04	-2.862951881911317997e+01	5.194015511004158725e+01
-15.02	-2.862285295345219893e+01	5.198747934182470942e+01
-15.00	-2.868399339978828877e+01	5.216173661212692281e+01
-14.98	-2.874219672424606031e+01	5.233289288847951326e+01
-14.96	-2.871177039530098085e+01	5.234327611956233284e+01
-14.94	-2.867008115427719872e+01	5.233364905025067770e+01
-14.92	-2.863397548012864036e+01	5.233436725475308293e+01
-14.90	-2.857921466640172881e+01	5.230042405099064240e+01
-14.88	-2.853860244028915005e+01	5.229168699343374271e+01
-14.86	-2.850191337255609980e+01	5.228921347887607851e+01
-14.84	-2.842523324354769088e+01	5.221161146206007686e+01
-14.82	-2.838066750788170012e+01	5.219193220313960779e+01
-14.80	-2.814103482058476047e+01	5.180950460609842878e+01
-14.78	-2.800979194980428844e+01	5.162602861528137055e+01
-14.76	-2.796256548184994983e+01	5.159718340570383788e+01
-14.74	-2.785934728608712874e+01	5.146331526276910040e+01
-14.72	-2.781790929076695917e+01	5.144331588798009847e+01
-14.70	-2.777145237724790050e+01	5.141303014453057330e+01
-14.68	-2.768161075344981015e+01	5.130080888539883688e+01
-14.66	-2.764079127442255057e+01	5.127869602691531270e+01
-14.64	-2.754492928395542961e+01	5.115194705752575288e+01
-14.62	-2.750304984817030984e+01	5.112373492138647180e+01
-14.60	-2.738866008408625063e+01	5.095660264190983213e+01
-14.58	-2.716296563486762139e+01	5.057628386892834271e+01
-14.56	-2.712412965135105836e+01	5.054141387685984199e+01
-14.54	-2.703973318308580076e+01	5.041461519432245808e+01
-14.52	-2.701306845961858016e+01	5.038830804166948241e+01
-14.50	-2.694234548463420964e+01	5.027001952328046741e+01
-14.48	-2.692000343735961110e+01	5.023188613336507302e+01
-14.46	-2.691050073195539838e+01	5.020507886708777789e+01
-14.44	-2.683900927388878088e+01	5.004792673267559167e+01
-14.42	-2.683300903712617114e+01	4.999864387042224934e+01
-14.40	-2.654474942406804061e+01	4.940200882044872799e+01
-14.38	-2.642641900021471102e+01	4.910838409185794262e+01
-14.36	-2.644217798538081965e+01	4.904833848991850687e+01
-14.34	-2.637969254301738076e+01	4.882396756083649336e+01
-14.32	-2.642171400711189833e+01	4.877672602899699683e+01
-14.30	-2.646479580488718852e+01	4.871339055632253690e+01
-14.28	-2.644771004224337929e+01	4.851993874223570913e+01
-14.26	-2.651628612694296905e+01	4.846915451481699222e+01
-14.24	-2.650595121034461954e+01	4.825671342992126966e+01
-14.22	-2.658413250873390865e+01	4.819214830767243285e+01
-14.20	-2.643923089405613069e+01	4.770767193849444254e+01
-14.18	-2.650918986592487059e+01	4.760449824619537651e+01
-14.16	-2.663354807323294082e+01	4.758933121679461919e+01
-14.14	-2.676386518869432152e+01	4.757506559242185773e+01
-14.12	-2.690623163249076910e+01	4.757310666476013239e+01
-14.10	-2.707399382843764002e+01	4.760735720902358992e+01
-14.08	-2.723547057405660965e+01	4.762120998120857251e+01
-14.06	-2.739735917161583956e+01	4.762589059938529346e+01
-14.04	-2.763158165523298138e+01	4.774503270401395838e+01
-14.02	-2.782201828466257965e+01	4.777138507210325002e+01
-14.00	-2.816364494142453978e+01	4.803531449408629328e+01
-13.98	-2.891727819485571871e+01	4.896526649885709759e+01
-13.96	-2.921480679546776926e+01	4.906369901254596044e+01
-13.94	-2.966189315499180168e+01	4.942862553532256698e+01
-13.92	-2.972012478232861099e+01	4.949913024784166282e+01
-13.90	-2.947951385777227173e+01	4.959679460667695849e+01
-13.88	-2.945266341848832070e+01	4.993873159000003881e+01
-13.86	-2.945324222781038870e+01	5.001889436318285931e+01
-13.84	-2.972710090181465858e+01	5.042806327881599060e+01
-13.82	-2.985911557679326833e+01	5.054936702527660231e+01
-13.80	-3.066699604474042928e+01	5.181343620764459956e+01
-13.78	-3.102674016675470980e+01	5.231013394432365260e+01
-13.76	-3.114808237992690110e+01	5.240199712613571847e+01
-13.74	-3.140850316487507143e+01	5.273251189751277224e+01
-13.72	-3.151151020021529092e+01	5.279786651317812129e+01
-13.70	-3.162689795332106968e+01	5.288659083554298945e+01
-13.68	-3.183557084567773998e+01	5.313483555219610110e+01
-13.66	-3.193516742851322121e+01	5.320083051465925905e+01
-13.64	-3.214122590913113697e+01	5.344781260915417676e+01
-13.62	-3.224082229414869261e+01	5.351717148307361782e+01
-13.60	-3.245246337176492091e+01	5.377566662771157269e+01
-13.58	-3.267128337792320281e+01	5.404624973370371777e+01
-13.56	-3.273795981951146672e+01	5.406264243902403166e+01
-13.54	-3.278815473316443274e+01	5.405183027473844959e+01
-13.52	-3.284491885532918332e+01	5.405195390369320307e+01
-13.50	-3.286928669391809166e+01	5.399771183791764173e+01
-13.48	-3.291655987121053784e+01	5.398076269467961197e+01
-13.46	-3.297126678907756769e+01	5.397482585658983822e+01
-13.44	-3.294572485898368797e+01	5.383428699731469891e+01
-13.42	-3.298108697100462905e+01	5.379266913967232711e+01
-13.40	-3.253466528804442959e+01	5.295424962245017753e+01
-13.38	-3.229213818008643244e+01	5.245178949545570646e+01
-13.36	-3.229455040921762077e+01	5.235260000167659911e+01
-13.34	-3.209701778793773030e+01	5.192393060398313054e+01
-13.32	-3.210984245717210683e+01	5.184054864005823049e+01
-13.30	-3.210295287014699284e+01	5.172511967375657349e+01
-13.28	-3.190717309383001066e+01	5.130297601854218215e+01
-13.26	-3.190878192396066027e+01	5.120528151861560673e+01
-13.24	-3.164346805711354094e+01	5.067599077968849741e+01
-13.22	-3.161756169439187047e+01	5.054079574302728162e+01
-13.20	-3.119505956945969061e+01	4.976682890618913291e+01
-13.18	-3.009377018899818879e+01	4.790125098069739806e+01
-13.16	-3.002593801454289846e+01	4.771984636195365681e+01
-13.14	-2.970101758481052912e+01	4.713117492215901194e+01
-13.12	-2.965624725824113028e+01	4.700474010170785277e+01
-13.10	-2.937684991200150009e+01	4.650849020603629214e+01
-13.08	-2.930114155934138154e+01	4.635112325794448651e+01
-13.06	-2.924373634381069920e+01	4.623253308665319139e+01
-13.04	-2.891662173179254935e+01	4.568953842579048086e+01
-13.02	-2.882776160607448901e+01	4.554110198516728758e+01
-13.00	-2.840714659957779986e+01	4.486471561731062963e+01
-12.98	-2.762954334431259085e+01	4.362220160527728297e+01
-12.96	-2.754398769027466898e+01	4.350676318087035810e+01
-12.94	-2.733891613394080977e+01	4.320592124477403928e+01
-12.92	-2.727241515041760067e+01	4.313649987825574783e+01
-12.90	-2.718926311527388862e+01	4.304727787620586099e+01
-12.88	-2.703528948412434119e+01	4.284815468113892223e+01
-12.86	-2.696070083169092158e+01	4.278206558746197175e+01
-12.84	-2.682217284829772908e+01	4.261403577204651327e+01
-12.82	-2.674971722799566010e+01	4.255540873245289646e+01
-12.80	-2.667233542459721107e+01	4.248957350562032786e+01
-12.78	-2.671623534105933118e+01	4.262259853802004272e+01
-12.76	-2.669119310843752046e+01	4.264127136831150722e+01
-12.74	-2.676088447477615873e+01	4.281531631048694209e+01
-12.72	-2.674118857734940846e+01	4.284087996179754043e+01
-12.70	-2.683124890569127174e+01	4.304616154734903688e+01
-12.68	-2.683201979406820925e+01	4.310319568886099262e+01
-12.66	-2.681860604419222938e+01	4.313446503274705890e+01
-12.64	-2.698979398426093113e+01	4.347056624347339238e+01
-12.62	-2.700333524885009950e+01	4.354139422988819774e+01
-12.60	-2.732248386050688893e+01	4.412549979306623982e+01
-12.58	-2.835057092196931094e+01	4.588790380350521758e+01
-12.56	-2.842840737620334934e+01	4.605942681464986066e+01
-12.54	-2.879443126079170057e+01	4.670512921045899901e+01
-12.52	-2.887810180735361953e+01	4.683195653551649684e+01
-12.50	-2.937802815466951856e+01	4.741824641179930921e+01
-12.48	-3.020485391008320164e+01	4.759487529104001169e+01
-12.46	-3.127792548316649857e+01	4.771843849452911712e+01
-12.44	-3.159112590469642967e+01	4.843317944262169306e+01
-12.42	-3.123161813208954030e+01	4.863930810962162354e+01
-12.40	-3.230055590677731203e+01	5.088368545690386213e+01
-12.38	-3.265052277966096739e+01	5.176760698568372021e+01
-12.36	-3.264909541416761130e+01	5.192273172234730083e+01
-12.34	-3.295882982749604651e+01	5.250886046656457040e+01
-12.32	-3.302863957741804768e+01	5.261567417217452203e+01
-12.30	-3.316317780911882807e+01	5.276483350325997179e+01
-12.28	-3.350658345242140257e+01	5.320276716597779654e+01
-12.26	-3.369603210176884289e+01	5.331041489218949181e+01
-12.24	-3.412343587941401779e+01	5.374823514967386728e+01
-12.22	-3.441335793844022106e+01	5.386240428883751008e+01
-12.20	-3.497894152226737674e+01	5.433242356518630345e+01
-12.18	-3.573859966419519196e+01	5.495975835293562994e+01
-12.16	-3.631685804515196025e+01	5.500568624955545260e+01
-12.14	-3.724250282817647673e+01	5.509561533499302755e+01
-12.12	-3.911353052988597767e+01	5.511806196910249867e+01
-12.10	-4.228448320544318761e+01	5.516240017489857195e+01
-12.08	-3.609464057679345217e+01	5.518032834848732193e+01
-12.06	-3.337421531073167813e+01	5.519821618455439705e+01
-12.04	-3.335162599252849702e+01	5.521030801134933341e+01
-12.02	-3.334425132737295883e+01	5.522202354746259800e+01
-12.00	-3.330027215921403183e+01	5.517118399945572094e+01
-11.98	-3.327710082322373353e+01	5.515383878307760313e+01
-11.96	-3.326280690830812858e+01	5.515063883966993785e+01
-11.94	-3.325179215245095321e+01	5.515290225557559012e+01
-11.92	-3.323930424326878352e+01	5.515251331362029674e+01
-11.90	-3.323462482565204112e+01	5.516498710275490680e+01
-11.88	-3.322458543598023795e+01	5.516808710715952202e+01
-11.86	-3.321346721168435323e+01	5.516887775416047646e+01
-11.84	-3.321906436798312257e+01	5.519680771173437250e+01
-11.82	-3.321236117713897329e+01	5.520260006914156747e+01
-11.80	-3.325837550975899148e+01	5.529510010538285769e+01
-11.78	-3.325139701069946341e+01	5.529569395615383343e+01
-11.76	-3.324045973130000675e+01	5.528617182801883700e+01
-11.74	-3.321768868365364824e+01	5.525282457639934819e+01
-11.72	-3.320813600516562758e+01	5.523735602575501247e+01
-11.70	-3.317672830493813052e+01	5.517995532809158732e+01
-11.68	-3.316554223833119863e+01	5.515281959157292135e+01
-11.66	-3.316086098185554931e+01	5.513353149314568924e+01
-11.64	-3.309735351287549321e+01	5.501737531787861002e+01
-11.62	-3.306942040100665992e+01	5.497307061841595299e+01
-11.60	-3.268108738720341933e+01	5.435371202536555302e+01
-11.58	-3.239563010230973106e+01	5.397926774924548710e+01
-11.56	-3.219723881764104334e+01	5.389785149225040328e+01
-11.54	-3.172652423058622162e+01	5.358164162424802157e+01
-11.52	-3.125680439793212884e+01	5.350889528895243785e+01
-11.50	-3.058228126166318006e+01	5.321157099440797111e+01
-11.48	-3.000970581029663009e+01	5.311346863367659665e+01
-11.46	-2.947142245880086975e+01	5.304229790054260718e+01
-11.44	-2.880929532003237981e+01	5.266723022625966877e+01
-11.42	-2.832215131587141954e+01	5.255001048749603854e+01
-11.40	-2.728443089493548968e+01	5.126460153724845270e+01
-11.38	-2.664942997927856894e+01	5.067379436444380758e+01
-11.36	-2.629001735258946937e+01	5.055788233298743251e+01
-11.34	-2.580574310107450131e+01	5.011222503270379747e+01
-11.32	-2.553016500435466085e+01	5.001613209835168306e+01
-11.30	-2.514699838266052012e+01	4.962395039016954001e+01
-11.28	-2.492930559670420010e+01	4.949964943042790821e+01
-11.26	-2.476057005276764045e+01	4.940877068949740192e+01
-11.24	-2.444829554217378131e+01	4.894534798920764729e+01
-11.22	-2.432231811997453974e+01	4.880401154804093977e+01
-11.20	-2.359524190353003092e+01	4.732668250473790295e+01
-11.18	-2.330009097487771896e+01	4.669260663889790663e+01
-11.16	-2.327680605022504068e+01	4.657294483073174263e+01
-11.14	-2.312465122469633982e+01	4.612058875529192647e+01
-11.12	-2.317145752931526914e+01	4.602716807809854771e+01
-11.10	-2.311227565732351863e+01	4.565160874295837345e+01
-11.08	-2.320644396139822874e+01	4.553774776207910691e+01
-11.06	-2.334338325428738870e+01	4.545281013614655308e+01
-11.04	-2.335310372456816097e+01	4.505126605339866330e+01
-11.02	-2.352810008274564879e+01	4.493447166493707101e+01
-11.00	-2.327697556250588917e+01	4.391504325729677305e+01
-10.98	-2.339542820796098965e+01	4.359761441867583898e+01
-10.96	-2.366773795385453028e+01	4.354681856288444664e+01
-10.94	-2.389947797726700074e+01	4.337662242394471690e+01
-10.92	-2.422505662955846972e+01	4.334626261536949698e+01
-10.90	-2.453478604494778992e+01	4.324296440325039725e+01
-10.88	-2.490692813343011025e+01	4.321679660449272831e+01
-10.86	-2.528975544559330046e+01	4.319433066126529752e+01
-10.84	-2.562734692420911031e+01	4.314083691956967215e+01
-10.82	-2.590579314701410141e+01	4.312580965309012271e+01
-10.80	-2.609075259671713098e+01	4.313092979654673087e+01
-10.78	-2.633034553477198969e+01	4.336998765868499106e+01
-10.76	-2.639371567378190875e+01	4.339704199474075352e+01
-10.74	-2.648425581252135075e+01	4.351492134865497263e+01
-10.72	-2.650363314144916060e+01	4.353429349128791870e+01
-10.70	-2.652355280227997980e+01	4.356282834792425263e+01
-10.68	-2.659331247758969141e+01	4.367600848283183268e+01
-10.66	-2.661000872021628894e+01	4.369799274089844943e+01
-10.64	-2.669718577704260909e+01	4.383472138359832115e+01
-10.62	-2.672326990311153949e+01	4.386472489926293150e+01
-10.60	-2.684605881607621924e+01	4.405422459095772325e+01
-10.58	-2.711277583038929961e+01	4.448087784763264807e+01
-10.56	-2.714647188213650963e+01	4.451304297061786741e+01
-10.54	-2.723603372702179115e+01	4.463612878847877141e+01
-10.52	-2.726397975430990073e+01	4.465371482637601730e+01
-10.50	-2.729852701244811897e+01	4.468098574702653991e+01
-10.48	-2.738035181020934061e+01	4.478565992189462719e+01
-10.46	-2.741216960825822824e+01	4.480539872695035086e+01
-10.44	-2.750677827594257963e+01	4.493007216358782330e+01
-10.42	-2.754264654731796114e+01	4.495730929677939969e+01
-10.40	-2.766891830709153055e+01	4.513827205743272231e+01
-10.38	-2.797609554373045881e+01	4.562259544639397291e+01
-10.36	-2.801458233893930938e+01	4.566736145537259262e+01
-10.34	-2.831748109514510148e+01	4.584176906545820174e+01
-10.32	-3.350666105750290313e+01	4.587214761062116253e+01
-10.30	-3.810499870477953976e+01	4.591575500239240881e+01
-10.28	-3.467856674891873325e+01	4.608289944513057179e+01
-10.26	-3.326100428530568109e+01	4.611840889953128908e+01
-10.24	-3.280641602091831999e+01	4.633081147970678160e+01
-10.22	-3.253359444947381718e+01	4.638127724408479224e+01
-10.20	-3.256595560556299063e+01	4.670620125939883849e+01
-10.18	-3.302868147852745295e+01	4.761294285721564279e+01
-10.16	-3.300891955316924964e+01	4.770432487558282730e+01
-10.14	-3.314110824510800768e+01	4.804361669328471862e+01
-10.12	-3.308241446229167337e+01	4.810812136796550931e+01
-10.10	-3.301549423005474182e+01	4.819808526833296725e+01
-10.08	-3.308190222327314700e+01	4.852717832955440969e+01
-10.06	-3.299051236791420649e+01	4.860169270171451927e+01
-10.04	-3.311662215106453999e+01	4.901967888332836054e+01
-10.02	-3.307508007791855675e+01	4.912435184172775138e+01
-10.00	-3.338181343075297747e+01	4.976082872411438984e+01
-9.98	-3.438268889726158761e+01	5.146773270047155791e+01
-9.96	-3.453499998099272261e+01	5.163652049181934700e+01
-9.94	-3.504129754190810786e+01	5.223329615833822714e+01
-9.92	-3.539230720552789222e+01	5.235501804915350732e+01
-9.90	-3.614913760811842991e+01	5.288493112639481097e+01
-9.88	-3.676700802440782923e+01	5.304581320044805182e+01
-9.86	-3.732637650366712734e+01	5.316086444808524902e+01
-9.84	-3.820393948614309210e+01	5.378601060415787316e+01
-9.82	-3.861769386657328340e+01	5.395501475644351075e+01
-9.80	-3.960129808075402735e+01	5.534015544140972054e+01
-9.78	-4.092537415443167959e+01	5.656449256244575707e+01
-9.76	-3.985567257021094889e+01	5.669245770587154709e+01
-9.74	-3.941104596112378999e+01	5.714348841269576695e+01
-9.72	-3.909893302524819347e+01	5.721632364508543844e+01
-9.70	-3.894509370114067792e+01	5.732209660548358698e+01
-9.68	-3.901182280930937196e+01	5.763564755188082245e+01
-9.66	-3.898811378742038869e+01	5.769936973354816701e+01
-9.64	-3.913772710239042141e+01	5.797930206605477110e+01
-9.62	-3.920786820045888987e+01	5.804641535891862247e+01
-9.60	-3.949976340316396772e+01	5.839454597603773323e+01
-9.58	-3.961159512981681274e+01	5.831951357801470692e+01
-9.56	-3.989257059062895650e+01	5.828554307626610864e+01
-9.54	-4.049392988097112323e+01	5.813899920822524336e+01
-9.52	-4.185092466707087766e+01	5.810015495075023040e+01
-9.50	-3.871669802213057210e+01	5.805063808222548261e+01
-9.48	-3.743451765577086121e+01	5.785238257388761696e+01
-9.46	-3.732108778208812083e+01	5.780372096732774878e+01
-9.44	-3.708397356782997178e+01	5.752074175913966769e+01
-9.42	-3.695085952156386355e+01	5.742991345420389138e+01
-9.40	-3.614546093176120678e+01	5.627882148996079792e+01
-9.38	-3.569548881527219919e+01	5.570800178563793281e+01
-9.36	-3.552625637767832956e+01	5.559775815524535147e+01
-9.34	-3.514734791218550214e+01	5.515696815503765293e+01
-9.32	-3.498426587436082258e+01	5.507211118710785058e+01
-9.30	-3.479669622530563089e+01	5.495499080995490715e+01
-9.28	-3.443368241865576351e+01	5.455748275953897775e+01
-9.26	-3.425471788294483133e+01	5.446483200411889669e+01
-9.24	-3.384099115235243005e+01	5.398936996478087735e+01
-9.22	-3.363196726716451224e+01	5.384758131901764955e+01
-9.20	-3.253336706573271186e+01	5.223203650789677255e+01
-9.18	-3.196974508093761003e+01	5.148531748187078705e+01
-9.16	-3.177978737047734015e+01	5.134418306622836781e+01
-9.14	-3.134174455515124080e+01	5.077402215523331819e+01
-9.12	-3.119376612889253053e+01	5.066555777040923658e+01
-9.10	-3.103350564896387098e+01	5.051538807405766107e+01
-9.08	-3.067351327123902038e+01	5.000363391046803230e+01
-9.06	-3.056520895613417110e+01	4.988542435909236872e+01
-9.04	-3.018115352960245090e+01	4.927507558955736044e+01
-9.02	-3.008886165465505158e+01	4.912288102576881954e+01
-9.00	-2.959602105355548929e+01	4.826859130173679802e+01
-8.98	-2.841581325434916039e+01	4.624027630102852982e+01
-8.96	-2.837612770785613137e+01	4.608760935925715785e+01
-8.94	-2.807622783603980920e+01	4.547682072896657957e+01
-8.92	-2.808852401706348090e+01	4.536048704333971671e+01
-8.90	-2.787719631211324867e+01	4.485215380009061192e+01
-8.88	-2.789683200687279907e+01	4.470610285123397176e+01
-8.86	-2.795157144705692076e+01	4.460151122423445003e+01
-8.84	-2.773653401883776937e+01	4.404712448478321818e+01
-8.82	-2.778378329315606976e+01	4.391328068613361779e+01
-8.80	-2.747730678115512148e+01	4.321081767814205676e+01
-8.78	-2.673707666895588986e+01	4.182985997908998144e+01
-8.76	-2.678572778240421925e+01	4.172630243882913703e+01
-8.74	-2.672560596897027096e+01	4.138442325221660667e+01
-8.72	-2.759480386242620042e+01	4.132848693063117196e+01
-8.70	-2.938154215582823170e+01	4.107433609558316334e+01
-8.68	-2.833387804539177068e+01	4.101116619183221701e+01
-8.66	-2.742004194791437044e+01	4.096602639773669097e+01
-8.64	-2.679674564344108845e+01	4.073110734497770835e+01
-8.62	-2.641167950943658127e+01	4.068083458255666329e+01
-8.60	-2.598704638861078919e+01	4.043638173867132224e+01
-8.58	-2.558333286310199028e+01	4.015523529321615115e+01
-8.56	-2.536611546319146981e+01	4.015696599497886865e+01
-8.54	-2.517854753892108022e+01	4.017301284174379816e+01
-8.52	-2.501165276696655937e+01	4.019261586841734868e+01
-8.50	-2.488249992275940059e+01	4.025078770526217653e+01
-8.48	-2.475454063319892839e+01	4.028436913824283749e+01
-8.46	-2.463590500760507140e+01	4.030967803982837694e+01
-8.44	-2.458913386105905019e+01	4.044458413232933935e+01
-8.42	-2.450638480132866093e+01	4.048939988439821036e+01
-8.40	-2.455385927462053175e+01	4.075859356927510646e+01
-8.38	-2.496887551856487875e+01	4.169757345145467298e+01
-8.36	-2.495937861999376040e+01	4.181620466108221734e+01
-8.34	-2.511179867226686113e+01	4.221892316694882652e+01
-8.32	-2.511293451087151851e+01	4.231562242286123166e+01
-8.30	-2.527573950556817906e+01	4.270141358851056879e+01
-8.28	-2.531239722717840124e+01	4.283377784700645918e+01
-8.26	-2.533778431857122015e+01	4.293039791520845938e+01
-8.24	-2.557969917979432140e+01	4.342424076016433077e+01
-8.22	-2.564797510070157927e+01	4.358297675328837784e+01
-8.20	-2.654311900116768896e+01	4.529058356211942282e+01
-8.18	-2.694744361631707008e+01	4.607184113916925128e+01
-8.16	-2.702171440791170909e+01	4.622644244079531717e+01
-8.14	-2.732266493500933890e+01	4.680546587305580175e+01
-8.12	-2.737752404039223109e+01	4.692394030217524659e+01
-8.10	-2.745270968384345878e+01	4.708366312917836893e+01
-8.08	-2.770682956257981999e+01	4.757957195884556256e+01
-8.06	-2.776057982370943122e+01	4.770541088747359026e+01
-8.04	-2.804913560888163104e+01	4.827318250905854313e+01
-8.02	-2.812622432998423960e+01	4.844644230450879974e+01
-8.00	-2.902175730911037022e+01	5.015094556062903308e+01
-7.98	-2.938827834894640034e+01	5.086513842363783766e+01
-7.96	-2.945531437879004955e+01	5.100498619052176252e+01
-7.94	-2.973122739038720042e+01	5.152105263862007689e+01
-7.92	-2.979879662884339098e+01	5.162584705576656319e+01
-7.90	-2.990035264020751171e+01	5.176813953806558288e+01
-7.88	-3.018032065616354842e+01	5.220994980350383230e+01
-7.86	-3.030573170168667119e+01	5.232184613018022645e+01
-7.84	-3.066928219581776105e+01	5.282893821288863734e+01
-7.82	-3.087379775857278830e+01	5.298632313957362783e+01
-7.80	-3.188485952188332107e+01	5.457446431049930169e+01
-7.78	-3.245025402375095069e+01	5.526297059245553100e+01
-7.76	-3.276122675632041847e+01	5.539678795446874915e+01
-7.74	-3.332229521492840263e+01	5.589638334695224131e+01
-7.72	-3.372158754809601078e+01	5.599767922285361266e+01
-7.70	-3.420089647217656648e+01	5.613321916497786646e+01
-7.68	-3.492123174270511754e+01	5.654922116369694152e+01
-7.66	-3.554882375735738975e+01	5.665356282959867684e+01
-7.64	-3.644265313086693681e+01	5.711431626086820046e+01
-7.62	-3.693823490093492268e+01	5.725053859131509881e+01
-7.60	-3.751584761609903751e+01	5.845247322305075954e+01
-7.58	-3.703933070993709009e+01	5.882864508634190770e+01
-7.56	-3.634343325998118956e+01	5.888758072708539970e+01
-7.54	-3.587480086618771224e+01	5.907528475331940854e+01
-7.52	-3.540829926682263817e+01	5.910357326317996751e+01
-7.50	-3.501147471468637917e+01	5.914495568351284760e+01
-7.48	-3.467581374373464342e+01	5.921417523717683906e+01
-7.46	-3.434908131881375226e+01	5.923231711254590692e+01
-7.44	-3.404164694897161780e+01	5.922016538482200332e+01
-7.42	-3.377643948569603793e+01	5.921615275079555119e+01
-7.40	-3.344920235087762705e+01	5.903780249005180281e+01
-7.38	-3.266983299997637857e+01	5.801484312421992229e+01
-7.36	-3.244680622955254989e+01	5.788503967471933720e+01
-7.34	-3.204726218541217264e+01	5.738757414723284001e+01
-7.32	-3.190350172662195050e+01	5.727785682268064704e+01
-7.30	-3.156879663873721142e+01	5.678587680852304231e+01
-7.28	-3.145273248688171108e+01	5.662673850083525195e+01
-7.26	-3.138540647236841963e+01	5.651549205206862325e+01
-7.24	-3.103009655967948177e+01	5.586568510853444280e+01
-7.22	-3.096765218489953853e+01	5.569944687015787110e+01
-7.20	-3.046126927854906086e+01	5.473781994139461204e+01
-7.18	-2.918069086756986152e+01	5.241496305895501706e+01
-7.16	-2.912352996987640097e+01	5.220527843916327271e+01
-7.14	-2.878524844635703062e+01	5.149728162291248168e+01
-7.12	-2.878241605177842999e+01	5.135970548293042270e+01
-7.10	-2.852825128555650025e+01	5.077834757838601831e+01
-7.08	-2.851975129673049025e+01	5.061098668554439683e+01
-7.06	-2.854309515769316974e+01	5.048789607546807190e+01
-7.04	-2.828413572499464834e+01	4.987255610923894977e+01
-7.02	-2.830450519286702971e+01	4.972038750694193254e+01
-7.00	-2.798355550530893154e+01	4.897557742235846234e+01
-6.98	-2.731735740409417090e+01	4.763795342558543666e+01
-6.96	-2.739441769397199877e+01	4.753847756433388128e+01
-6.94	-2.736469228973765055e+01	4.723889805595049296e+01
-6.92	-2.749749950707728985e+01	4.718674672893263278e+01
-6.90	-2.754873165100357113e+01	4.697495634417658295e+01
-6.88	-2.771236391002369004e+01	4.691817720236011269e+01
-6.86	-2.791342933083950939e+01	4.687477811723176302e+01
-6.84	-2.807430455708621864e+01	4.669202626304372217e+01
-6.82	-2.840791808123512041e+01	4.664633219121972019e+01
-6.80	-2.880253574132163052e+01	4.646398323372741856e+01
-6.78	-2.923933910843118866e+01	4.622719966940527314e+01
-6.76	-2.953518078253877022e+01	4.621092487409234906e+01
-6.74	-2.934041698689919997e+01	4.617229118100882346e+01
-6.72	-2.895546403491239928e+01	4.616313068893182248e+01
-6.70	-2.854769251139829933e+01	4.615181072194749134e+01
-6.68	-2.816264178999796997e+01	4.613148731165716754e+01
-6.66	-2.782126103545348883e+01	4.612363414295724340e+01
-6.64	-2.750844309051500858e+01	4.610902191879718259e+01
-6.62	-2.722952295779803933e+01	4.610201084690849171e+01
-6.60	-2.698512882297537985e+01	4.611116294302028251e+01
-6.58	-2.676448934443293126e+01	4.612244731188945934e+01
-6.56	-2.655757837710297053e+01	4.611921039859014115e+01
-6.54	-2.637833184392071928e+01	4.612631737368494100e+01
-6.52	-2.621540663472885058e+01	4.612207334473102094e+01
-6.50	-2.607297537357051098e+01	4.611791781536309287e+01
-6.48	-2.595405323297024935e+01	4.611898962283178349e+01
-6.46	-2.585349641695578171e+01	4.611315400665728959e+01
-6.44	-2.577529233426215072e+01	4.610957888571849139e+01
-6.42	-2.571381618885219922e+01	4.610081681037060264e+01
-6.40	-2.563662861882022881e+01	4.602713188623668117e+01
-6.38	-2.557375140096599964e+01	4.594301514238772199e+01
-6.36	-2.555789474373617054e+01	4.591524306421928259e+01
-6.34	-2.552516127156888004e+01	4.582661520724965243e+01
-6.32	-2.553854415402420130e+01	4.579898775539469824e+01
-6.30	-2.556229335601040020e+01	4.576558232495703038e+01
-6.28	-2.556391589657674857e+01	4.566814535798091867e+01
-6.26	-2.560767537021900964e+01	4.563684104328965674e+01
-6.24	-2.560735423295407998e+01	4.551200078830009232e+01
-6.22	-2.565561567144613875e+01	4.546743642049624867e+01
-6.20	-2.553169329216908068e+01	4.509670235617611667e+01
-6.18	-2.554409643615253955e+01	4.498181195297406987e+01
-6.16	-2.560372534048797988e+01	4.496116071747788823e+01
-6.14	-2.565231147115772004e+01	4.492370178522008928e+01
-6.12	-2.571287743201228082e+01	4.491601046554591647e+01
-6.10	-2.576545007037534063e+01	4.490614128188129683e+01
-6.08	-2.583245083449040891e+01	4.493445671667799246e+01
-6.06	-2.587720640950275097e+01	4.493449400932033910e+01
-6.04	-2.597165657680006134e+01	4.503604453242189720e+01
-6.02	-2.602173820066959919e+01	4.507052748586213653e+01
-6.00	-2.650067271319284856e+01	4.590103615998889097e+01
-5.98	-2.682290622021773174e+01	4.645881670473804803e+01
-5.96	-2.689571715812791908e+01	4.656991551282727926e+01
-5.94	-2.716684263694999046e+01	4.705363259241995166e+01
-5.92	-2.722087140903062874e+01	4.715040469661563804e+01
-5.90	-2.746982675674736996e+01	4.760784443427449020e+01
-5.88	-2.754146888295029072e+01	4.774616819410246649e+01
-5.86	-2.758826029116055878e+01	4.784135281978561238e+01
-5.84	-2.789571251335447144e+01	4.841395225214655795e+01
-5.82	-2.797019101610865022e+01	4.855249017576660719e+01
-5.80	-2.840850472241451996e+01	4.935188948848198010e+01
-5.78	-2.934450468847368043e+01	5.105098916499431283e+01
-5.76	-2.943669282971996992e+01	5.117616972490250760e+01
-5.74	-2.970107743861787952e+01	5.159500039326385945e+01
-5.72	-2.978598575508002000e+01	5.166044615210630297e+01
-5.70	-3.001123206323968162e+01	5.195966583490187674e+01
-5.68	-3.012617203060007043e+01	5.203016683403794929e+01
-5.66	-3.024440990260140083e+01	5.208174569476209115e+01
-5.64	-3.048119775068732906e+01	5.232696432446410739e+01
-5.62	-3.062275391223694854e+01	5.237873662145579345e+01
-5.60	-3.085627306356499844e+01	5.258306653391243657e+01
-5.58	-3.101557662989840836e+01	5.264047882046426707e+01
-5.56	-3.113282528681758876e+01	5.261693841702241770e+01
-5.54	-3.121641539421672107e+01	5.253232281405968962e+01
-5.52	-3.132981892261339141e+01	5.250473624807874984e+01
-5.50	-3.140096585994707112e+01	5.240920822342638985e+01
-5.48	-3.150115486816046939e+01	5.237246760798522871e+01
-5.46	-3.160044936059746945e+01	5.234432915816700671e+01
-5.44	-3.163973200604432989e+01	5.221988626009729728e+01
-5.42	-3.172561227690908936e+01	5.218271136377280328e+01
-5.40	-3.173674064964555086e+01	5.201988924664023273e+01
-5.38	-3.167617212666127102e+01	5.174224875009740288e+01
-5.36	-3.176263277368470028e+01	5.171698023538574773e+01
-5.34	-3.182975207327702094e+01	5.166095637036654153e+01
-5.32	-3.192093892902099128e+01	5.164931512298043970e+01
-5.30	-3.199466137764856910e+01	5.161478774968203709e+01
-5.28	-3.207350008642801953e+01	5.160021702965286039e+01
-5.26	-3.213919523506641696e+01	5.158753442417015123e+01
-5.24	-3.217294438420329072e+01	5.155869702907548202e+01
-5.22	-3.218817314707943922e+01	5.154760005123185351e+01
-5.20	-3.212087602256344354e+01	5.145863380656741981e+01
-5.18	-3.202746382427808669e+01	5.138952350522787071e+01
-5.16	-3.192733307972137169e+01	5.136984656260599280e+01
-5.14	-3.176574818058239913e+01	5.130413065056877286e+01
-5.12	-3.160916775407944002e+01	5.128588666818892250e+01
-5.10	-3.143346986494363904e+01	5.126129502713497743e+01
-5.08	-3.122010723517637132e+01	5.118890554766142742e+01
-5.06	-3.103653042735076895e+01	5.117136912806172688e+01
-5.04	-3.081727789549536922e+01	5.108385387699043179e+01
-5.02	-3.064421387740707914e+01	5.105428352592448249e+01
-5.00	-3.035640422169802122e+01	5.079978025452737711e+01
-4.98	-3.019634841891222976e+01	5.072825205311797703e+01
-4.96	-3.010041089297428130e+01	5.072008921119478231e+01
-4.94	-3.002602651666628120e+01	5.069593101674666258e+01
-4.92	-2.999644955202947827e+01	5.069321039032983833e+01
-4.90	-3.000068761547471041e+01	5.069082149867480780e+01
-4.88	-3.005063404535822968e+01	5.070327018870501234e+01
-4.86	-3.012833872065787943e+01	5.070476152277367987e+01
-4.84	-3.026557430080837108e+01	5.074479555273151732e+01
-4.82	-3.042052828760193961e+01	5.076168044120451128e+01
-4.80	-3.076569716327333026e+01	5.105239832685151669e+01
-4.78	-3.106144284539837841e+01	5.121092162586870700e+01
-4.76	-3.130085242650924826e+01	5.123929675183308774e+01
-4.74	-3.160450897683304916e+01	5.135403426716828079e+01
-4.72	-3.185512225445431866e+01	5.137535943106441749e+01
-4.70	-3.210225206202782289e+01	5.140303228152969695e+01
-4.68	-3.235857553508561324e+01	5.148577173121876172e+01
-4.66	-3.253166108845820048e+01	5.150666381905961089e+01
-4.64	-3.267793920710065692e+01	5.158337919289633788e+01
-4.62	-3.271731875735240891e+01	5.160079033660181125e+01
-4.60	-3.269215077963951188e+01	5.162553108243106692e+01
-4.58	-3.253873913978397781e+01	5.153310462264497005e+01
-4.56	-3.239287706328852323e+01	5.150719741679507990e+01
-4.54	-3.217711727516468301e+01	5.138937640001682894e+01
-4.52	-3.201201531271404832e+01	5.136268971886980239e+01
-4.50	-3.184907206492826859e+01	5.132882652918799238e+01
-4.48	-3.163373454474583824e+01	5.118825446946141966e+01
-4.46	-3.149337434221553877e+01	5.115371367066107666e+01
-4.44	-3.127147702126628914e+01	5.095673066168124166e+01
-4.42	-3.114449326566129983e+01	5.090756109378457950e+01
-4.40	-3.087823574458784037e+01	5.059001554559964831e+01
-4.38	-3.030550094713456133e+01	4.971527971461215856e+01
-4.36	-3.018420708049514900e+01	4.963073914310289325e+01
-4.34	-2.994520169227723017e+01	4.932741449518893262e+01
-4.32	-2.984842319157818835e+01	4.926508138260508218e+01
-4.30	-2.963738864589771893e+01	4.899342676446742217e+01
-4.28	-2.953627640564378964e+01	4.891377811023002664e+01
-4.26	-2.945099918629721003e+01	4.885771191121415313e+01
-4.24	-2.921848900422348905e+01	4.852739942051562849e+01
-4.22	-2.912582989638299935e+01	4.844785925853201292e+01
-4.20	-2.882679450854406866e+01	4.798804969059837333e+01
-4.18	-2.817955934527892836e+01	4.688962891624026241e+01
-4.16	-2.808582211856471034e+01	4.679150717335991772e+01
-4.14	-2.786204796927556870e+01	4.645389811969158700e+01
-4.12	-2.779190162273226861e+01	4.639140166779384344e+01
-4.10	-2.760428719780351869e+01	4.610734999859690220e+01
-4.08	-2.752991615921308011e+01	4.602944386946933264e+01
-4.06	-2.747032985786454162e+01	4.597392489957800876e+01
-4.04	-2.727695862161532858e+01	4.566642267922765797e+01
-4.02	-2.721376144150920950e+01	4.559359122790485941e+01
-4.00	-2.698513327260844008e+01	4.521437527069914353e+01
-3.98	-2.659361778071808047e+01	4.453050648536145673e+01
-3.96	-2.655210735596724092e+01	4.448791940462729855e+01
-3.94	-2.646262416258505823e+01	4.435780106519771948e+01
-3.92	-2.643843220536972893e+01	4.434347344743788710e+01
-3.90	-2.638235137031110966e+01	4.426521696574185682e+01
-3.88	-2.636357523757580879e+01	4.425396269312395958e+01
-3.86	-2.634900105049758068e+01	4.424695299864868758e+01
-3.84	-2.632236617522692868e+01	4.420700584222011287e+01
-3.82	-2.631914678656448103e+01	4.420522099724811937e+01
-3.80	-2.632522196967403971e+01	4.421263711782543737e+01
-3.78	-2.642573677841743063e+01	4.438122468117347807e+01
-3.76	-2.645690390425546923e+01	4.440569019859911748e+01
-3.74	-2.652850271916253888e+01	4.449249407480149898e+01
-3.72	-2.657433814896409885e+01	4.451641811542412341e+01
-3.70	-2.663415911336780084e+01	4.454398182255169303e+01
-3.68	-2.673397565083734051e+01	4.462457819481797117e+01
-3.66	-2.681153219790159170e+01	4.464701702912991266e+01
-3.64	-2.693704740799907071e+01	4.474285641204419761e+01
-3.62	-2.703533564554406965e+01	4.477147491008373237e+01
-3.60	-2.719472101558282162e+01	4.489619424563581873e+01
-3.58	-2.746684192469123076e+01	4.521604669989760339e+01
-3.56	-2.758615892795345914e+01	4.525434372702534347e+01
-3.54	-2.776116545655965950e+01	4.538960316297568198e+01
-3.52	-2.787815907201013133e+01	4.542274611129573003e+01
-3.50	-2.799404554842728032e+01	4.546680448448780254e+01
-3.48	-2.816194409613822103e+01	4.562020052265616243e+01
-3.46	-2.825584204423331869e+01	4.566092064641021153e+01
-3.44	-2.843574381917693827e+01	4.587407458667436089e+01
-3.42	-2.851223811991895829e+01	4.593514914510652858e+01
-3.40	-2.874944151948794868e+01	4.631029870179521879e+01
-3.38	-2.947971315871975051e+01	4.752940207926653926e+01
-3.36	-2.957588204462744130e+01	4.767199203987893696e+01
-3.34	-2.988180837165947068e+01	4.817967744063462732e+01
-3.32	-2.995532071384684869e+01	4.828970361252883947e+01
-3.30	-3.004864855453013917e+01	4.843564286484102155e+01
-3.28	-3.035718348024684943e+01	4.892880996390277204e+01
-3.26	-3.044829079197511135e+01	4.905122233678010701e+01
-3.24	-3.083124993381746037e+01	4.966450763783843314e+01
-3.22	-3.095035529945776887e+01	4.982535804600689744e+01
-3.20	-3.148324999793403123e+01	5.070150546866319274e+01
-3.18	-3.271455725781081014e+01	5.273870494627232830e+01
-3.16	-3.285418227513063272e+01	5.292652855217220775e+01
-3.14	-3.323927418086667274e+01	5.352663810444069270e+01
-3.12	-3.333667810942615972e+01	5.363680208350238843e+01
-3.10	-3.345644365041265189e+01	5.379191019364144921e+01
-3.08	-3.376279183675990225e+01	5.425858832830117962e+01
-3.06	-3.386100049182829963e+01	5.437092800497057254e+01
-3.04	-3.417778799351822272e+01	5.485164700819638028e+01
-3.02	-3.429192932648724934e+01	5.498606139365644196e+01
-3.00	-3.496492924056533269e+01	5.606485973950042734e+01
-2.98	-3.516314042592625100e+01	5.633491100575613331e+01
-2.96	-3.523675796338847732e+01	5.637024743676543892e+01
-2.94	-3.536233906139854355e+01	5.648104733242995934e+01
-2.92	-3.543977146126224653e+01	5.649669259002101285e+01
-2.90	-3.554144827904477921e+01	5.653483504532663062e+01
-2.88	-3.563490106926602152e+01	5.653658643560464725e+01
-2.86	-3.574384333092414323e+01	5.654277194558319763e+01
-2.84	-3.584444349608180858e+01	5.650387687026663741e+01
-2.82	-3.598863860857755270e+01	5.649359345293145651e+01
-2.80	-3.608994012634104820e+01	5.634007062768281315e+01
-2.78	-3.592664319559541042e+01	5.566886290256599779e+01
-2.76	-3.622389180078233295e+01	5.559328362883019992e+01
-2.74	-3.662875749074252241e+01	5.529836734140423715e+01
-2.72	-3.801618360107318750e+01	5.523526891081652224e+01
-2.70	-3.661763951059766953e+01	5.495102861988790721e+01
-2.68	-3.473247667692640306e+01	5.486239261933906874e+01
-2.66	-3.451659451321629035e+01	5.480003843174004885e+01
-2.64	-3.424962547166499149e+01	5.442542611721159318e+01
-2.62	-3.414365842000353268e+01	5.433240270661074334e+01
-2.60	-3.373511887844413337e+01	5.377518153216391283e+01
-2.58	-3.278322529717475220e+01	5.235161525528000226e+01
-2.56	-3.262515868245188244e+01	5.221634360223740146e+01
-2.54	-3.225774456920329669e+01	5.174789836338329962e+01
-2.52	-3.212084604719610326e+01	5.165684971786777169e+01
-2.50	-3.179407646495004869e+01	5.125291630441756752e+01
-2.48	-3.164532101429665900e+01	5.113313501777960823e+01
-2.46	-3.152215830583880063e+01	5.104775683701890188e+01
-2.44	-3.117853499904526160e+01	5.058845610754392652e+01
-2.42	-3.105766775563073168e+01	5.047504013817008683e+01
-2.40	-3.065109134889551967e+01	4.987041507326777889e+01
-2.38	-2.987042022343976910e+01	4.862529384476076899e+01
-2.36	-2.980140929255642135e+01	4.852611505962983784e+01
-2.34	-2.961184439523920986e+01	4.819992704206615031e+01
-2.32	-2.960559430080402876e+01	4.814580368738658933e+01
-2.30	-2.960334510091357174e+01	4.806843647915876261e+01
-2.28	-2.951793779422713015e+01	4.782859150835003703e+01
-2.26	-2.956530362884301866e+01	4.777502326213473083e+01
-2.24	-2.951041548393911995e+01	4.752909689445566954e+01
-2.22	-2.958416089156354900e+01	4.747152529287011191e+01
-2.20	-2.953211682470292132e+01	4.719168242820990145e+01
-2.18	-2.936276069469041161e+01	4.670831452847927068e+01
-2.16	-2.947926465120534090e+01	4.667430759252408734e+01
-2.14	-2.955208467413423890e+01	4.656480168642161033e+01
-2.12	-2.968412043636616104e+01	4.654781237945908146e+01
-2.10	-2.977412802383640056e+01	4.646532733911111279e+01
-2.08	-2.989920353867629998e+01	4.644384500860446252e+01
-2.06	-3.002159129536793003e+01	4.642945125854311073e+01
-2.04	-3.009166742973113884e+01	4.634803863502762766e+01
-2.02	-3.018996813641987131e+01	4.632706833266797730e+01
-2.00	-3.010903467858646110e+01	4.611275205639245200e+01
-1.98	-2.985715908822442088e+01	4.568425240841713730e+01
-1.96	-2.960780235901142987e+01	4.531519266048898231e+01
-1.94	-2.931481934668600076e+01	4.492225320792233845e+01
-1.92	-2.902727332874619037e+01	4.455788383735023928e+01
-1.90	-2.872621725391237035e+01	4.419227800062017053e+01
-1.88	-2.841469726879104840e+01	4.382476417477690234e+01
-1.86	-2.810089739650562990e+01	4.346344655417433955e+01
-1.84	-2.779025707311777893e+01	4.311408420837960165e+01
-1.82	-2.747422608137031830e+01	4.276138842329410750e+01
-1.80	-2.727660753533731963e+01	4.259784728309077906e+01
-1.78	-2.705524156347173914e+01	4.239612453834430283e+01
-1.76	-2.675571350969595130e+01	4.206799358634658859e+01
-1.74	-2.652987932408969840e+01	4.185367900794732066e+01
-1.72	-2.623159100260854970e+01	4.151949943374553698e+01
-1.70	-2.594450666181835885e+01	4.119601322480620098e+01
-1.68	-2.572941903520993989e+01	4.098071636547326335e+01
-1.66	-2.544538987454496137e+01	4.064873794777221860e+01
-1.64	-2.526263413518795886e+01	4.047391306910647302e+01
-1.62	-2.499374772507585973e+01	4.015245569401137971e+01
-1.60	-2.487314080315067955e+01	4.006479870706380808e+01
-1.58	-2.499877457385187896e+01	4.037506990339809931e+01
-1.56	-2.473725965667803095e+01	4.005122481802062140e+01
-1.54	-2.456302675762880128e+01	3.986520305739208681e+01
-1.52	-2.428941045505089846e+01	3.951326397570166193e+01
-1.50	-2.408868449513526855e+01	3.927964061762143899e+01
-1.48	-2.381817447558790946e+01	3.893073359303524228e+01
-1.46	-2.354150004185787992e+01	3.857060763596380326e+01
-1.44	-2.333281487237537988e+01	3.832281161527855318e+01
-1.42	-2.305582903814945084e+01	3.796377450650931706e+01
-1.40	-2.284683232704546896e+01	3.771975046033755774e+01
-1.38	-2.264926218606986907e+01	3.749649832197822974e+01
-1.36	-2.234791315100003928e+01	3.710163352118249946e+01
-1.34	-2.204470485225890997e+01	3.670569019869793692e+01
-1.32	-2.173661950714391011e+01	3.630368461051727280e+01
-1.30	-2.142220490061946947e+01	3.589133792858643091e+01
-1.28	-2.111136380728579098e+01	3.548538503770878094e+01
-1.26	-2.080169272392902968e+01	3.508171200478400920e+01
-1.24	-2.047783090461378919e+01	3.465346751786818658e+01
-1.22	-2.016681525367105010e+01	3.424521505965660140e+01
-1.20	-1.980992334277361877e+01	3.375532743541815250e+01
-1.18	-1.950282073270154015e+01	3.334885327849909231e+01
-1.16	-1.920493919989458931e+01	3.295487185239682049e+01
-1.14	-1.891809456887833107e+01	3.257547470260865907e+01
-1.12	-1.862737070364322989e+01	3.218428117933728316e+01
-1.10	-1.834027817127104143e+01	3.179473707325551146e+01
-1.08	-1.807439249774283141e+01	3.143770107486599130e+01
-1.06	-1.779427955452115029e+01	3.104904121997670075e+01
-1.04	-1.755090279640666040e+01	3.071954203917215054e+01
-1.02	-1.728414573848817071e+01	3.034358938552741947e+01
-1.00	-1.720688310028326029e+01	3.029939594424878990e+01
-0.98	-1.703737941453999127e+01	3.008668973075280917e+01
-0.96	-1.677955220028474059e+01	2.971133445741840973e+01
-0.94	-1.658493303943992103e+01	2.944496217527078130e+01
-0.92	-1.632510422296083874e+01	2.905739988299662002e+01
-0.90	-1.611915346032646923e+01	2.876266303423176041e+01
-0.88	-1.586478975373811018e+01	2.837675327978143969e+01
-0.86	-1.560707562637452028e+01	2.798183724702469988e+01
-0.84	-1.540401608451782955e+01	2.768352295094911142e+01
-0.82	-1.515177289881789058e+01	2.729270304883587173e+01
-0.80	-1.503269477358644934e+01	2.714269061018395135e+01
-0.78	-1.479235730400464988e+01	2.677001125607475984e+01
-0.76	-1.452233205293586948e+01	2.634116037834798973e+01
-0.74	-1.425819949780403029e+01	2.592086974144230993e+01
-0.72	-1.398692066913904952e+01	2.548539509404647063e+01
-0.70	-1.371694306377164985e+01	2.505114376990152891e+01
-0.68	-1.344158423873487962e+01	2.460513820593448031e+01
-0.66	-1.317193457846878069e+01	2.416759237731449872e+01
-0.64	-1.288929822443516926e+01	2.370389777754970950e+01
-0.62	-1.261936638610063000e+01	2.326242243510768049e+01
-0.60	-1.232272170000526934e+01	2.276926940597385851e+01
-0.58	-1.196235909225135075e+01	2.215364587450313039e+01
-0.56	-1.169582979998052963e+01	2.171173962141222091e+01
-0.54	-1.140835014747372078e+01	2.122853489233241930e+01
-0.52	-1.114938479093508938e+01	2.079707171242743868e+01
-0.50	-1.088926922279943987e+01	2.036102304442119859e+01
-0.48	-1.061573417839204048e+01	1.989702809425252994e+01
-0.46	-1.036173780429806079e+01	1.946811921787870858e+01
-0.44	-1.009110220479123043e+01	1.900518350907357856e+01
-0.42	-9.839562601960851751e+00	1.857647533593774014e+01
-0.40	-9.534308436950988508e+00	1.804229985694843919e+01
-0.38	-9.270270722879967451e+00	1.758477080886827082e+01
-0.36	-9.029363640075667163e+00	1.716945354682543012e+01
-0.34	-8.776572392567647540e+00	1.672898522767117058e+01
-0.32	-8.540519834944005240e+00	1.631866828563926930e+01
-0.30	-8.304310533356035862e+00	1.590581244193304045e+01
-0.28	-8.060518779763100383e+00	1.547589281074312062e+01
-0.26	-7.829194413213730996e+00	1.506807229120465941e+01
-0.24	-7.587117759291443164e+00	1.463684542726890037e+01
-0.22	-7.358291294172727426e+00	1.422922564316671057e+01
-0.20	-7.084051728169402651e+00	1.372949463383602087e+01
-0.18	-6.844717518821084035e+00	1.329611335478577949e+01
-0.16	-6.628811864614449156e+00	1.290684800751360051e+01
-0.14	-6.404148076618103147e+00	1.249789722711071960e+01
-0.12	-6.194519919542507580e+00	1.211666725308971060e+01
-0.10	-5.979278435954633153e+00	1.172191284047652005e+01
-0.08	-5.774559411540177045e+00	1.134597350038071006e+01
-0.06	-5.571267724007289424e+00	1.097070431331774998e+01
-0.04	-5.357964353183938044e+00	1.062625790456172936e+01
-0.02	-5.129003925031368816e+00	1.036695013359597972e+01
-0.00	-4.933113228141071893e+00	1.000000000000001066e+01
