-24.00	-2.171398357964308090e+01	4.999999999999999289e+01
-23.00	-2.199692495979856943e+01	5.000200868162109202e+01
-22.00	-2.236068393355499140e+01	4.997214122229806321e+01
-21.00	-2.276717410622311988e+01	5.002809721947230059e+01
-20.00	-2.303527851539885063e+01	4.968382089441733740e+01
-19.00	-2.395898501492348132e+01	5.086524762161430857e+01
-18.00	-2.385097366843675104e+01	4.954548817740637645e+01
-17.00	-2.532597029922866838e+01	5.177856330773595772e+01
-16.98	-2.539453047889955073e+01	5.190532078274640071e+01
-16.96	-2.541460606477502893e+01	5.193613296038886773e+01
-16.94	-2.546320314232871951e+01	5.202406528335134794e+01
-16.92	-2.547985408235247107e+01	5.205029500807364684e+01
-16.90	-2.551734562562500841e+01	5.212327398231249731e+01
-16.88	-2.553197739279778133e+01	5.215316423804382140e+01
-16.86	-2.554257726745820989e+01	5.217832497600056030e+01
-16.84	-2.557708260327517991e+01	5.225509193180879208e+01
-16.82	-2.558789398560362116e+01	5.228561241131424708e+01
-16.80	-2.566622747133222049e+01	5.245573632362589933e+01
-16.78	-2.568603523017463175e+01	5.250694289741006315e+01
-16.76	-2.568912431986817069e+01	5.252391945448106725e+01
-16.74	-2.569442960806749099e+01	5.254453173342393768e+01
-16.72	-2.569637923236632915e+01	5.255646199204984015e+01
-16.70	-2.569445821850952072e+01	5.255808090183730741e+01
-16.68	-2.569630774938103102e+01	5.256376775299869308e+01
-16.66	-2.570178856655131128e+01	5.257286963824341086e+01
-16.64	-2.568799052818691919e+01	5.253770451472510672e+01
-16.62	-2.569390865504625054e+01	5.253739549589737834e+01
-16.60	-2.565128443552201887e+01	5.243178922366335826e+01
-16.58	-2.543145685707099091e+01	5.195796561120906176e+01
-16.56	-2.542271740322716056e+01	5.190892927802679679e+01
-16.54	-2.533843014732411092e+01	5.169905342678836746e+01
-16.52	-2.534191779818594981e+01	5.166182546920276764e+01
-16.50	-2.534085503122483019e+01	5.160836032186156075e+01
-16.48	-2.526390042922893997e+01	5.139406718376793037e+01
-16.46	-2.527277981366970039e+01	5.134837817812901761e+01
-16.44	-2.517275333237367008e+01	5.107560826059908976e+01
-16.42	-2.517699842268779165e+01	5.100922795840934754e+01
-16.40	-2.501888790278704988e+01	5.060958066158465840e+01
-16.38	-2.460562115689862139e+01	4.969061199649841853e+01
-16.36	-2.460806557677397066e+01	4.960925615512041986e+01
-16.34	-2.452331567611350138e+01	4.934897862069667696e+01
-16.32	-2.454350688027199112e+01	4.929738303950505696e+01
-16.30	-2.448928138312509972e+01	4.909400510018407715e+01
-16.28	-2.450733460152551046e+01	4.903389712626635344e+01
-16.26	-2.453329276683403037e+01	4.898782072516320341e+01
-16.24	-2.448519376192824026e+01	4.879273216512427069e+01
-16.22	-2.450733350013700829e+01	4.873683081721777199e+01
-16.20	-2.437266638565133903e+01	4.836859419955771244e+01
-16.18	-2.438884257659636035e+01	4.829970863481680254e+01
-16.16	-2.443386778651330005e+01	4.828710870810368050e+01
-16.14	-2.447634389940995092e+01	4.826844271744543136e+01
-16.12	-2.452520630951539005e+01	4.826126639569861254e+01
-16.10	-2.457437143291873127e+01	4.825351750241758708e+01
-16.08	-2.463117476894895930e+01	4.825921752766326733e+01
-16.06	-2.468341764999107113e+01	4.825443389100593805e+01
-16.04	-2.474960131077768111e+01	4.827507915578505049e+01
-16.02	-2.480601455714599979e+01	4.827462867546680769e+01
-16.00	-2.488468027199193955e+01	4.831527979926880079e+01
-15.98	-2.498330849827464917e+01	4.839226153649715911e+01
-15.96	-2.504117684790607967e+01	4.838768812729934865e+01
-15.94	-2.510088091255748921e+01	4.838440259046686265e+01
-15.92	-2.515865325831324029e+01	4.837520749792670927e+01
-15.90	-2.521769200354033913e+01	4.836629319167259666e+01
-15.88	-2.527225635508251855e+01	4.834701095942617144e+01
-15.86	-2.533189143756592898e+01	4.833586030457753679e+01
-15.84	-2.538040292091096006e+01	4.830228708648847658e+01
-15.82	-2.543780219329140024e+01	4.828489874200639775e+01
-15.80	-2.543032579475680066e+01	4.814428103844704054e+01
-15.78	-2.545982088704587909e+01	4.807433158132254647e+01
-15.76	-2.551558707419691885e+01	4.805483090920466083e+01
-15.74	-2.555603456543543928e+01	4.800775443774667650e+01
-15.72	-2.561237479193211897e+01	4.799241347076772257e+01
-15.70	-2.566604676908793081e+01	4.797435521932244740e+01
-15.68	-2.571160062038670091e+01	4.794384308442503340e+01
-15.66	-2.576399055414008998e+01	4.792945755937184771e+01
-15.64	-2.581150755531835017e+01	4.790959559574145743e+01
-15.62	-2.586138170654988855e+01	4.789803208295266046e+01
-15.60	-2.591789264000156123e+01	4.790321297766452346e+01
-15.58	-2.604857233168477038e+01	4.804960194123111705e+01
-15.56	-2.610504405880502077e+01	4.806346383021706714e+01
-15.54	-2.619516672801264079e+01	4.814407262259325648e+01
-15.52	-2.624584437295482076e+01	4.815698456752806322e+01
-15.50	-2.633349713696521022e+01	4.824249460268878664e+01
-15.48	-2.638471934865859936e+01	4.826664452152132867e+01
-15.46	-2.642795347731064126e+01	4.828102885550406143e+01
-15.44	-2.653005439829258094e+01	4.840818209997721766e+01
-15.42	-2.657491623732659036e+01	4.843608597333562216e+01
-15.40	-2.671572296307719085e+01	4.864410087568823826e+01
-15.38	-2.706404071729498995e+01	4.923486114040618844e+01
-15.36	-2.711677003639380956e+01	4.929294979433400670e+01
-15.34	-2.725152435615216007e+01	4.950579928403053742e+01
-15.32	-2.728828884871589011e+01	4.954630360899488295e+01
-15.30	-2.733023580336460867e+01	4.960265051916515233e+01
-15.28	-2.744692893011266932e+01	4.980075677356124686e+01
-15.26	-2.747642209942112856e+01	4.984707484520254184e+01
-15.24	-2.760854395791701066e+01	5.008633500775650305e+01
-15.22	-2.764464185965686838e+01	5.015801039291984864e+01
-15.20	-2.806141801572724859e+01	5.092745107728109133e+01
-15.18	-2.822527082586600145e+01	5.124523680634416678e+01
-15.16	-2.824399345755346147e+01	5.130581633211853898e+01
-15.14	-2.834543896069850888e+01	5.152351573770955895e+01
-15.12	-2.834933166306302965e+01	5.157026515583778092e+01
-15.10	-2.841916601192394864e+01	5.174293398104820341e+01
-15.08	-2.842091309620992945e+01	5.179703229602039727e+01
-15.06	-2.841344738313553009e+01	5.183934744228169222e+01
-15.04	-2.847229269489567116e+01	5.200701468524182758e+01
-15.02	-2.846338724640374096e+01	5.205459363540091289e+01
-15.00	-2.852209282211077124e+01	5.222911370766455974e+01
-14.98	-2.857774891505502168e+01	5.240054153554263650e+01
-14.96	-2.854481470746472027e+01	5.241120222154660269e+01
-14.94	-2.850051584223988144e+01	5.240186172565758937e+01
-14.92	-2.846167435687864966e+01	5.240286986047585316e+01
-14.90	-2.840409459509323042e+01	5.236921907074506066e+01
-14.88	-2.836050446087929089e+01	5.236078053229716289e+01
-14.86	-2.832068862445400015e+01	5.235861237582705741e+01
-14.84	-2.824081393209451107e+01	5.228131916593783757e+01
-14.82	-2.819280138193391849e+01	5.226195132776300056e+01
-14.80	-2.794999258709130174e+01	5.187984613815739010e+01
-14.78	-2.781514186735325111e+01	5.169669428446945147e+01
-14.76	-2.776398543577408162e+01	5.166817824812083160e+01
-14.74	-2.765683986498389046e+01	5.153464659447841001e+01
-14.72	-2.761113433077266066e+01	5.151498921299295120e+01
-14.70	-2.756021478341214959e+01	5.148505609481497203e+01
-14.68	-2.746582371878405127e+01	5.137319540214132019e+01
-14.66	-2.742005612274201098e+01	5.135145236415633718e+01
-14.64	-2.731913797843607838e+01	5.122508726379631838e+01
-14.62	-2.727169530348529847e+01	5.119727333477195685e+01
-14.60	-2.715160431693378129e+01	5.103054859226474349e+01
-14.58	-2.692033196781535054e+01	5.065065590068004298e+01
-14.56	-2.687492675926964125e+01	5.061624382651118736e+01
-14.54	-2.678379787388531952e+01	5.048991732713958669e+01
-14.52	-2.674976667485394088e+01	5.046411361657845873e+01
-14.50	-2.667142002872381923e+01	5.034637093459579660e+01
-14.48	-2.664072363632264029e+01	5.030881487941306318e+01
-14.46	-2.662224980737036972e+01	5.028264421520073313e+01
-14.44	-2.654149383427921904e+01	5.012617751140621181e+01
-14.42	-2.652517099429790903e+01	5.007760376208508291e+01
-14.40	-2.622749780994951863e+01	4.948171375988297171e+01
-14.38	-2.609808901542772119e+01	4.918887343767300280e+01
-14.36	-2.610143851993753827e+01	4.912963429315124131e+01
-14.34	-2.602645726599272891e+01	4.890610158402792962e+01
-14.32	-2.605451836409739030e+01	4.885976086953505160e+01
-14.30	-2.608276024036301877e+01	4.879734310106732664e+01
-14.28	-2.605046588080628922e+01	4.860484216858012019e+01
-14.26	-2.610202773557525902e+01	4.855504357113188263e+01
-14.24	-2.607426299828390981e+01	4.834360290875729049e+01
-14.22	-2.613282553558973831e+01	4.828006992854845691e+01
-14.20	-2.596921460834077067e+01	4.779667251765953750e+01
-14.18	-2.601662756017353928e+01	4.769459548007875327e+01
-14.16	-2.611610230954456924e+01	4.768055796027397975e+01
-14.14	-2.621921433855171912e+01	4.766745324029624697e+01
-14.12	-2.633137591276303979e+01	4.766666615472649937e+01
-14.10	-2.646498210204502044e+01	4.770210788870784313e+01
-14.08	-2.658785510525656903e+01	4.771718506904964840e+01
-14.06	-2.670530892388326905e+01	4.772310539020055842e+01
-14.04	-2.688598008867985101e+01	4.784349479526626681e+01
-14.02	-2.701321735460027895e+01	4.787110438605485285e+01
-14.00	-2.727297301785495875e+01	4.813631201908872725e+01
-13.98	-2.790969641691006942e+01	4.906756623859944000e+01
-13.96	-2.807350298081270168e+01	4.916730144617883980e+01
-13.94	-2.838719411412714067e+01	4.953353525963650128e+01
-13.92	-2.853011008434470952e+01	4.960534856288366967e+01
-13.90	-2.868601568471245145e+01	4.970432266339899030e+01
-13.88	-2.898069388258834067e+01	5.004757361784957936e+01
-13.86	-2.912183499191991132e+01	5.012904078352971737e+01
-13.84	-2.945234424623428993e+01	5.053951631708329728e+01
-13.82	-2.961385313687548049e+01	5.066212903515692290e+01
-13.80	-3.044275707525373065e+01	5.192748914501680702e+01
-13.78	-3.082338024313281011e+01	5.242546395961451111e+01
-13.76	-3.096536133512050171e+01	5.251862068955467322e+01
-13.74	-3.124702035573523062e+01	5.285043419573870693e+01
-13.72	-3.137132690733954021e+01	5.291704288650336707e+01
-13.70	-3.150852131809272905e+01	5.300701137572342958e+01
-13.68	-3.173989441630317998e+01	5.325648541984603668e+01
-13.66	-3.186255758529481952e+01	5.332369995924702266e+01
-13.64	-3.209318254543846649e+01	5.357190548239133676e+01
-13.62	-3.221768974298981192e+01	5.364246901718090754e+01
-13.60	-3.245631752814220050e+01	5.390213934000305329e+01
-13.58	-3.270347777005626710e+01	5.417389346244725346e+01
-13.56	-3.279861480296626297e+01	5.419143240959768804e+01
-13.54	-3.287864334750732098e+01	5.418174770504990789e+01
-13.52	-3.296703215614625293e+01	5.418301011650292764e+01
-13.50	-3.302443750701880276e+01	5.412991273239398993e+01
-13.48	-3.310676936266055748e+01	5.411406693145934810e+01
-13.46	-3.319822660391003666e+01	5.410921699351042236e+01
-13.44	-3.320910588369331151e+01	5.396975180328936261e+01
-13.42	-3.328224847333616054e+01	5.392924335042309281e+01
-13.40	-3.286358658711561276e+01	5.309201639217822333e+01
-13.38	-3.265060933129157661e+01	5.259061835351359093e+01
-13.36	-3.268646913846315982e+01	5.249241424107226806e+01
-13.34	-3.251559161187989133e+01	5.206487661296972647e+01
-13.32	-3.255730772717023314e+01	5.198266783870572283e+01
-13.30	-3.257558187465850352e+01	5.186833400450188236e+01
-13.28	-3.239651155922585701e+01	5.144718163968053659e+01
-13.26	-3.241612278630279320e+01	5.135066193221695130e+01
-13.24	-3.215737296347254670e+01	5.082262434194809941e+01
-13.22	-3.214125646469025810e+01	5.068857800107876699e+01
-13.20	-3.171349008470199138e+01	4.991573652646395232e+01
-13.18	-3.058462463761924965e+01	4.805136551459330718e+01
-13.16	-3.051676812014738971e+01	4.787128871450467926e+01
-13.14	-3.018181738576604900e+01	4.728385691301713223e+01
-13.12	-3.013372122882039861e+01	4.715861002104112742e+01
-13.10	-2.984261097790534123e+01	4.666371635085639724e+01
-13.08	-2.976012746879787940e+01	4.650778434844963272e+01
-13.06	-2.969574958887843152e+01	4.639058517956168259e+01
-13.04	-2.935164502477168114e+01	4.584888070837300234e+01
-13.02	-2.925043536234715091e+01	4.570183591877744078e+01
-13.00	-2.880208649620199068e+01	4.502707035797789814e+01
-12.98	-2.798008670992633995e+01	4.378605475409698755e+01
-12.96	-2.786464222047446171e+01	4.367210371493482768e+01
-12.94	-2.761863292118059121e+01	4.337286737176052043e+01
-12.92	-2.750846798697538986e+01	4.330521284184590058e+01
-12.90	-2.737519524743419908e+01	4.321771088670914907e+01
-12.88	-2.716531580385164091e+01	4.302020491497094667e+01
-12.86	-2.703398379858167999e+01	4.295594304603829272e+01
-12.84	-2.683544664250412026e+01	4.278983851419828710e+01
-12.82	-2.670356296494611925e+01	4.273307639477687303e+01
-12.80	-2.656610963813412951e+01	4.266899480516894272e+01
-12.78	-2.655181152700033920e+01	4.280402243617466951e+01
-12.76	-2.646667082255357073e+01	4.282485318982102740e+01
-12.74	-2.647732415596901134e+01	4.300094363273346687e+01
-12.72	-2.639699951815200052e+01	4.302853105673001721e+01
-12.70	-2.642736415892900936e+01	4.323599348141259213e+01
-12.68	-2.636794284481073092e+01	4.329543389579735191e+01
-12.66	-2.629366086874980013e+01	4.332887932428899092e+01
-12.64	-2.640440462098055008e+01	4.366715729042905281e+01
-12.62	-2.635563940183710940e+01	4.374030345158701749e+01
-12.60	-2.661578774085857901e+01	4.432687343943648273e+01
-12.58	-2.757892674067236172e+01	4.609171193011862755e+01
-12.56	-2.759018369624498135e+01	4.626548727143376283e+01
-12.54	-2.788505678976166990e+01	4.691372513658166810e+01
-12.52	-2.787399263162235030e+01	4.704325643647474209e+01
-12.50	-2.813728621171557975e+01	4.763204114874792339e+01
-12.48	-2.816268315016164081e+01	4.781112404679222294e+01
-12.46	-2.816192867899017926e+01	4.793729576719899654e+01
-12.44	-2.851340599291781075e+01	4.865484414663008295e+01
-12.42	-2.857360852899968862e+01	4.886353801109026307e+01
-12.40	-2.982849286503530095e+01	5.111059414440386917e+01
-12.38	-3.029701499651319097e+01	5.199719026176691727e+01
-12.36	-3.035083303428983115e+01	5.215500528042670680e+01
-12.34	-3.066468140790815866e+01	5.274388298976644052e+01
-12.32	-3.071023094298271872e+01	5.285350647379304689e+01
-12.30	-3.079095951061385961e+01	5.300536340334159746e+01
-12.28	-3.104801137232649921e+01	5.344604160792175662e+01
-12.26	-3.112304054467166026e+01	5.355652776719834662e+01
-12.24	-3.139732302914750051e+01	5.399718700117811210e+01
-12.22	-3.149035802041067100e+01	5.411418205157394823e+01
-12.20	-3.179545671917101046e+01	5.458705066066673339e+01
-12.18	-3.219617838171001978e+01	5.521726077787865705e+01
-12.16	-3.226070321705733335e+01	5.526608734005436219e+01
-12.14	-3.235122748882381671e+01	5.535898816583016213e+01
-12.12	-3.240098244035144148e+01	5.538441528755451060e+01
-12.10	-3.246097275209005772e+01	5.543169879960988311e+01
-12.08	-3.250178726150584652e+01	5.545255187571194000e+01
-12.06	-3.253834348432589962e+01	5.547349345181140023e+01
-12.04	-3.256709644793301806e+01	5.548861081929904771e+01
-12.02	-3.259182571144879148e+01	5.550328910148289907e+01
-12.00	-3.256149058741223001e+01	5.545546059020254859e+01
-11.98	-3.255073720128032733e+01	5.544118997753982825e+01
-11.96	-3.254883367843663677e+01	5.544108296536685287e+01
-11.94	-3.254622749045469021e+01	5.544644702017164661e+01
-11.92	-3.254668144239595762e+01	5.544920238029901327e+01
-11.90	-3.256274858513665293e+01	5.546485470759520808e+01
-11.88	-3.258476063216676266e+01	5.547113282859623240e+01
-11.86	-3.261873473243427668e+01	5.547509922026320339e+01
-11.84	-3.268594948934858735e+01	5.550621562332838721e+01
-11.82	-3.276047650973458758e+01	5.551521400638335990e+01
-11.80	-3.290687930580710230e+01	5.561104851314703268e+01
-11.78	-3.302342348318180854e+01	5.561500749371705155e+01
-11.76	-3.315886464721028659e+01	5.560885552637137863e+01
-11.74	-3.330499839721139921e+01	5.557882767548807834e+01
-11.72	-3.348672038313331711e+01	5.556660695072380207e+01
-11.70	-3.366938071249489184e+01	5.551248737099521691e+01
-11.68	-3.389289655581927718e+01	5.548866667493000904e+01
-11.66	-3.414652204583220652e+01	5.547278173419427105e+01
-11.64	-3.436399494255235254e+01	5.536006878241393281e+01
-11.62	-3.465169634920692232e+01	5.531924859482457180e+01
-11.60	-3.460977442952305694e+01	5.470341438361611353e+01
-11.58	-3.476232278148310684e+01	5.433246395996496858e+01
-11.56	-3.516546456840210766e+01	5.425448862945612660e+01
-11.54	-3.549887829262276284e+01	5.394185201597627355e+01
-11.52	-3.604542355514072227e+01	5.387272687788310321e+01
-11.50	-3.639834501847862924e+01	5.357903524319571176e+01
-11.48	-3.676390981487259069e+01	5.348457337068956008e+01
-11.46	-3.703834726117710829e+01	5.341708111195688957e+01
-11.44	-3.703287171337473893e+01	5.304571579292198180e+01
-11.42	-3.717222838295560905e+01	5.293226171706170646e+01
-11.40	-3.650338877853668862e+01	5.165064191997608845e+01
-11.38	-3.635778329340246984e+01	5.106367858731454135e+01
-11.36	-3.704129189266878086e+01	5.095168289968005126e+01
-11.34	-3.573263463560383713e+01	5.050997174265572909e+01
-11.32	-3.383155010180195177e+01	5.041808154455428337e+01
-11.30	-3.260517065661431246e+01	5.003015383336551736e+01
-11.28	-3.182652360209105069e+01	4.991015051267468294e+01
-11.26	-3.124174695574764016e+01	4.982359306477580674e+01
-11.24	-3.060684583172681883e+01	4.936449155149725243e+01
-11.22	-3.022399660706258118e+01	4.922747629734173813e+01
-11.20	-2.929145949413533856e+01	4.775446844104988742e+01
-11.18	-2.883116983956254131e+01	4.712472559549271267e+01
-11.16	-2.867752366341908044e+01	4.700949637561935646e+01
-11.14	-2.842719756649663054e+01	4.656163741393378075e+01
-11.12	-2.840626847244303832e+01	4.647271501771844271e+01
-11.10	-2.831116869599971153e+01	4.610165751238324816e+01
-11.08	-2.840378719265635965e+01	4.599236215229547042e+01
-11.06	-2.858037027866410895e+01	4.591212842670549321e+01
-11.04	-2.868367555110591027e+01	4.551533025907067298e+01
-11.02	-2.902961687833852977e+01	4.540329508520788693e+01
-11.00	-2.908134150431553877e+01	4.438863514890871897e+01
-10.98	-2.978497667186434938e+01	4.407597478162894333e+01
-10.96	-3.222512916117091919e+01	4.402994739717870232e+01
-10.94	-3.062396767548347043e+01	4.386451972958008838e+01
-10.92	-2.993475864966605116e+01	4.383892839234601269e+01
-10.90	-2.958178242966397065e+01	4.374039865156805718e+01
-10.88	-2.929555525213379852e+01	4.371899932415151113e+01
-10.86	-2.902784532332796985e+01	4.370130687050737350e+01
-10.84	-2.874554185687530961e+01	4.365267218234890123e+01
-10.82	-2.848792361593870126e+01	4.364254706572201314e+01
-10.80	-2.824155184039799948e+01	4.365257206529658163e+01
-10.78	-2.814427388831538934e+01	4.389652764400926799e+01
-10.76	-2.791388428912602038e+01	4.392847448185907666e+01
-10.74	-2.774692325047351105e+01	4.405124624823579182e+01
-10.72	-2.752716111940848975e+01	4.407551080333124105e+01
-10.70	-2.732554585500190925e+01	4.410893807243005682e+01
-10.68	-2.719028070291969001e+01	4.422712980672581295e+01
-10.66	-2.701428536957903859e+01	4.425425519389298756e+01
-10.64	-2.692482977527496857e+01	4.439619125234292341e+01
-10.62	-2.678896986909821010e+01	4.443139015880530707e+01
-10.60	-2.676526723825439902e+01	4.462611017714831974e+01
-10.58	-2.690080511255149887e+01	4.505795053645191217e+01
-10.56	-2.681970472198052846e+01	4.509542690075694793e+01
-10.54	-2.681078255710789904e+01	4.522390275846012742e+01
-10.52	-2.675800493984323936e+01	4.524682828069438045e+01
-10.50	-2.673008754020608890e+01	4.527926886634884340e+01
-10.48	-2.676472679845428004e+01	4.538901845894495324e+01
-10.46	-2.676891287606053993e+01	4.541384933601079865e+01
-10.44	-2.685209880207948885e+01	4.554345182465797848e+01
-10.42	-2.689539889872487066e+01	4.557549016387879703e+01
-10.40	-2.704667054631742928e+01	4.576126464995012100e+01
-10.38	-2.739410529532839078e+01	4.625055539073542832e+01
-10.36	-2.749928446140824079e+01	4.630027326239483187e+01
-10.34	-2.769768294420418897e+01	4.647951535460529726e+01
-10.32	-2.782719497740922066e+01	4.651469859018465769e+01
-10.30	-2.797884090890861941e+01	4.656313759712742950e+01
-10.28	-2.822021336073828834e+01	4.673508123397981251e+01
-10.26	-2.839697668443794853e+01	4.677514714883888303e+01
-10.24	-2.869482152613780102e+01	4.699209523449881232e+01
-10.22	-2.890823494738690869e+01	4.704719942650682896e+01
-10.20	-2.930233795164728150e+01	4.737664248074887041e+01
-10.18	-3.006914945512826876e+01	4.828772847620457043e+01
-10.16	-3.034578119817172137e+01	4.838334184200648735e+01
-10.14	-3.078793783451153843e+01	4.872688068825579677e+01
-10.12	-3.107098583766358857e+01	4.879577652008404698e+01
-10.10	-3.138353868705754124e+01	4.889004028131707003e+01
-10.08	-3.185785273474767010e+01	4.922327029082406824e+01
-10.06	-3.214739304403948950e+01	4.930188891404583273e+01
-10.04	-3.257070315605191269e+01	4.972393430913231782e+01
-10.02	-3.262643669038798322e+01	4.983231027444603711e+01
-10.00	-3.282974054410522058e+01	5.047216315415472820e+01
-9.98	-3.356976179516102832e+01	5.218233586694221771e+01
-9.96	-3.328911146857689829e+01	5.235418251952165747e+01
-9.94	-3.338010003540306769e+01	5.295387271791170036e+01
-9.92	-3.812200347241650178e+01	5.307842427302772847e+01
-9.90	-4.289594301255935704e+01	5.361104701327401756e+01
-9.88	-3.975971731857605818e+01	5.377449849315124908e+01
-9.86	-3.944024219169121181e+01	5.389202112777132925e+01
-9.84	-3.899570722893079022e+01	5.451961564221041101e+01
-9.82	-3.793298070862798710e+01	5.469102700152304664e+01
-9.80	-3.812367703790170026e+01	5.607845849205298805e+01
-9.78	-3.845438337515899718e+01	5.730489222007643235e+01
-9.76	-3.833055083092870063e+01	5.743494191724803244e+01
-9.74	-3.848264730992900695e+01	5.788797706770100149e+01
-9.72	-3.850550999403031227e+01	5.796267430011536703e+01
-9.70	-3.861065101847223247e+01	5.807022790806895784e+01
-9.68	-3.892665863558367789e+01	5.838549819950703323e+01
-9.66	-3.920282095518717824e+01	5.845081067834419741e+01
-9.64	-3.982127217186653212e+01	5.873221377164966128e+01
-9.62	-4.109815872764723110e+01	5.880066723905363091e+01
-9.60	-4.125051503658728080e+01	5.915000720521238264e+01
-9.58	-3.805468381467016314e+01	5.907608397261663669e+01
-9.56	-3.780343003561910109e+01	5.904314060481156901e+01
-9.54	-3.765850089534483658e+01	5.889750162963599678e+01
-9.52	-3.755360656661923002e+01	5.885942815458621880e+01
-9.50	-3.742853873286797040e+01	5.881040384757918815e+01
-9.48	-3.720633240228463023e+01	5.861238707305518147e+01
-9.46	-3.707964265002976134e+01	5.856388749618049872e+01
-9.44	-3.680677924519792299e+01	5.828101462613889794e+01
-9.42	-3.665508251464437706e+01	5.819001315573346744e+01
-9.40	-3.583886947660266742e+01	5.703850842183724978e+01
-9.38	-3.538636335584831727e+01	5.646726585133261267e+01
-9.36	-3.521941895420440005e+01	5.635659322059772336e+01
-9.34	-3.484394622782726714e+01	5.591519541520740688e+01
-9.32	-3.468627846055068176e+01	5.582950438192489884e+01
-9.30	-3.450505040982383775e+01	5.571146353059727119e+01
-9.28	-3.414877775868983178e+01	5.531314514169400098e+01
-9.26	-3.397805442674118837e+01	5.521922820317674763e+01
-9.24	-3.357281131154063303e+01	5.474223202919519338e+01
-9.22	-3.337346041864962842e+01	5.459894089397941741e+01
-9.20	-3.228307682758823915e+01	5.298194265275036940e+01
-9.18	-3.172945286687532018e+01	5.223353872198050851e+01
-9.16	-3.155068314653718886e+01	5.209031091178310646e+01
-9.14	-3.112371114659494964e+01	5.151796439412154882e+01
-9.12	-3.098784365164020116e+01	5.140732562259246663e+01
-9.10	-3.084007408284269047e+01	5.125475961553542703e+01
-9.08	-3.049282829024620156e+01	5.074028848272102721e+01
-9.06	-3.039852131053732975e+01	5.061919683241990242e+01
-9.04	-3.002863673400123901e+01	5.000611092288620796e+01
-9.02	-2.995215935091448145e+01	4.985058887503375047e+01
-9.00	-2.947496191378431973e+01	4.899278599309675286e+01
-8.98	-2.830980660053019093e+01	4.696102145319367338e+01
-8.96	-2.828869249963216959e+01	4.680485486390097805e+01
-8.94	-2.800773628267209858e+01	4.619011717637300762e+01
-8.92	-2.804057612486920092e+01	4.606948363020305237e+01
-8.90	-2.785010301760582863e+01	4.555680687792415284e+01
-8.88	-2.789234347070933140e+01	4.540638485039672645e+01
-8.86	-2.797116727615336984e+01	4.529717361578467205e+01
-8.84	-2.778087653805109980e+01	4.473789598380817978e+01
-8.82	-2.785680493347328124e+01	4.459907679702318717e+01
-8.80	-2.758117074073977903e+01	4.389183369494160303e+01
-8.78	-2.687557151336563876e+01	4.250538399509890297e+01
-8.76	-2.697103914042065043e+01	4.239613668116840728e+01
-8.74	-2.691223937461233007e+01	4.204867249438221677e+01
-8.72	-2.702927189877008018e+01	4.198713804406619232e+01
-8.70	-2.700624091116571890e+01	4.172699159095981258e+01
-8.68	-2.708616466945014167e+01	4.165755424182317768e+01
-8.66	-2.721493460942874876e+01	4.160611877411078297e+01
-8.64	-2.814217737833354960e+01	4.136487951875977842e+01
-8.62	-2.964090413389883949e+01	4.130796264158632880e+01
-8.60	-2.795163483392033044e+01	4.105652115533362689e+01
-8.58	-2.711697140096773850e+01	4.076836991557617296e+01
-8.56	-2.671534881195390909e+01	4.076356040915060674e+01
-8.54	-2.642249024503517063e+01	4.077225786292832055e+01
-8.52	-2.618619882152609080e+01	4.078414939266581030e+01
-8.50	-2.600752779867652009e+01	4.083479794808489061e+01
-8.48	-2.584164103268814827e+01	4.086094031249218261e+01
-8.46	-2.569326402311058999e+01	4.087836716311800700e+01
-8.44	-2.562325114968616901e+01	4.100500882472535835e+01
-8.42	-2.552132553902159984e+01	4.104177793855077994e+01
-8.40	-2.555477820032232117e+01	4.130292388686539340e+01
-8.38	-2.596340483671619026e+01	4.223336476160420716e+01
-8.36	-2.594420743059315981e+01	4.234315303640087791e+01
-8.34	-2.609123067818466879e+01	4.273739427105265065e+01
-8.32	-2.608707975377041066e+01	4.282637132049119799e+01
-8.30	-2.624813555871671866e+01	4.320317930559348696e+01
-8.28	-2.628275733343864928e+01	4.332647233739032799e+01
-8.26	-2.630726293894219125e+01	4.341448008756481158e+01
-8.24	-2.655155334720630833e+01	4.389991245266394770e+01
-8.22	-2.662126741481170100e+01	4.404975103122063729e+01
-8.20	-2.752575157770720082e+01	4.574792632236591317e+01
-8.18	-2.793573825585733061e+01	4.652039518676121332e+01
-8.16	-2.801433434542844125e+01	4.666642403821799689e+01
-8.14	-2.832269984735426860e+01	4.723655402225590905e+01
-8.12	-2.838401555799810083e+01	4.734583882919839226e+01
-8.10	-2.846697875441281056e+01	4.749659333707791120e+01
-8.08	-2.873146214312058078e+01	4.798441995976744323e+01
-8.06	-2.879502344490135002e+01	4.810095939717245273e+01
-8.04	-2.909590396048557892e+01	4.865949333114801334e+01
-8.02	-2.918468735570544936e+01	4.882413750002522335e+01
-8.00	-3.009874597289998022e+01	5.052029339718553302e+01
-7.98	-3.048067156359494945e+01	5.122562999262356698e+01
-7.96	-3.056175851758725059e+01	5.135618856874099691e+01
-7.94	-3.085465566305285989e+01	5.186382149973751865e+01
-7.92	-3.093871280446196081e+01	5.196046702671832662e+01
-7.90	-3.105774487384368143e+01	5.209414185579775847e+01
-7.88	-3.135727557073552063e+01	5.252700404032751891e+01
-7.86	-3.150245999612830872e+01	5.263036396732155708e+01
-7.84	-3.188877274589939859e+01	5.313012628292093353e+01
-7.82	-3.211659550268733199e+01	5.327912818160280040e+01
-7.80	-3.315856475984028151e+01	5.485896593306336655e+01
-7.78	-3.375548190369973156e+01	5.553982558276427284e+01
-7.76	-3.410205538115278046e+01	5.566630978421010667e+01
-7.74	-3.470955643769295307e+01	5.615815917560303916e+01
-7.72	-3.517049372342952296e+01	5.625113731993627653e+01
-7.70	-3.574461855753302331e+01	5.637958845905340155e+01
-7.68	-3.663676113334413031e+01	5.678889309845197175e+01
-7.66	-3.763981924241556953e+01	5.688621993189367743e+01
-7.64	-3.928911252023743828e+01	5.733975022200804261e+01
-7.62	-3.786178596803433294e+01	5.746919082684477331e+01
-7.60	-3.727041420552969697e+01	5.866554129573601273e+01
-7.58	-3.697955543626647312e+01	5.903513245538300680e+01
-7.56	-3.661497302456955794e+01	5.908752073984008746e+01
-7.54	-3.635286495517176775e+01	5.926945174223614998e+01
-7.52	-3.600649891755679022e+01	5.929249149783490225e+01
-7.50	-3.568525141572507664e+01	5.932839584080763018e+01
-7.48	-3.540127925850566726e+01	5.939166745420236282e+01
-7.46	-3.511345832913868037e+01	5.940495895296928097e+01
-7.44	-3.483630384782333778e+01	5.938839274606449692e+01
-7.42	-3.459448726922121864e+01	5.937946240015441646e+01
-7.40	-3.428533669576283671e+01	5.919595757606712993e+01
-7.38	-3.352012276464507323e+01	5.816850147377285651e+01
-7.36	-3.330946089373326657e+01	5.803542862685662129e+01
-7.34	-3.291874950618181828e+01	5.753371550794911116e+01
-7.32	-3.278179759295201734e+01	5.741978675314845049e+01
-7.30	-3.245236858962122994e+01	5.692443891061312655e+01
-7.28	-3.234078543815591900e+01	5.676248272334556333e+01
-7.26	-3.227661846336280860e+01	5.664817816972553999e+01
-7.24	-3.192212234586808961e+01	5.599485364089350270e+01
-7.22	-3.186112028746252989e+01	5.582630079734897066e+01
-7.20	-3.135508800110495997e+01	5.486277669826399261e+01
-7.18	-3.007264115944391136e+01	5.253756358350450739e+01
-7.16	-3.001431910281602100e+01	5.232536446296222721e+01
-7.14	-2.967412015296259042e+01	5.161544883021213792e+01
-7.12	-2.966967417191548861e+01	5.147701687445690766e+01
-7.10	-2.941215387309845042e+01	5.089416442545437747e+01
-7.08	-2.939976263161844017e+01	5.072527115317792124e+01
-7.06	-2.941915511529951033e+01	5.060146972981149815e+01
-7.04	-2.915560757774499834e+01	4.998591727249169736e+01
-7.02	-2.917001488463759884e+01	4.983330997598226730e+01
-7.00	-2.884076124766951921e+01	4.908769272165905306e+01
-6.98	-2.816613707281524981e+01	4.775058530509622301e+01
-6.96	-2.823330929513413068e+01	4.765201688248024681e+01
-6.94	-2.819073707743362078e+01	4.735338543076483120e+01
-6.92	-2.830677943186728029e+01	4.730222205198572283e+01
-6.90	-2.833681036880080129e+01	4.709167257996897149e+01
-6.88	-2.847099263350304099e+01	4.703666240639172713e+01
-6.86	-2.862411110720390894e+01	4.699505079484649173e+01
-6.84	-2.870019105776995971e+01	4.681415207342190143e+01
-6.82	-2.886809708676372921e+01	4.677082806333317677e+01
-6.80	-2.895673208305299084e+01	4.659122768375919321e+01
-6.78	-2.901884519899532933e+01	4.635714786559555733e+01
-6.76	-2.928903288183245834e+01	4.634334895961418255e+01
-6.74	-3.012933543676525971e+01	4.630807774955331979e+01
-6.72	-3.177605839795083043e+01	4.630271512000380341e+01
-6.70	-3.096879029967796981e+01	4.629497652205986213e+01
-6.68	-3.006182374843044869e+01	4.627814512514314771e+01
-6.66	-2.950375665957541926e+01	4.627412108281215097e+01
-6.64	-2.907216531015892969e+01	4.626405739126415284e+01
-6.62	-2.871625969935325884e+01	4.626156957426695726e+01
-6.60	-2.841680046724743036e+01	4.627517284201191217e+01
-6.58	-2.815428613752374076e+01	4.629151820354103108e+01
-6.56	-2.791332134639336005e+01	4.629378455452270202e+01
-6.54	-2.770447009689386064e+01	4.630638306672054227e+01
-6.52	-2.751423747160254152e+01	4.630747447832884234e+01
-6.50	-2.734765551501235947e+01	4.630940426547473976e+01
-6.48	-2.720703628179751021e+01	4.631693808660538281e+01
-6.46	-2.708516800176307981e+01	4.631743602534216819e+01
-6.44	-2.698630727481834057e+01	4.632015004807821867e+01
-6.42	-2.690576497350041052e+01	4.631795238443643825e+01
-6.40	-2.681127297471716986e+01	4.625137881374521243e+01
-6.38	-2.673066893710812053e+01	4.617443778836277346e+01
-6.36	-2.669756651274918013e+01	4.615379625071692260e+01
-6.34	-2.664858289508876865e+01	4.607273510918678028e+01
-6.32	-2.664639965398690080e+01	4.605294650956580682e+01
-6.30	-2.665416134694381967e+01	4.602728796965735825e+01
-6.28	-2.663871678821288924e+01	4.593738705019364943e+01
-6.26	-2.666709903371982904e+01	4.591411885553515049e+01
-6.24	-2.665210546593737106e+01	4.579759094872739666e+01
-6.22	-2.668463402662570161e+01	4.576117639274937687e+01
-6.20	-2.654382496443454897e+01	4.539852294891422702e+01
-6.18	-2.654053082957137022e+01	4.529185797451454931e+01
-6.16	-2.658581003217875960e+01	4.527962601670699883e+01
-6.14	-2.661899168735611099e+01	4.525062514044370232e+01
-6.12	-2.666387750580168969e+01	4.525133809814054331e+01
-6.10	-2.670186661337653078e+01	4.525021771646510871e+01
-6.08	-2.675504240257399147e+01	4.528745721036595739e+01
-6.06	-2.678564301024039906e+01	4.529623012838227680e+01
-6.04	-2.686539399600368938e+01	4.540611598001355276e+01
-6.02	-2.690212393151493941e+01	4.544961799116605761e+01
-6.00	-2.736994066145514992e+01	4.628949385051753751e+01
-5.98	-2.767996286781986015e+01	4.685623645255105885e+01
-5.96	-2.774002307243814869e+01	4.697618280095031906e+01
-5.94	-2.799966621644254872e+01	4.746919880700531280e+01
-5.92	-2.804259567182101875e+01	4.757610484207622648e+01
-5.90	-2.827999460365490947e+01	4.804284387458199745e+01
-5.88	-2.833910467333960170e+01	4.818995995735924254e+01
-5.86	-2.837457561390711902e+01	4.829432062336289988e+01
-5.84	-2.867194099036320054e+01	4.887620925017137097e+01
-5.82	-2.873511863415403056e+01	4.902355247912065295e+01
-5.80	-2.916197870299345141e+01	4.983093048836789762e+01
-5.78	-3.008869880955824883e+01	5.153905054390357776e+01
-5.76	-3.016968920216834960e+01	5.167382984147668878e+01
-5.74	-3.042267556059904976e+01	5.210128686928037212e+01
-5.72	-3.049595646158131146e+01	5.217423855628606333e+01
-5.70	-3.071067960118445939e+01	5.248031393817426249e+01
-5.68	-3.081442046871785934e+01	5.255767063640296755e+01
-5.66	-3.092112529422979961e+01	5.261612035041989088e+01
-5.64	-3.114602188588942866e+01	5.286739020191546246e+01
-5.62	-3.127506968235378082e+01	5.292485972492011115e+01
-5.60	-3.149627160914824842e+01	5.313498456817615079e+01
-5.58	-3.164345217996227078e+01	5.319857589039990842e+01
-5.56	-3.174883555695206994e+01	5.318152869353296808e+01
-5.54	-3.182059301626155090e+01	5.310320595952479295e+01
-5.52	-3.192230268044319175e+01	5.308127298371523040e+01
-5.50	-3.198187465517773020e+01	5.299130946531494146e+01
-5.48	-3.207098807112947014e+01	5.296013335612585848e+01
-5.46	-3.215954040226566946e+01	5.293755941255970043e+01
-5.44	-3.218828433783809118e+01	5.281868102074209048e+01
-5.42	-3.226437133380458278e+01	5.278707063066966754e+01
-5.40	-3.226617007246218094e+01	5.262981301978914672e+01
-5.38	-3.219595656264849026e+01	5.235817805939984737e+01
-5.36	-3.227435294358264883e+01	5.233919830771530002e+01
-5.34	-3.233362177201828302e+01	5.228880260128953239e+01
-5.32	-3.241705142748026702e+01	5.228063547921183130e+01
-5.30	-3.248305224608502328e+01	5.224988161158353250e+01
-5.28	-3.255447746586685298e+01	5.224130285068333990e+01
-5.26	-3.261097227191446279e+01	5.223446209882647651e+01
-5.24	-3.263164084488582262e+01	5.221017698772728721e+01
-5.22	-3.262821939732427978e+01	5.220263853309913316e+01
-5.20	-3.253476970144882330e+01	5.211780646320074339e+01
-5.18	-3.240889780275708176e+01	5.205390640521626722e+01
-5.16	-3.227214489471119663e+01	5.203801273211396250e+01
-5.14	-3.207290053417779774e+01	5.197506175482322988e+01
-5.12	-3.188156434987791954e+01	5.196044967496244738e+01
-5.10	-3.167572601419531964e+01	5.194086870905479714e+01
-5.08	-3.143712529809210920e+01	5.187300842733036177e+01
-5.06	-3.123297775109870145e+01	5.185664677591986305e+01
-5.04	-3.099708548935931063e+01	5.177158174049665007e+01
-5.02	-3.081074145976079137e+01	5.174569383243412801e+01
-5.00	-3.051134189206237934e+01	5.149425097698365761e+01
-4.98	-3.034165519878122907e+01	5.142419054463292838e+01
-4.96	-3.023725205144199890e+01	5.141684304838693720e+01
-4.94	-3.015507653951175016e+01	5.139504080723923352e+01
-4.92	-3.011834491653226920e+01	5.139468386278579715e+01
-4.90	-3.011595493694249015e+01	5.139325817812132158e+01
-4.88	-3.015996211384150172e+01	5.140657952284603738e+01
-4.86	-3.023272889057387047e+01	5.141011679513834309e+01
-4.84	-3.036638594940724900e+01	5.145335639734035738e+01
-4.82	-3.051940479531869954e+01	5.147060413002324708e+01
-4.80	-3.086547862112631080e+01	5.176114120435413213e+01
-4.78	-3.116475915612533143e+01	5.192076349291617277e+01
-4.76	-3.141126377697687033e+01	5.195024806170575715e+01
-4.74	-3.172744685698118161e+01	5.206500007309067968e+01
-4.72	-3.199643827534000096e+01	5.208537663716739985e+01
-4.70	-3.226813343087835761e+01	5.211372283552744733e+01
-4.68	-3.255343906370590901e+01	5.219738624197609056e+01
-4.66	-3.275501119103603997e+01	5.221702823364032753e+01
-4.64	-3.292400262096982289e+01	5.229213591963822694e+01
-4.62	-3.297501776969296117e+01	5.230908797873078697e+01
-4.60	-3.295072393780861120e+01	5.233424082829490231e+01
-4.58	-3.278999704385736891e+01	5.223998757000070725e+01
-4.56	-3.263383687233817199e+01	5.221273814694100679e+01
-4.54	-3.240670571859735816e+01	5.209451563761417248e+01
-4.52	-3.223162731312005036e+01	5.206660268046717732e+01
-4.50	-3.206023425248228165e+01	5.203016635954722346e+01
-4.48	-3.183705604858791105e+01	5.188706297800113276e+01
-4.46	-3.168984656822155088e+01	5.185222296168286960e+01
-4.44	-3.146174952640343037e+01	5.165344788786575236e+01
-4.42	-3.132950729611198071e+01	5.160164962527196764e+01
-4.40	-3.105848926515990982e+01	5.128202832569881053e+01
-4.38	-3.048029022729599902e+01	5.040549030764945115e+01
-4.36	-3.035532416912753106e+01	5.031768506275391672e+01
-4.34	-3.011286755806604987e+01	5.001003570298041012e+01
-4.32	-3.001257619119352071e+01	4.994584211313264177e+01
-4.30	-2.979817399435311032e+01	4.967079356051978323e+01
-4.28	-2.969444065497945928e+01	4.958631245408899701e+01
-4.26	-2.960681082464655134e+01	4.952596077772712846e+01
-4.24	-2.937184840129155106e+01	4.919388426625931032e+01
-4.22	-2.927737972047792070e+01	4.911020648630132257e+01
-4.20	-2.897652359104014153e+01	4.864510091404316938e+01
-4.18	-2.832670771201426163e+01	4.754380046566586060e+01
-4.16	-2.823162532464602847e+01	4.744252002928377010e+01
-4.14	-2.800638451132930129e+01	4.710038474744261094e+01
-4.12	-2.793507453760581072e+01	4.703337330940512118e+01
-4.10	-2.774592316436645945e+01	4.674649656428069022e+01
-4.08	-2.767105044606163133e+01	4.666308243635663189e+01
-4.06	-2.761099317472254100e+01	4.660251226495550014e+01
-4.04	-2.741674891469279984e+01	4.629109316185868295e+01
-4.02	-2.735304268029245023e+01	4.621414136199827283e+01
-4.00	-2.712405343305670158e+01	4.582889420571589767e+01
-3.98	-2.673168794565150108e+01	4.514098937474884110e+01
-3.96	-2.669016364905596106e+01	4.509439858076478913e+01
-3.94	-2.660095411477653116e+01	4.495815346242456911e+01
-3.92	-2.657697200855492170e+01	4.493864134369579233e+01
-3.90	-2.652090887141783071e+01	4.485634122743569208e+01
-3.88	-2.650268014184564080e+01	4.483985582302035056e+01
-3.86	-2.648894945259855049e+01	4.482695614890967306e+01
-3.84	-2.646269982613193150e+01	4.478361783346451119e+01
-3.82	-2.645999225461896032e+01	4.477630805807900316e+01
-3.80	-2.646662273686647993e+01	4.477738098750258899e+01
-3.78	-2.656783277128398879e+01	4.494064102789185711e+01
-3.76	-2.659942316258898032e+01	4.496154327286451746e+01
-3.74	-2.667200426195206120e+01	4.504316709010615227e+01
-3.72	-2.671903300853517038e+01	4.506088587795233735e+01
-3.70	-2.677907800139778871e+01	4.508407521727306744e+01
-3.68	-2.687878825411124950e+01	4.516092775914380297e+01
-3.66	-2.695627253976228133e+01	4.517859534419787337e+01
-3.64	-2.708198424471564891e+01	4.526791593208667308e+01
-3.62	-2.718017245588034925e+01	4.529139250483540025e+01
-3.60	-2.733934852883423972e+01	4.541238951361015808e+01
-3.58	-2.761206496842838831e+01	4.572683864445396296e+01
-3.56	-2.773185862652787037e+01	4.575920006362301962e+01
-3.54	-2.790731438548796106e+01	4.588939365067584220e+01
-3.52	-2.802440576092401159e+01	4.591880419161093840e+01
-3.50	-2.814044287618972007e+01	4.595801976288751689e+01
-3.48	-2.830939295938080136e+01	4.610493286069665686e+01
-3.46	-2.840358920472584003e+01	4.614115322679121789e+01
-3.44	-2.858390429533043076e+01	4.635057757654769972e+01
-3.42	-2.866019124740923019e+01	4.640704558194588714e+01
-3.40	-2.889663430548170098e+01	4.677611364109041148e+01
-3.38	-2.963139914354139037e+01	4.799048340715378913e+01
-3.36	-2.972688478615103946e+01	4.812954699237280920e+01
-3.34	-3.003509787766019912e+01	4.863206256278100170e+01
-3.32	-3.010968996948045984e+01	4.873633938244053354e+01
-3.30	-3.020451888740164037e+01	4.887735387456476133e+01
-3.28	-3.051782503616633946e+01	4.936694557021959895e+01
-3.26	-3.061240380960870056e+01	4.948463725796685253e+01
-3.24	-3.100316529537181864e+01	5.009199746457399982e+01
-3.22	-3.112697529607735092e+01	5.024880612904730270e+01
-3.20	-3.166699474684820004e+01	5.112149114638059899e+01
-3.18	-3.291494178341991983e+01	5.315428526632022255e+01
-3.16	-3.306229927599350304e+01	5.333632760776522730e+01
-3.14	-3.345863051970790281e+01	5.393218389201054919e+01
-3.12	-3.356529673835459704e+01	5.403886460725711771e+01
-3.10	-3.369556541275657935e+01	5.418918036251974257e+01
-3.08	-3.401623719989706984e+01	5.465069374200972874e+01
-3.06	-3.412744854402507144e+01	5.475868921829479774e+01
-3.04	-3.446016190730676954e+01	5.523629545283520770e+01
-3.02	-3.459015701817801158e+01	5.536673114683849661e+01
-3.00	-3.528717080464186751e+01	5.644039424340157751e+01
-2.98	-3.550572176695172288e+01	5.670658155538283296e+01
-2.96	-3.560455759425327216e+01	5.673847602350120667e+01
-2.94	-3.576193887924426917e+01	5.684529022766061246e+01
-2.92	-3.587872892309478345e+01	5.685618830739843332e+01
-2.90	-3.603104222276355983e+01	5.689049038999152685e+01
-2.88	-3.619213780531156743e+01	5.688939710192484256e+01
-2.86	-3.639926628489193661e+01	5.689154080403230296e+01
-2.84	-3.665434467253329132e+01	5.684826716450920259e+01
-2.82	-3.708591279343063718e+01	5.683413240429594282e+01
-2.80	-3.791842477692829760e+01	5.667746534776171785e+01
-2.78	-3.779684886685640066e+01	5.600247206570171699e+01
-2.76	-3.577392984205147286e+01	5.592231310484908136e+01
-2.74	-3.518128590822543345e+01	5.562395483524574047e+01
-2.72	-3.515093427470500842e+01	5.555772627479880299e+01
-2.70	-3.497840778572250287e+01	5.526987012506226904e+01
-2.68	-3.490551972323068242e+01	5.517700384764859223e+01
-2.66	-3.483345825182117039e+01	5.511134683421102665e+01
-2.64	-3.455385006325953867e+01	5.473447410032736116e+01
-2.62	-3.444175087051784345e+01	5.463788623154962920e+01
-2.60	-3.403053053698106822e+01	5.407678210097306248e+01
-2.58	-3.307289202844572884e+01	5.265006501724455745e+01
-2.56	-3.292157209347802649e+01	5.251256520512051651e+01
-2.54	-3.256041431661068231e+01	5.204102794719283764e+01
-2.52	-3.243533999164733217e+01	5.194592993023468352e+01
-2.50	-3.211939243671916699e+01	5.153911906988022196e+01
-2.48	-3.198521413404748870e+01	5.141679268034930317e+01
-2.46	-3.187673579355774933e+01	5.132851268710585657e+01
-2.44	-3.154000509336195890e+01	5.086587669494313246e+01
-2.42	-3.141820836681310070e+01	5.074979043923990218e+01
-2.40	-3.098641365712914109e+01	5.014321574794421110e+01
-2.38	-3.015139375192553928e+01	4.889530748314726338e+01
-2.36	-3.001714485453832992e+01	4.879312517342940225e+01
-2.34	-2.975003211352541044e+01	4.846435145167716030e+01
-2.32	-2.967099719780577871e+01	4.840813492135966101e+01
-2.30	-2.960816673327023096e+01	4.832815158636852715e+01
-2.28	-2.947694616957927138e+01	4.808514570590516257e+01
-2.26	-2.949074589487992881e+01	4.802937669392092346e+01
-2.24	-2.941086575584516893e+01	4.778148290075547777e+01
-2.22	-2.946511665502552901e+01	4.772144242975564765e+01
-2.20	-2.939639327002097957e+01	4.743850370950649875e+01
-2.18	-2.921127449462908032e+01	4.695255546814608749e+01
-2.16	-2.931147967076469030e+01	4.691658704381816847e+01
-2.14	-2.936798590057950875e+01	4.680445740300314128e+01
-2.12	-2.948332976866927879e+01	4.678475028718739281e+01
-2.10	-2.955660120646793843e+01	4.669996534161249713e+01
-2.08	-2.966508694349274933e+01	4.667659451807857351e+01
-2.06	-2.977204413439969954e+01	4.665965827698281032e+01
-2.04	-2.982858063976583907e+01	4.657521187953351927e+01
-2.02	-2.991478810850320968e+01	4.655210276397536262e+01
-2.00	-2.982822666311324866e+01	4.633585336971310653e+01
-1.98	-2.957535147807093878e+01	4.590504484189354883e+01
-1.96	-2.932859934262208057e+01	4.553327614130088818e+01
-1.94	-2.904090487912323937e+01	4.513822684938669738e+01
-1.92	-2.875967118848786086e+01	4.477225345242973020e+01
-1.90	-2.846624152096451965e+01	4.440418878582182316e+01
-1.88	-2.816321122145658862e+01	4.403409557091632109e+01
-1.86	-2.785835330893596051e+01	4.367062590961010926e+01
-1.84	-2.755688980113636077e+01	4.331954413398393200e+01
-1.82	-2.725032019007430151e+01	4.296476236065259968e+01
-1.80	-2.706187853644627950e+01	4.279870443576265870e+01
-1.78	-2.684951154499741932e+01	4.259502491497170240e+01
-1.76	-2.655908260314026847e+01	4.226508876525314662e+01
-1.74	-2.634206616528934930e+01	4.204869805024141272e+01
-1.72	-2.605286078166416175e+01	4.171215664257262290e+01
-1.70	-2.577451975882156887e+01	4.138669308757120291e+01
-1.68	-2.556763573197461170e+01	4.116996073432991210e+01
-1.66	-2.529200279459595890e+01	4.083578534430822771e+01
-1.64	-2.511724471470342124e+01	4.065854906907812705e+01
-1.62	-2.485613713552292126e+01	4.033506924639868174e+01
-1.60	-2.474264602854952955e+01	4.024588724324416944e+01
-1.58	-2.487507769087308063e+01	4.055431581290159215e+01
-1.56	-2.462088978464538869e+01	4.022831637321211673e+01
-1.54	-2.445349170599936883e+01	4.004073746781360654e+01
-1.52	-2.418653479657679028e+01	3.968737336677676808e+01
-1.50	-2.399232543387531891e+01	3.945208774072816738e+01
-1.48	-2.372828020016845940e+01	3.910125967014595716e+01
-1.46	-2.345773392882925990e+01	3.873952208500268313e+01
-1.44	-2.325479848106011005e+01	3.849042654239701733e+01
-1.42	-2.298352550217126122e+01	3.812976252714756242e+01
-1.40	-2.278008875246062104e+01	3.788407976625180140e+01
-1.38	-2.258776594425158990e+01	3.765942932989508307e+01
-1.36	-2.229122866147627846e+01	3.726342546404511324e+01
-1.34	-2.199260813494231925e+01	3.686614465245217787e+01
-1.32	-2.168893806403482927e+01	3.646242562287517330e+01
-1.30	-2.137842903671264949e+01	3.604872450233378345e+01
-1.28	-2.107113973637934023e+01	3.564150408266691272e+01
-1.26	-2.076476439007364050e+01	3.523643496449353307e+01
-1.24	-2.044390279290117007e+01	3.480669325820070270e+01
-1.22	-2.013549036853337881e+01	3.439721098527545706e+01
-1.20	-1.978068667537661085e+01	3.390637553955507144e+01
-1.18	-1.947556601271325150e+01	3.349849217095947296e+01
-1.16	-1.917935515851472061e+01	3.310302679724524211e+01
-1.14	-1.889377971680184842e+01	3.272237942125607901e+01
-1.12	-1.860391864725687938e+01	3.233016479651355723e+01
-1.10	-1.831750000129015987e+01	3.193942994259581880e+01
-1.08	-1.805217632714476039e+01	3.158096541077766872e+01
-1.06	-1.777213305780207975e+01	3.119131544358922881e+01
-1.04	-1.752867300814019913e+01	3.086089391253640102e+01
-1.02	-1.726160545604687968e+01	3.048384914115154132e+01
-1.00	-1.718438896084584044e+01	3.043843967733900158e+01
-0.98	-1.701442461276840135e+01	3.022477701432751829e+01
-0.96	-1.675565139287915883e+01	2.984864873544242059e+01
-0.94	-1.656024556460964092e+01	2.958137922605613923e+01
-0.92	-1.629935583295582902e+01	2.919294198872864143e+01
-0.90	-1.609235424277007098e+01	2.889752440889946072e+01
-0.88	-1.583671444826416064e+01	2.851109505782833153e+01
-0.86	-1.557772496657208983e+01	2.811550033667770876e+01
-0.84	-1.537354913884949958e+01	2.781640647553155077e+01
-0.82	-1.511996600357815979e+01	2.742521140760312903e+01
-0.80	-1.499985917946457015e+01	2.727485861605336837e+01
-0.78	-1.475828360938817063e+01	2.690175557347335911e+01
-0.76	-1.448702534971955913e+01	2.647246462387160904e+01
-0.74	-1.422168217789599076e+01	2.605195188802811046e+01
-0.72	-1.394920585533276913e+01	2.561638582172131962e+01
-0.70	-1.367820371601549923e+01	2.518177027228367137e+01
-0.68	-1.340188148670391932e+01	2.473542811725614854e+01
-0.66	-1.313127953682283966e+01	2.429768502099495109e+01
-0.64	-1.284769145772776078e+01	2.383384111410910933e+01
-0.62	-1.257698194635480959e+01	2.339200428281879951e+01
-0.60	-1.227961707377767020e+01	2.289834085595748903e+01
-0.58	-1.191840276240307972e+01	2.228254946159421124e+01
-0.56	-1.165123082756466921e+01	2.184041184619691123e+01
-0.54	-1.136317261831159975e+01	2.135679805891063054e+01
-0.52	-1.110374681727700086e+01	2.092484320478276061e+01
-0.50	-1.084317466279046016e+01	2.048844513723384964e+01
-0.48	-1.056916318608693039e+01	2.002418846471946878e+01
-0.46	-1.031478938928846922e+01	1.959492388210620106e+01
-0.44	-1.004379928282797962e+01	1.913162004149080886e+01
-0.42	-9.791970626960100788e+00	1.870251701974821046e+01
-0.40	-9.486409373664372424e+00	1.816790087852579916e+01
-0.38	-9.222149181926694084e+00	1.770989444412258962e+01
-0.36	-8.981062598385506135e+00	1.729410040473920063e+01
-0.34	-8.728125242008841767e+00	1.685307843725455967e+01
-0.32	-8.491973666044335900e+00	1.644219130389008043e+01
-0.30	-8.255695916584732785e+00	1.602875565977912942e+01
-0.28	-8.011861658739805492e+00	1.559823561278967041e+01
-0.26	-7.780533256154384958e+00	1.518978071900533955e+01
-0.24	-7.538472980438275961e+00	1.475791735013896933e+01
-0.22	-7.309689558807740184e+00	1.434971886000604080e+01
-0.20	-7.035481780033824961e+00	1.384944583330019086e+01
-0.18	-6.796232117973625364e+00	1.341554772629134007e+01
-0.16	-6.580455593414725080e+00	1.302577994001311978e+01
-0.14	-6.355932342876329244e+00	1.261633739234565077e+01
-0.12	-6.146472158505916994e+00	1.223461980601878984e+01
-0.10	-5.931412400546918207e+00	1.183945545098115026e+01
-0.08	-5.726887464239569070e+00	1.146315414697517987e+01
-0.06	-5.523798478541449342e+00	1.108755182875185952e+01
-0.04	-5.318276233232738015e+00	1.071548917226547992e+01
-0.02	-5.114002178489682748e+00	1.036756136340897960e+01
-0.00	-4.918126069073709417e+00	1.000000000000001066e+01
