-24.00	-2.171430574230344135e+01	5.000000000000000000e+01
-23.00	-2.200001053375829940e+01	5.000260958250090226e+01
-22.00	-2.235842766238675949e+01	4.997952786726924046e+01
-21.00	-2.276317464419749825e+01	5.003537117897717934e+01
-20.00	-2.303240752330739127e+01	4.969096394089360302e+01
-19.00	-2.396098476226658036e+01	5.087035685075871783e+01
-18.00	-2.385672474107553143e+01	4.954721310383430222e+01
-17.00	-2.533707227674304008e+01	5.177859856140550221e+01
-16.98	-2.540578683167152008e+01	5.190520139375433217e+01
-16.96	-2.542602503263658065e+01	5.193585587121408764e+01
-16.94	-2.547479846144133120e+01	5.202363025718373990e+01
-16.92	-2.549163823842841126e+01	5.204970224824018743e+01
-16.90	-2.552933232142044062e+01	5.212252541992125998e+01
-16.88	-2.554417085582554847e+01	5.215226513625921712e+01
-16.86	-2.555500103987942850e+01	5.217727876538709353e+01
-16.84	-2.558974667531105140e+01	5.225390795226690699e+01
-16.82	-2.560080341505431889e+01	5.228429879870625996e+01
-16.80	-2.567940430710766009e+01	5.245430228854076660e+01
-16.78	-2.569947958254639886e+01	5.250539926098790744e+01
-16.76	-2.570283997805859855e+01	5.252227308513234050e+01
-16.74	-2.570842834010036171e+01	5.254279702352719283e+01
-16.72	-2.571065822178110949e+01	5.255465638157731689e+01
-16.70	-2.570902255610798903e+01	5.255621078476755770e+01
-16.68	-2.571115881417609117e+01	5.256184443312176313e+01
-16.66	-2.571692505589069100e+01	5.257090619232518236e+01
-16.64	-2.570340966632018009e+01	5.253571307628175902e+01
-16.62	-2.570961780247603912e+01	5.253538894147025218e+01
-16.60	-2.566727240940112154e+01	5.242978464658784787e+01
-16.58	-2.544768299436525893e+01	5.195597480510880928e+01
-16.56	-2.543922116049487059e+01	5.190696844214733119e+01
-16.54	-2.535519311463220049e+01	5.169714177093273122e+01
-16.52	-2.535895814417257910e+01	5.165997610226887105e+01
-16.50	-2.535817305155374868e+01	5.160658901359224160e+01
-16.48	-2.528146014216375903e+01	5.139239790718357881e+01
-16.46	-2.529060708107337163e+01	5.134682547289379784e+01
-16.44	-2.519081702615939022e+01	5.107418175564337304e+01
-16.42	-2.519532463405814937e+01	5.100794182871639748e+01
-16.40	-2.503744424952533976e+01	5.060844969773013702e+01
-16.38	-2.462431472263982002e+01	4.968964531272399654e+01
-16.36	-2.462700757404097018e+01	4.960845594736584019e+01
-16.34	-2.454246832289332048e+01	4.934835362735486797e+01
-16.32	-2.456290174211908095e+01	4.929693844640665645e+01
-16.30	-2.450889299539397825e+01	4.909374042519409187e+01
-16.28	-2.452719421447100956e+01	4.903380404162818706e+01
-16.26	-2.455340376810652003e+01	4.898789209437337178e+01
-16.24	-2.450551595834135910e+01	4.879297519431810315e+01
-16.22	-2.452789895863249825e+01	4.873725257580390746e+01
-16.20	-2.439340961614200864e+01	4.836918208960224064e+01
-16.18	-2.440982946773135964e+01	4.830044962719085078e+01
-16.16	-2.445511018020289029e+01	4.828799960708438022e+01
-16.14	-2.449784253145677937e+01	4.826948262144689039e+01
-16.12	-2.454696851856495954e+01	4.826244236582105174e+01
-16.10	-2.459639903021528085e+01	4.825482590618314305e+01
-16.08	-2.465347552658057850e+01	4.826064099849080691e+01
-16.06	-2.470599198496379856e+01	4.825596228311548685e+01
-16.04	-2.477245975244719034e+01	4.827670381529487287e+01
-16.02	-2.482916471895851984e+01	4.827632414672490313e+01
-16.00	-2.490812691419413127e+01	4.831703210676675297e+01
-15.98	-2.500706562169522940e+01	4.839405565427269096e+01
-15.96	-2.506521715958325913e+01	4.838950758096807192e+01
-15.94	-2.512519518420126019e+01	4.838623762354558266e+01
-15.92	-2.518323095670855949e+01	4.837704786956157221e+01
-15.90	-2.524253143461378102e+01	4.836812209269996998e+01
-15.88	-2.529734222879795880e+01	4.834880019880022672e+01
-15.86	-2.535720638975911001e+01	4.833760865031619147e+01
-15.84	-2.540592507295547975e+01	4.830398671766654672e+01
-15.82	-2.546352029121661076e+01	4.828654010294746257e+01
-15.80	-2.545617987684731887e+01	4.814585440007177652e+01
-15.78	-2.548583073648045882e+01	4.807581361307307333e+01
-15.76	-2.554175250894833127e+01	4.805622571676227750e+01
-15.74	-2.558233592703700054e+01	4.800905878326838661e+01
-15.72	-2.563881909807802018e+01	4.799361254772799867e+01
-15.70	-2.569262752455773935e+01	4.797544006359787261e+01
-15.68	-2.573830330286331858e+01	4.794481525755998774e+01
-15.66	-2.579082057812791007e+01	4.793031195676707767e+01
-15.64	-2.583847235715271040e+01	4.791031729518739724e+01
-15.62	-2.588847896536039883e+01	4.789862599683098665e+01
-15.60	-2.594513619773774948e+01	4.790367820351057304e+01
-15.58	-2.607602752434794979e+01	4.804994223062080749e+01
-15.56	-2.613265544653416939e+01	4.806368796911841201e+01
-15.54	-2.622297769774893084e+01	4.814418528886930204e+01
-15.52	-2.627382919027152042e+01	4.815700708279903353e+01
-15.50	-2.636169591806811141e+01	4.824243564512961768e+01
-15.48	-2.641311911242701171e+01	4.826651087439795873e+01
-15.46	-2.645656264561511151e+01	4.828083969245064822e+01
-15.44	-2.655893730304589084e+01	4.840795831986061160e+01
-15.42	-2.660403924571982870e+01	4.843584238205946235e+01
-15.40	-2.674519366305456103e+01	4.864385809142616779e+01
-15.38	-2.709407028196406131e+01	4.923464036692563894e+01
-15.36	-2.714714029569266884e+01	4.929276897812462011e+01
-15.34	-2.728234220760385043e+01	4.950567671739798215e+01
-15.32	-2.731950048988700885e+01	4.954625630532898128e+01
-15.30	-2.736188767610007133e+01	4.960269152671933313e+01
-15.28	-2.747913324659824141e+01	4.980090859755601684e+01
-15.26	-2.750913615120100175e+01	4.984735257214123294e+01
-15.24	-2.764191294942062171e+01	5.008674956176019322e+01
-15.22	-2.767861921829581107e+01	5.015857063094548352e+01
-15.20	-2.809643635930105887e+01	5.092816767593868121e+01
-15.18	-2.826112854801375107e+01	5.124612725661624779e+01
-15.16	-2.828060264727564999e+01	5.130688420975251773e+01
-15.14	-2.838294177432538845e+01	5.152476786063932224e+01
-15.12	-2.838767858014492873e+01	5.157170547992892295e+01
-15.10	-2.845848531581448881e+01	5.174456339937042770e+01
-15.08	-2.846117282767652057e+01	5.179884992612794292e+01
-15.06	-2.845468828832257913e+01	5.184135158790103759e+01
-15.04	-2.851463692793295834e+01	5.200920518651184210e+01
-15.02	-2.850678864534114965e+01	5.205696680079930871e+01
-15.00	-2.856667539746867845e+01	5.223165966773321145e+01
-14.98	-2.862354494518517001e+01	5.240324893560344321e+01
-14.96	-2.859172140258272066e+01	5.241406324095922997e+01
-14.94	-2.854852251426212106e+01	5.240487211824343916e+01
-14.92	-2.851079825261772172e+01	5.240600711168023196e+01
-14.90	-2.845430104832173868e+01	5.237247308390040956e+01
-14.88	-2.841180318389222137e+01	5.236413664821409242e+01
-14.86	-2.837306811663579964e+01	5.236205702472194190e+01
-14.84	-2.829418248718726048e+01	5.228484247138079866e+01
-14.82	-2.824717863787853034e+01	5.226554206567666938e+01
-14.80	-2.800500799990134837e+01	5.188349477004638288e+01
-14.78	-2.787094028025795112e+01	5.170039426755371892e+01
-14.76	-2.782066692407082087e+01	5.167191779649409256e+01
-14.74	-2.771426272633678067e+01	5.153841674341604318e+01
-14.72	-2.766936413810859108e+01	5.151878491326475284e+01
-14.70	-2.761919339364848014e+01	5.148887229296131807e+01
-14.68	-2.752542622234497927e+01	5.137701816470632110e+01
-14.66	-2.748032708138592994e+01	5.135527582436387206e+01
-14.64	-2.737991779732142916e+01	5.122890005871646224e+01
-14.62	-2.733302945110190052e+01	5.120106631493742810e+01
-14.60	-2.721329433357015049e+01	5.103431442355081771e+01
-14.58	-2.698207936380245897e+01	5.065438314527447261e+01
-14.56	-2.693701691044121915e+01	5.061992730925886264e+01
-14.54	-2.684604865367424864e+01	5.049355120596825941e+01
-14.52	-2.681217893801948904e+01	5.046769303125107342e+01
-14.50	-2.673377815485275022e+01	5.034989810449967251e+01
-14.48	-2.670298034590400960e+01	5.031229167192451257e+01
-14.46	-2.668425839739699867e+01	5.028606450184854282e+01
-14.44	-2.660294011196709008e+01	5.012955380070251721e+01
-14.42	-2.658596707045311902e+01	5.008094763861571153e+01
-14.40	-2.628686877244635056e+01	4.948503259683563016e+01
-14.38	-2.615613849359716880e+01	4.919217745805637776e+01
-14.36	-2.615815154465627046e+01	4.913293424598052894e+01
-14.34	-2.608142729807305926e+01	4.890941417870798347e+01
-14.32	-2.610766918694907091e+01	4.886310657959951698e+01
-14.30	-2.613384499280106965e+01	4.880072110837190280e+01
-14.28	-2.609913782466740173e+01	4.860827192397479735e+01
-14.26	-2.614820110239206130e+01	4.855854212809180837e+01
-14.24	-2.611764193346120067e+01	4.834717385264198697e+01
-14.22	-2.617336715597096841e+01	4.828372125835426232e+01
-14.20	-2.600655455763272883e+01	4.780041888195429323e+01
-14.18	-2.605092318088441061e+01	4.769845095986840278e+01
-14.16	-2.614733684223141097e+01	4.768453729884178927e+01
-14.14	-2.624736150664060830e+01	4.767156326956374812e+01
-14.12	-2.635643870307105985e+01	4.767090734143997821e+01
-14.10	-2.648698841133272097e+01	4.770649859060061715e+01
-14.08	-2.660684610549563089e+01	4.772173401646455915e+01
-14.06	-2.672135510612080012e+01	4.772780699060152898e+01
-14.04	-2.689917831663651171e+01	4.784835513842784138e+01
-14.02	-2.702364617156186100e+01	4.787613683465880143e+01
-14.00	-2.728070247422891015e+01	4.814152442569371715e+01
-13.98	-2.791476617480401146e+01	4.907293677733795789e+01
-13.96	-2.807606271925228114e+01	4.917282143577433118e+01
-13.94	-2.838728415333277866e+01	4.953920726368507133e+01
-13.92	-2.852788259921662117e+01	4.961115825859466355e+01
-13.90	-2.868156072107721144e+01	4.971024722821690744e+01
-13.88	-2.897401976120837119e+01	5.005359102354498191e+01
-13.86	-2.911309546845949825e+01	5.013512737661532981e+01
-13.84	-2.944143922729385920e+01	5.054566306096045736e+01
-13.82	-2.960094661856544107e+01	5.066830045910346314e+01
-13.80	-3.042727621569822105e+01	5.193364716042564311e+01
-13.78	-3.080562377833524934e+01	5.243158393082636337e+01
-13.76	-3.094550228165165962e+01	5.252469608271314172e+01
-13.74	-3.122482297751589897e+01	5.285643163713290704e+01
-13.72	-3.134680007531628831e+01	5.292291562653620218e+01
-13.70	-3.148139339900842160e+01	5.301276513158550330e+01
-13.68	-3.170968583029900856e+01	5.326210565359009763e+01
-13.66	-3.182893885842904069e+01	5.332916337123256767e+01
-13.64	-3.205536167440011752e+01	5.357719996818533303e+01
-13.62	-3.217501982412473893e+01	5.364760861887155130e+01
-13.60	-3.240755172159226305e+01	5.390712214116784651e+01
-13.58	-3.264732896364675696e+01	5.417869766127127207e+01
-13.56	-3.273391047072753679e+01	5.419607106363657323e+01
-13.54	-3.280369262397275065e+01	5.418624025094929664e+01
-13.52	-3.287986709185773293e+01	5.418737125338383720e+01
-13.50	-3.292311587966465680e+01	5.413414924943989348e+01
-13.48	-3.298922229383107663e+01	5.411815143362208147e+01
-13.46	-3.306260961348022676e+01	5.411318523231547317e+01
-13.44	-3.305450922149142912e+01	5.397363007141113656e+01
-13.42	-3.310770181886037733e+01	5.393304452076935718e+01
-13.40	-3.267247455488355712e+01	5.309575480093339905e+01
-13.38	-3.244268512793968284e+01	5.259429650238151055e+01
-13.36	-3.246074857300835959e+01	5.249603456032149751e+01
-13.34	-3.227498577520871237e+01	5.206848015396926854e+01
-13.32	-3.230157843385079275e+01	5.198628482082600044e+01
-13.30	-3.230675753688390728e+01	5.187197475925535173e+01
-13.28	-3.211838575483071168e+01	5.145084406379272224e+01
-13.26	-3.212872962040628266e+01	5.135438961004542335e+01
-13.24	-3.186544550550192056e+01	5.082641438666225753e+01
-13.22	-3.184386101105656053e+01	5.069245775058971759e+01
-13.20	-3.141663079430733063e+01	4.991971346971445200e+01
-13.18	-3.029635197407574054e+01	4.805545519448490666e+01
-13.16	-3.022603233773781994e+01	4.787551944255736203e+01
-13.14	-2.989192867403134102e+01	4.728823555006604096e+01
-13.12	-2.984183651971311946e+01	4.716311808719115817e+01
-13.10	-2.955163470747065091e+01	4.666836977537158049e+01
-13.08	-2.946805052231140110e+01	4.651260034737084936e+01
-13.06	-2.940272269087227031e+01	4.639555546954178311e+01
-13.04	-2.906174591125008888e+01	4.585396795032306017e+01
-13.02	-2.896260041624492132e+01	4.570700621765787730e+01
-13.00	-2.852342443549365925e+01	4.503236074554836676e+01
-12.98	-2.771773956624501878e+01	4.379143731636524706e+01
-12.96	-2.761406439195679141e+01	4.367754769571656226e+01
-12.94	-2.738461440631963129e+01	4.337836238624038998e+01
-12.92	-2.729229336254392990e+01	4.331077211957632755e+01
-12.90	-2.717855036452408157e+01	4.322333429728553256e+01
-12.88	-2.698888751742385850e+01	4.302583743653762127e+01
-12.86	-2.687611284911599085e+01	4.296159169677589063e+01
-12.84	-2.669498358107203018e+01	4.279551139852357267e+01
-12.82	-2.657828079113009068e+01	4.273876325683747268e+01
-12.80	-2.645435089537334861e+01	4.267467430630195224e+01
-12.78	-2.645144032106525955e+01	4.280973012803526956e+01
-12.76	-2.637675991921075891e+01	4.283059452892050700e+01
-12.74	-2.639629637339288948e+01	4.300671643588985660e+01
-12.72	-2.632422091723115898e+01	4.303431880453027958e+01
-12.70	-2.636157380290655894e+01	4.324179280987966223e+01
-12.68	-2.630870983579968936e+01	4.330126136800394221e+01
-12.66	-2.624038586165595177e+01	4.333470482690830750e+01
-12.64	-2.635604128241459065e+01	4.367302804357377255e+01
-12.62	-2.631227912214918163e+01	4.374618958738678742e+01
-12.60	-2.657641945815679918e+01	4.433279312397250749e+01
-12.58	-2.754199435154059827e+01	4.609768965207725699e+01
-12.56	-2.755777935313297888e+01	4.627151646259890327e+01
-12.54	-2.785663015254687025e+01	4.691982532529006278e+01
-12.52	-2.785012349752825145e+01	4.704945005858731832e+01
-12.50	-2.811749035352583093e+01	4.763831295670085098e+01
-12.48	-2.814724465813499066e+01	4.781748275635340661e+01
-12.46	-2.815076913791526891e+01	4.794375112399178107e+01
-12.44	-2.850598567408193063e+01	4.866140861798899664e+01
-12.42	-2.857000523181046958e+01	4.887022715767695757e+01
-12.40	-2.982750916826288901e+01	5.111747799547647730e+01
-12.38	-3.029903130637035957e+01	5.200420559988447877e+01
-12.36	-3.035567557559025076e+01	5.216217288655209927e+01
-12.34	-3.067163112752458076e+01	5.275126194704925808e+01
-12.32	-3.071876515723705126e+01	5.286113585687257199e+01
-12.30	-3.080037655672494878e+01	5.301318320960037767e+01
-12.28	-3.105752955358838108e+01	5.345405897491143321e+01
-12.26	-3.113190617008078931e+01	5.356484224171079234e+01
-12.24	-3.140467250113344022e+01	5.400581714605510797e+01
-12.22	-3.149550469445158996e+01	5.412310755364435977e+01
-12.20	-3.179750504699239144e+01	5.459626349929620659e+01
-12.18	-3.219423883001738318e+01	5.522681522421319045e+01
-12.16	-3.225428829427624322e+01	5.527603958607473800e+01
-12.14	-3.233991552985590801e+01	5.536930245410400175e+01
-12.12	-3.238471604105524904e+01	5.539511843852869077e+01
-12.10	-3.244008292348477340e+01	5.544282850947742247e+01
-12.08	-3.247732755926203652e+01	5.546411565031513646e+01
-12.06	-3.251236419797847788e+01	5.548545111669135821e+01
-12.04	-3.254294134474672262e+01	5.550095812093549341e+01
-12.02	-3.257474359466485936e+01	5.551604214407974069e+01
-12.00	-3.256056997106895778e+01	5.546863033797303189e+01
-11.98	-3.257770134482669278e+01	5.545474867467981284e+01
-11.96	-3.261974886144736274e+01	5.545498612429724261e+01
-11.94	-3.268101687691000734e+01	5.546072607035701196e+01
-11.92	-3.276327110634137085e+01	5.546392477056858183e+01
-11.90	-3.286837964745694052e+01	5.547996898355570750e+01
-11.88	-3.296776598742457765e+01	5.548660230080046318e+01
-11.86	-3.305176227510302311e+01	5.549092837504311859e+01
-11.84	-3.313890657554829033e+01	5.552241099600637142e+01
-11.82	-3.321075641827204095e+01	5.553165280055927155e+01
-11.80	-3.334295475385845009e+01	5.562776928519313913e+01
-11.78	-3.344004897400279219e+01	5.563205911117383806e+01
-11.76	-3.355641183960347718e+01	5.562622211094249280e+01
-11.74	-3.368663198798962100e+01	5.559643460999202347e+01
-11.72	-3.385745337802283927e+01	5.558437801585983351e+01
-11.70	-3.403468649130702772e+01	5.553045593931710044e+01
-11.68	-3.425838565053773266e+01	5.550684702748741017e+01
-11.66	-3.451700411396554102e+01	5.549112314669550727e+01
-11.64	-3.474062525103472865e+01	5.537854497460985925e+01
-11.62	-3.503116899647918103e+01	5.533788388425878679e+01
-11.60	-3.497390331833850752e+01	5.472223900395972152e+01
-11.58	-3.508042703697479681e+01	5.435138036485491853e+01
-11.56	-3.537930998666254112e+01	5.427343658754958255e+01
-11.54	-3.552152712323952244e+01	5.396096625300747718e+01
-11.52	-3.580932854822776790e+01	5.389201253177275674e+01
-11.50	-3.592872981632814344e+01	5.359842626909942709e+01
-11.48	-3.616531459555368855e+01	5.350401471157873345e+01
-11.46	-3.645063971469500785e+01	5.343664372862819789e+01
-11.44	-3.679080175847074941e+01	5.306544727583955279e+01
-11.42	-3.785023890204581676e+01	5.295208290660180950e+01
-11.40	-3.737312458389415326e+01	5.167053166973315825e+01
-11.38	-3.696643632181226025e+01	5.108368123693828267e+01
-11.36	-3.735940045471343751e+01	5.097185202100767043e+01
-11.34	-3.597560955427302787e+01	5.053024255123151676e+01
-11.32	-3.405540383727392850e+01	5.043849191371450758e+01
-11.30	-3.279767294854524806e+01	5.005077502980331872e+01
-11.28	-3.198306608088993030e+01	4.993097864974259181e+01
-11.26	-3.135910426484436897e+01	4.984458036836046091e+01
-11.24	-3.068059599695946105e+01	4.938560042719451815e+01
-11.22	-3.025106391018339025e+01	4.924876534868157307e+01
-11.20	-2.926315660792353057e+01	4.777596099167811161e+01
-11.18	-2.874446323439849138e+01	4.714631707963999219e+01
-11.16	-2.852577136139204939e+01	4.703120835294914315e+01
-11.14	-2.819988045746413974e+01	4.658353357312059018e+01
-11.12	-2.809244642871409070e+01	4.649481948332383041e+01
-11.10	-2.789445294528913877e+01	4.612387961947474224e+01
-11.08	-2.786473188255968836e+01	4.601469621572113766e+01
-11.06	-2.789042470104785920e+01	4.593467770191568889e+01
-11.04	-2.779998348687349008e+01	4.553810814741120794e+01
-11.02	-2.788708242120684133e+01	4.542625690893842005e+01
-11.00	-2.755677604446086093e+01	4.441173904163476038e+01
-10.98	-2.760980959034025872e+01	4.409928159677497206e+01
-10.96	-2.783027732966217016e+01	4.405356612135077654e+01
-10.94	-2.802741772062934089e+01	4.388832485235801073e+01
-10.92	-2.834758522884276033e+01	4.386290853642906740e+01
-10.90	-2.870887078107825019e+01	4.376460883096621046e+01
-10.88	-2.927136764949283076e+01	4.374348418381077863e+01
-10.86	-3.034343823114727101e+01	4.372598385671710020e+01
-10.84	-3.151021558913166132e+01	4.367750336433317671e+01
-10.82	-2.880258916080898857e+01	4.366765873308830237e+01
-10.80	-2.817158121786076919e+01	4.367796822686160851e+01
-10.78	-2.810757367091740022e+01	4.392215386266161659e+01
-10.76	-2.790533778664472919e+01	4.395429696788846741e+01
-10.74	-2.775762544476575044e+01	4.407735506488781851e+01
-10.72	-2.755342277169222953e+01	4.410193303804646092e+01
-10.70	-2.736561502560356018e+01	4.413553997775157711e+01
-10.68	-2.724270197077083111e+01	4.425395009232153143e+01
-10.66	-2.707742288855633106e+01	4.428140136650799974e+01
-10.64	-2.699693330102478939e+01	4.442372661147503976e+01
-10.62	-2.686831368576692824e+01	4.445920635633049756e+01
-10.60	-2.685052599906203952e+01	4.465418312878672680e+01
-10.58	-2.699100632976652037e+01	4.508639985245085313e+01
-10.56	-2.691372456759609832e+01	4.512428409676189744e+01
-10.54	-2.690836806559672922e+01	4.525312847042778230e+01
-10.52	-2.685900757499749858e+01	4.527638070255717651e+01
-10.50	-2.683467962238741933e+01	4.530921106161280676e+01
-10.48	-2.687330174758486123e+01	4.541939189065590909e+01
-10.46	-2.688188143013054088e+01	4.544454069082674863e+01
-10.44	-2.697017737268187076e+01	4.557443282047621125e+01
-10.42	-2.701898737272843931e+01	4.560680060855244733e+01
-10.40	-2.717671497734149000e+01	4.579295247382044209e+01
-10.38	-2.753208109860335995e+01	4.628258594289857797e+01
-10.36	-2.764527117936652090e+01	4.633257951578055867e+01
-10.34	-2.785305351043889033e+01	4.651215602334917776e+01
-10.32	-2.799303289379644966e+01	4.654767361669289727e+01
-10.30	-2.815728900436166171e+01	4.659639605488236924e+01
-10.28	-2.841575247154544925e+01	4.676856196830016899e+01
-10.26	-2.861910590195864046e+01	4.680888554039277949e+01
-10.24	-2.897477436306654042e+01	4.702612733646043353e+01
-10.22	-2.935269123712867056e+01	4.708142417815612646e+01
-10.20	-3.026508885352685851e+01	4.741100956102565078e+01
-10.18	-3.200033720901779333e+01	4.832223967697711231e+01
-10.16	-3.257874733651195953e+01	4.841800897563126682e+01
-10.14	-3.243981662933231291e+01	4.876162120880876216e+01
-10.12	-3.202871737701404697e+01	4.883055838729360687e+01
-10.10	-3.165429772936839115e+01	4.892498259375967962e+01
-10.08	-3.144802232097899974e+01	4.925835018076296734e+01
-10.06	-3.112263697192550893e+01	4.933703248710263978e+01
-10.04	-3.102368564797678019e+01	4.975906895007040731e+01
-10.02	-3.077996962239540935e+01	4.986744207669558904e+01
-10.00	-3.085731746949860010e+01	5.050729936005726017e+01
-9.98	-3.154951621839991915e+01	5.221747192726974163e+01
-9.96	-3.143007143245620938e+01	5.238930155480910145e+01
-9.94	-3.157465008997466072e+01	5.298896531737194238e+01
-9.92	-3.149540097534445948e+01	5.311348075767762822e+01
-9.90	-3.166834108014294102e+01	5.364605499884317652e+01
-9.88	-3.167499355529569982e+01	5.380945133758707755e+01
-9.86	-3.168899256502578865e+01	5.392691798742657738e+01
-9.84	-3.200611089236878115e+01	5.455445842161203274e+01
-9.82	-3.210723438998385149e+01	5.472581610452630230e+01
-9.80	-3.288565213001803755e+01	5.611318242989965910e+01
-9.78	-3.360469845780838938e+01	5.733951136269575954e+01
-9.76	-3.375694570293951813e+01	5.746943256538357048e+01
-9.74	-3.410128272728672272e+01	5.792235899116789710e+01
-9.72	-3.425321804861693664e+01	5.799691578904233324e+01
-9.70	-3.443060434956331051e+01	5.810430674123691830e+01
-9.68	-3.472776256859779664e+01	5.841940580132330041e+01
-9.66	-3.488743697923376175e+01	5.848452518559138014e+01
-9.64	-3.516471664053320723e+01	5.876573119580802285e+01
-9.62	-3.531843222367214707e+01	5.883397723819793157e+01
-9.60	-3.562403377580348973e+01	5.918308473981012696e+01
-9.58	-3.568289610036838866e+01	5.910892278814672096e+01
-9.56	-3.575761422179432714e+01	5.907574886744038167e+01
-9.54	-3.575975278746069819e+01	5.892986599785390922e+01
-9.52	-3.581594037955098031e+01	5.889152033115983897e+01
-9.50	-3.586132467803925294e+01	5.884223456457475976e+01
-9.48	-3.581359581082153198e+01	5.864395757207321935e+01
-9.46	-3.584949384433240738e+01	5.859519747361294151e+01
-9.44	-3.574479964322623715e+01	5.831203770168156808e+01
-9.42	-3.574952419339727783e+01	5.822072131034533271e+01
-9.40	-3.511998888603029911e+01	5.706890338396674167e+01
-9.38	-3.483047237989306666e+01	5.649733302618332687e+01
-9.36	-3.479749422305876294e+01	5.638633221650348304e+01
-9.34	-3.455040093108429744e+01	5.594458921524471151e+01
-9.32	-3.450029728985393263e+01	5.585853363908012170e+01
-9.30	-3.441320191240983206e+01	5.574010334336661288e+01
-9.28	-3.413579492815239291e+01	5.534140326929264120e+01
-9.26	-3.402586846742089222e+01	5.524704780288904971e+01
-9.24	-3.366858223410112316e+01	5.476958788095779340e+01
-9.22	-3.350397383956141084e+01	5.462584376878552206e+01
-9.20	-3.244010395561218729e+01	5.300839678154372336e+01
-9.18	-3.190200797876639882e+01	5.225957132591486953e+01
-9.16	-3.172907278794673047e+01	5.211586400884716852e+01
-9.14	-3.130259781478272885e+01	5.154299843593081221e+01
-9.12	-3.116513950045387915e+01	5.143188064283633310e+01
-9.10	-3.101504826436033113e+01	5.127884605250068972e+01
-9.08	-3.066627020765841038e+01	5.076387296360209689e+01
-9.06	-3.057249484968042097e+01	5.064220812157481788e+01
-9.04	-3.020540887694969001e+01	5.002858343544499320e+01
-9.02	-3.013544588008045011e+01	4.987246588216091681e+01
-9.00	-2.966799393850218891e+01	4.901404335064209761e+01
-8.98	-2.851166109528312020e+01	4.698164852484698173e+01
-8.96	-2.850096815045268173e+01	4.682482010640600834e+01
-8.94	-2.822728921523167145e+01	4.620942280105909816e+01
-8.92	-2.826377670035106959e+01	4.608807442097941731e+01
-8.90	-2.806988481099494948e+01	4.557462467945205731e+01
-8.88	-2.809895891251998989e+01	4.542343619133902877e+01
-8.86	-2.814884629256280135e+01	4.531345402167025327e+01
-8.84	-2.791057222709891050e+01	4.475339513351732279e+01
-8.82	-2.791076136867329893e+01	4.461375733119908205e+01
-8.80	-2.754048575703307833e+01	4.390571855532171952e+01
-8.78	-2.671538791455083128e+01	4.251840402735150093e+01
-8.76	-2.662525139307609123e+01	4.240829271913062115e+01
-8.74	-2.634722484627565109e+01	4.205997464290007315e+01
-8.72	-2.620479825212646929e+01	4.199756730881836830e+01
-8.70	-2.592116906863557091e+01	4.173660154493911278e+01
-8.68	-2.574043869722099132e+01	4.166635994839187163e+01
-8.66	-2.556393339608942128e+01	4.161407121197149195e+01
-8.64	-2.528361214967038961e+01	4.137200646669855786e+01
-8.62	-2.511246216615555937e+01	4.131427083848217308e+01
-8.60	-2.484258744743748082e+01	4.106200203099719204e+01
-8.58	-2.456082286203756126e+01	4.077298133590871032e+01
-8.56	-2.444348726170991171e+01	4.076734790573409839e+01
-8.54	-2.434260597098526091e+01	4.077515472079179659e+01
-8.52	-2.425332473029429892e+01	4.078613490355392202e+01
-8.50	-2.419551889956676050e+01	4.083588572369500014e+01
-8.48	-2.413523831682293874e+01	4.086108299587279902e+01
-8.46	-2.408201953585366084e+01	4.087760434883153238e+01
-8.44	-2.409861839123072969e+01	4.100331076800736696e+01
-8.42	-2.408015484782914939e+01	4.103905730821185216e+01
-8.40	-2.419200715012177128e+01	4.129914944442295877e+01
-8.38	-2.466983114317078929e+01	4.222850720195104657e+01
-8.36	-2.473010537149137988e+01	4.233725745358343318e+01
-8.34	-2.495501845530269946e+01	4.273046126613169804e+01
-8.32	-2.503560989223975852e+01	4.281835893877188681e+01
-8.30	-2.528387732622458017e+01	4.319394210091675745e+01
-8.28	-2.541613171392537041e+01	4.331603354885689328e+01
-8.26	-2.555001662936874851e+01	4.340287682390179924e+01
-8.24	-2.591558065006395140e+01	4.388711001333710726e+01
-8.22	-2.612217065598208166e+01	4.403581526486083675e+01
-8.20	-2.717516825640590028e+01	4.573280562837150853e+01
-8.18	-2.775469462388342023e+01	4.650406954534310700e+01
-8.16	-2.802068522642501947e+01	4.664889750035374760e+01
-8.14	-2.852927246406911976e+01	4.721783131387626042e+01
-8.12	-2.877087557916231830e+01	4.732595322537088123e+01
-8.10	-2.896139651602770115e+01	4.747547578183404227e+01
-8.08	-2.924100252469645156e+01	4.796213264088338235e+01
-8.06	-2.929480964348952909e+01	4.807742822000343352e+01
-8.04	-2.962214205098408115e+01	4.863481634649060226e+01
-8.02	-2.977223493584424929e+01	4.879837412485291281e+01
-8.00	-3.079322249113301169e+01	5.049337607604471145e+01
-7.98	-3.131465239573640957e+01	5.119763019788643277e+01
-7.96	-3.160965372835996945e+01	5.132708530928015733e+01
-7.94	-3.224005028947777163e+01	5.183370147214707657e+01
-7.92	-3.297206253397070697e+01	5.192942488609136120e+01
-7.90	-3.378140108997138213e+01	5.206224718435600352e+01
-7.88	-3.376029151128525996e+01	5.249436910878323914e+01
-7.86	-3.342744611669164101e+01	5.259690919289342048e+01
-7.84	-3.336116181877623177e+01	5.309596694212483214e+01
-7.82	-3.313096186483547712e+01	5.324421985031799665e+01
-7.80	-3.379713700904746077e+01	5.482338574838497891e+01
-7.78	-3.402416864171612332e+01	5.550362447099134755e+01
-7.76	-3.404966124030374885e+01	5.562942582294879657e+01
-7.74	-3.439787054494031793e+01	5.612067590729118649e+01
-7.72	-3.461558007731561304e+01	5.621302913086090314e+01
-7.70	-3.493328666370651803e+01	5.634087689418331735e+01
-7.68	-3.548201507460414206e+01	5.674958318975640026e+01
-7.66	-3.586510953347860919e+01	5.684633728445999168e+01
-7.64	-3.640698242787254912e+01	5.729938897513264351e+01
-7.62	-3.661549697277128956e+01	5.742824031263246809e+01
-7.60	-3.731369940369817328e+01	5.862398929374872125e+01
-7.58	-3.732357826280063762e+01	5.899294260892948216e+01
-7.56	-3.701575666200039905e+01	5.904473714334928047e+01
-7.54	-3.672623121114541789e+01	5.922610023218050657e+01
-7.52	-3.632165097820227118e+01	5.924851193252349191e+01
-7.50	-3.593671348028198054e+01	5.928396114087836821e+01
-7.48	-3.559391742327038344e+01	5.934673489512368860e+01
-7.46	-3.525628473203524749e+01	5.935950245024154981e+01
-7.44	-3.493875279452087312e+01	5.934244063066817176e+01
-7.42	-3.466533047060914896e+01	5.933300497421245723e+01
-7.40	-3.433320531658007724e+01	5.914906609131654847e+01
-7.38	-3.355407429187602730e+01	5.812108826829067709e+01
-7.36	-3.333351469326596828e+01	5.798758765695379935e+01
-7.34	-3.293879153966280882e+01	5.748547228173911350e+01
-7.32	-3.280073784185817232e+01	5.737119440590780073e+01
-7.30	-3.247465484121652679e+01	5.687550228552237286e+01
-7.28	-3.236854833323923941e+01	5.671308881052411976e+01
-7.26	-3.231184723034427719e+01	5.659851947052067089e+01
-7.24	-3.196795016694487046e+01	5.594498485751704209e+01
-7.22	-3.191796442546396051e+01	5.577619935823982900e+01
-7.20	-3.142597937344365988e+01	5.481244527826464008e+01
-7.18	-3.016041774738895143e+01	5.248702878052340282e+01
-7.16	-3.011543461985709058e+01	5.227478740964078696e+01
-7.14	-2.979010190470123831e+01	5.156475019712924279e+01
-7.12	-2.980065951343367914e+01	5.142621902625708685e+01
-7.10	-2.955948209991074904e+01	5.084336605002913245e+01
-7.08	-2.956428290334059028e+01	5.067453714462570957e+01
-7.06	-2.960248604786394111e+01	5.055083228953476748e+01
-7.04	-2.935943760636245869e+01	4.993524881104286095e+01
-7.02	-2.939650539688414099e+01	4.978272601224510652e+01
-7.00	-2.909148928275931922e+01	4.903724585773351663e+01
-6.98	-2.844268096855574868e+01	4.770031953911050238e+01
-6.96	-2.854146424557265860e+01	4.760192941354519292e+01
-6.94	-2.853418807923153011e+01	4.730352902034279339e+01
-6.92	-2.869092671157916996e+01	4.725267215681387256e+01
-6.90	-2.876517534926502861e+01	4.704240086508841756e+01
-6.88	-2.894704876028158935e+01	4.698758497452404725e+01
-6.86	-2.914651042866996988e+01	4.694636197770739017e+01
-6.84	-2.925913732622719010e+01	4.676583591195168310e+01
-6.82	-2.944513809830911910e+01	4.672289309634251708e+01
-6.80	-2.951722389521145828e+01	4.654367632195913984e+01
-6.78	-2.950958610700666895e+01	4.630992826593639222e+01
-6.76	-2.958576772491412044e+01	4.629643729283454689e+01
-6.74	-2.959213627254885992e+01	4.626152408720992781e+01
-6.72	-2.957092818142970003e+01	4.625646036128757288e+01
-6.70	-2.950862252572602884e+01	4.624897511594671329e+01
-6.68	-2.936682270171666076e+01	4.623250653471836813e+01
-6.66	-2.905596496710764143e+01	4.622867639597358647e+01
-6.64	-2.860027643392739094e+01	4.621881178584366978e+01
-6.62	-2.818030661016349114e+01	4.621675063743514045e+01
-6.60	-2.783518449461940847e+01	4.623070621381207701e+01
-6.58	-2.754595047174645117e+01	4.624741884866863018e+01
-6.56	-2.729304410094373878e+01	4.625009468712516281e+01
-6.54	-2.708360451600060870e+01	4.626305588332081697e+01
-6.52	-2.690166538643740068e+01	4.626455932101090696e+01
-6.50	-2.675077885103128139e+01	4.626697235850897272e+01
-6.48	-2.663213078146062074e+01	4.627493352799771031e+01
-6.46	-2.653757160164454021e+01	4.627586569836641672e+01
-6.44	-2.647107373085005122e+01	4.627917067576095889e+01
-6.42	-2.642845862027585824e+01	4.627737289074414662e+01
-6.40	-2.637814608498096902e+01	4.621124797486333335e+01
-6.38	-2.634815676287277952e+01	4.613497350937071673e+01
-6.36	-2.637357080796819986e+01	4.611491039030312322e+01
-6.34	-2.639333217705056001e+01	4.603442175657765745e+01
-6.32	-2.647226368980516042e+01	4.601525618437720055e+01
-6.30	-2.657725516514986097e+01	4.599017451754684771e+01
-6.28	-2.667927721446688949e+01	4.590090811562414785e+01
-6.26	-2.685271818643508013e+01	4.587836366716663150e+01
-6.24	-2.701715016433248095e+01	4.576251112495597084e+01
-6.22	-2.727211718027034948e+01	4.572677448661107746e+01
-6.20	-2.739437011531045840e+01	4.536493669788313809e+01
-6.18	-2.769694666313014153e+01	4.525884164496689266e+01
-6.16	-2.806132046833888083e+01	4.524723793576824704e+01
-6.14	-2.837949687863218173e+01	4.521908774612941073e+01
-6.12	-2.865311886819002041e+01	4.522067944029164721e+01
-6.10	-2.889041378201322985e+01	4.522045834011859000e+01
-6.08	-2.915165080294886124e+01	4.525855396612796255e+01
-6.06	-2.939624757316224901e+01	4.526813685718977354e+01
-6.04	-2.969934342068971134e+01	4.537902402954384939e+01
-6.02	-2.995602758186554126e+01	4.542351683785938832e+01
-6.00	-3.072290470506163018e+01	4.626429819749343153e+01
-5.98	-3.131020787344792922e+01	4.683189233306909216e+01
-5.96	-3.159380119373178175e+01	4.695289699945052320e+01
-5.94	-3.209365096280058083e+01	4.744711678852760883e+01
-5.92	-3.227824613228958839e+01	4.755518030171076305e+01
-5.90	-3.263962569014847759e+01	4.802318170009178999e+01
-5.88	-3.293054472557207646e+01	4.817141141411652683e+01
-5.86	-3.370495778980031076e+01	4.827688657324799948e+01
-5.84	-3.319096501508563790e+01	4.885991422403382245e+01
-5.82	-3.269473839133868864e+01	4.900829127404421826e+01
-5.80	-3.280512679293045153e+01	4.981680297514201783e+01
-5.78	-3.353650946079253004e+01	5.152612917288460181e+01
-5.76	-3.346786970994875077e+01	5.166218177619767715e+01
-5.74	-3.360937344501589052e+01	5.209076290557683109e+01
-5.72	-3.360054495518271267e+01	5.216469175772154898e+01
-5.70	-3.375855788872642194e+01	5.247133895768111245e+01
-5.68	-3.382710336703046750e+01	5.254896462833414716e+01
-5.66	-3.392169510970452251e+01	5.260810885261304293e+01
-5.64	-3.415944783178173338e+01	5.285997819879180781e+01
-5.62	-3.433120407475038149e+01	5.291788501361465080e+01
-5.60	-3.463555890347907251e+01	5.312838563104877920e+01
-5.58	-3.493159652530268744e+01	5.319250134983973766e+01
-5.56	-3.530337058010152873e+01	5.317628728039704811e+01
-5.54	-3.595343499082611771e+01	5.309845286864864278e+01
-5.52	-3.744142651297548241e+01	5.307677383002373972e+01
-5.50	-3.527136820271159223e+01	5.298720416886502704e+01
-5.48	-3.432342721941103747e+01	5.295663980276957261e+01
-5.46	-3.420198432736319916e+01	5.293445153956732696e+01
-5.44	-3.403536087609806060e+01	5.281565899131273056e+01
-5.42	-3.391406931571240335e+01	5.278474236245106255e+01
-5.40	-3.371178008417172833e+01	5.262844962162626672e+01
-5.38	-3.344162185909487306e+01	5.235768977581395234e+01
-5.36	-3.333751578412279315e+01	5.233924176240488890e+01
-5.34	-3.321760020313323025e+01	5.228946691243324807e+01
-5.32	-3.312630516269980063e+01	5.228170501903750989e+01
-5.30	-3.302111962702682035e+01	5.225118236521541348e+01
-5.28	-3.292810915001629013e+01	5.224318021515450283e+01
-5.26	-3.283122655669733092e+01	5.223709439325804738e+01
-5.24	-3.271621752641785008e+01	5.221373897508065198e+01
-5.22	-3.260278970428179690e+01	5.220661735640855738e+01
-5.20	-3.243192634268297780e+01	5.212197762078159258e+01
-5.18	-3.226339572455245275e+01	5.205897071408156762e+01
-5.16	-3.211466155400284350e+01	5.204379641195212969e+01
-5.14	-3.192748933323534999e+01	5.198116002357763676e+01
-5.12	-3.176276932567926892e+01	5.196681036815493826e+01
-5.10	-3.159063908130012166e+01	5.194806725911878686e+01
-5.08	-3.138776897263069898e+01	5.188136554281148705e+01
-5.06	-3.121816661777507917e+01	5.186492940662441953e+01
-5.04	-3.101453946121985084e+01	5.177996217314360905e+01
-5.02	-3.085678687911412865e+01	5.175474955161418933e+01
-5.00	-3.058251321621078134e+01	5.150424351375576748e+01
-4.98	-3.043376228410519957e+01	5.143435693880397253e+01
-4.96	-3.034594191501598104e+01	5.142680530073828038e+01
-4.94	-3.027592279016231913e+01	5.140567082237051721e+01
-4.92	-3.024686656972576060e+01	5.140618537535564769e+01
-4.90	-3.024765732927995998e+01	5.140510124806525027e+01
-4.88	-3.029016013168135046e+01	5.141841977153009680e+01
-4.86	-3.035689933131995843e+01	5.142264825117109694e+01
-4.84	-3.047938517916139034e+01	5.146718568818950246e+01
-4.82	-3.061637822929250063e+01	5.148470070130761655e+01
-4.80	-3.094074177100302947e+01	5.177523093718283320e+01
-4.78	-3.121322744133781057e+01	5.193540339215527268e+01
-4.76	-3.142912911611080062e+01	5.196585694506411102e+01
-4.74	-3.171197669466549840e+01	5.208109399414217222e+01
-4.72	-3.194975952951829967e+01	5.210139087407129210e+01
-4.70	-3.219941130632137316e+01	5.213048184499223936e+01
-4.68	-3.248523062173858733e+01	5.221519622845830355e+01
-4.66	-3.272945325946700024e+01	5.223513708232440678e+01
-4.64	-3.300237667457543722e+01	5.231001263234737308e+01
-4.62	-3.322963954520246688e+01	5.232744417291957717e+01
-4.60	-3.344951164921047138e+01	5.235350057715432825e+01
-4.58	-3.357710965580969287e+01	5.225929355453779124e+01
-4.56	-3.372931250157822092e+01	5.223211745444861975e+01
-4.54	-3.379889824955851196e+01	5.211433074868055826e+01
-4.52	-3.389163857658716239e+01	5.208684299651690708e+01
-4.50	-3.394725069776502124e+01	5.205039141298067307e+01
-4.48	-3.437522591995158905e+01	5.190702611671480327e+01
-4.46	-3.645917666319613915e+01	5.187297622977631306e+01
-4.44	-3.521191233292884704e+01	5.167467571663726744e+01
-4.42	-3.433223313729350679e+01	5.162294050084528152e+01
-4.40	-3.372101553539886964e+01	5.130336749655887729e+01
-4.38	-3.292259508587866890e+01	5.042724451243449835e+01
-4.36	-3.265382908494785141e+01	5.033962581846441253e+01
-4.34	-3.230595809828699316e+01	5.003161365875538280e+01
-4.32	-3.212639679567747208e+01	4.996760893880841081e+01
-4.30	-3.184938456316507072e+01	4.969264383346447289e+01
-4.28	-3.169783939019858110e+01	4.960824041088486780e+01
-4.26	-3.157201674887257070e+01	4.954754179878103315e+01
-4.24	-3.130726104302777912e+01	4.921559519690755025e+01
-4.22	-3.118957099022453150e+01	4.913201354552344213e+01
-4.20	-3.087220176475583955e+01	4.866685331849453888e+01
-4.18	-3.020948117052090964e+01	4.756582525732854094e+01
-4.16	-3.010635281482156955e+01	4.746437622547895785e+01
-4.14	-2.987702777784846830e+01	4.712210513778335752e+01
-4.12	-2.980495550202181931e+01	4.705529901038548957e+01
-4.10	-2.961882742893656939e+01	4.676863746368810126e+01
-4.08	-2.955068091575715883e+01	4.668459425481041336e+01
-4.06	-2.950042950833191924e+01	4.662369937434183242e+01
-4.04	-2.931930751266213875e+01	4.631258568365795014e+01
-4.02	-2.927215228667488844e+01	4.623562967220601649e+01
-4.00	-2.906388416273679098e+01	4.584954711658978965e+01
-3.98	-2.869579754668668059e+01	4.516156491771334203e+01
-3.96	-2.868194098181616170e+01	4.511511319496545269e+01
-3.94	-2.862498678597561153e+01	4.497836942315716868e+01
-3.92	-2.863807327424408911e+01	4.495828336098041689e+01
-3.90	-2.862424208313354868e+01	4.487593127954974648e+01
-3.88	-2.865423468243515970e+01	4.485947301196333825e+01
-3.86	-2.869612609403667847e+01	4.484596146775823655e+01
-3.84	-2.873373565617815828e+01	4.480253642569402217e+01
-3.82	-2.880448008691067940e+01	4.479492183557683660e+01
-3.80	-2.889616549255566014e+01	4.479587191889473274e+01
-3.78	-2.909713987877432828e+01	4.495881861712103955e+01
-3.76	-2.924741011006356928e+01	4.497960350305979915e+01
-3.74	-2.946295935379643893e+01	4.506113625435342840e+01
-3.72	-2.968626571028839933e+01	4.507871429684470144e+01
-3.70	-2.997021792410899010e+01	4.510210641503604734e+01
-3.68	-3.036803861649498160e+01	4.517905668697070354e+01
-3.66	-3.087274175994366843e+01	4.519684296621313280e+01
-3.64	-3.170672430981263901e+01	4.528615001422048891e+01
-3.62	-3.347377815159025971e+01	4.530954196467847339e+01
-3.60	-3.423512652184886207e+01	4.543067175715383854e+01
-3.58	-2.996720488499142121e+01	4.574501859788045266e+01
-3.56	-3.005208830066467840e+01	4.577743181545387330e+01
-3.54	-3.024240095766787917e+01	4.590763110944953240e+01
-3.52	-3.036869830698092088e+01	4.593722589020141100e+01
-3.50	-3.062336941667429002e+01	4.597660357815062326e+01
-3.48	-3.140944663832249972e+01	4.612334241701893234e+01
-3.46	-3.156874184455172028e+01	4.615966133736488075e+01
-3.44	-2.944834822485314874e+01	4.636903204132971723e+01
-3.42	-2.834447491195093960e+01	4.642546615638089236e+01
-3.40	-2.849022295452693854e+01	4.679434181402103832e+01
-3.38	-2.925048522802664053e+01	4.800853090691033742e+01
-3.36	-2.935881012328789907e+01	4.814759101695634769e+01
-3.34	-2.968235281701608130e+01	4.864986412188771681e+01
-3.32	-2.975976469296993088e+01	4.875402231419528221e+01
-3.30	-2.985547378779719097e+01	4.889479139909941807e+01
-3.28	-3.016102888010912153e+01	4.938424655665036767e+01
-3.26	-3.023956631119341054e+01	4.950172074873110262e+01
-3.24	-3.061744505499997970e+01	5.010868341053944874e+01
-3.22	-3.072460143931535015e+01	5.026543447319109248e+01
-3.20	-3.127206024817569840e+01	5.113794943694674799e+01
-3.18	-3.253069182798495973e+01	5.317059720484809304e+01
-3.16	-3.266486838091950773e+01	5.335236490787617925e+01
-3.14	-3.305351195068666925e+01	5.394797027849637061e+01
-3.12	-3.314344845162165143e+01	5.405449746337814787e+01
-3.10	-3.325795363177005726e+01	5.420446324451516773e+01
-3.08	-3.356049766452220950e+01	5.466570553155236922e+01
-3.06	-3.364543200110661303e+01	5.477343868069817034e+01
-3.04	-3.395565423773030744e+01	5.525094525080694297e+01
-3.02	-3.405131474569923000e+01	5.538123675497647014e+01
-3.00	-3.472309369018802272e+01	5.645452012389512930e+01
-2.98	-3.489726322744218834e+01	5.672048916512468253e+01
-2.96	-3.492473370286934653e+01	5.675202838623952317e+01
-2.94	-3.499499359520452657e+01	5.685852512492198230e+01
-2.92	-3.500389495120803218e+01	5.686913817160775153e+01
-2.90	-3.502605263731405927e+01	5.690301728129978898e+01
-2.88	-3.502641558250481069e+01	5.690164771738440663e+01
-2.86	-3.502878392140794261e+01	5.690337150657086340e+01
-2.84	-3.500429444842203708e+01	5.685980306828054864e+01
-2.82	-3.499971571327331787e+01	5.684522666699024285e+01
-2.80	-3.491000166477518718e+01	5.668825293905066331e+01
-2.78	-3.450417687083795215e+01	5.601292575795908135e+01
-2.76	-3.446635802843452723e+01	5.593229760771232151e+01
-2.74	-3.429744993687207710e+01	5.563366023706880270e+01
-2.72	-3.427355192841068288e+01	5.556706107224911761e+01
-2.70	-3.411280484961353920e+01	5.527887428935041214e+01
-2.68	-3.406357862395400815e+01	5.518577655742109300e+01
-2.66	-3.400409034145158671e+01	5.511983471532573731e+01
-2.64	-3.369519770626755673e+01	5.474285271126844066e+01
-2.62	-3.348837841627774026e+01	5.464596562913113331e+01
-2.60	-3.296916014444102672e+01	5.408467035198567174e+01
-2.58	-3.195408832011304057e+01	5.265774120730512209e+01
-2.56	-3.176424593383337935e+01	5.252006571286489134e+01
-2.54	-3.140659902350967059e+01	5.204843617091796659e+01
-2.52	-3.129675750158477143e+01	5.195308786140596169e+01
-2.50	-3.101282549958747126e+01	5.154618414152969308e+01
-2.48	-3.090784956262708860e+01	5.142365637610628681e+01
-2.46	-3.082847682633914133e+01	5.133525022198924859e+01
-2.44	-3.052939586769909042e+01	5.087250814890752793e+01
-2.42	-3.044241191011688130e+01	5.075633293938314239e+01
-2.40	-3.006634968853229140e+01	5.014980745360244896e+01
-2.38	-2.931174065089224001e+01	4.890183615944039275e+01
-2.36	-2.924669845699972015e+01	4.879967685735046956e+01
-2.34	-2.905142726990741053e+01	4.847089315049529290e+01
-2.32	-2.902454828046666080e+01	4.841467968834800217e+01
-2.30	-2.898915017360026880e+01	4.833475361076722265e+01
-2.28	-2.886146346125456930e+01	4.809170666623045065e+01
-2.26	-2.885224794304419049e+01	4.803601749369264695e+01
-2.24	-2.873356616468749891e+01	4.778810962244619986e+01
-2.22	-2.873250056293496968e+01	4.772811546736942745e+01
-2.20	-2.860226188636464073e+01	4.744522091214850690e+01
-2.18	-2.835382421073914117e+01	4.695920164157403320e+01
-2.16	-2.837938803535077881e+01	4.692324334035087929e+01
-2.14	-2.836138603028749827e+01	4.681105271740249663e+01
-2.12	-2.840054965227079009e+01	4.679139965636922227e+01
-2.10	-2.840104016345673088e+01	4.670668077804940310e+01
-2.08	-2.843836468978210874e+01	4.668333798131912005e+01
-2.06	-2.847795252602372074e+01	4.666635752447042762e+01
-2.04	-2.847407896885339085e+01	4.658179038241920011e+01
-2.02	-2.850440850251298031e+01	4.655872261866188211e+01
-2.00	-2.839443192521051884e+01	4.634245112746450701e+01
-1.98	-2.814027863477576119e+01	4.591162129336621689e+01
-1.96	-2.790728820532562082e+01	4.553983243951297766e+01
-1.94	-2.764824147079135130e+01	4.514476775911226980e+01
-1.92	-2.740165297622246143e+01	4.477888854993621237e+01
-1.90	-2.714895965096892994e+01	4.441077990003409326e+01
-1.88	-2.689152019409251082e+01	4.404067408573566667e+01
-1.86	-2.663601943596853161e+01	4.367712679170743684e+01
-1.84	-2.638675980163484169e+01	4.332598924101519344e+01
-1.82	-2.613471573078786037e+01	4.297112414364597299e+01
-1.80	-2.599753024784723010e+01	4.280486552744409323e+01
-1.78	-2.583875794725772934e+01	4.260100472444825215e+01
-1.76	-2.560571234840061905e+01	4.227076743191833685e+01
-1.74	-2.544362042061948159e+01	4.205405654117019765e+01
-1.72	-2.521179900609324065e+01	4.171717624848626826e+01
-1.70	-2.499010980245088120e+01	4.139120876044683683e+01
-1.68	-2.483711194252229859e+01	4.117401035116135688e+01
-1.66	-2.461636921799602007e+01	4.083921642464999735e+01
-1.64	-2.449238939399662129e+01	4.066137605212595219e+01
-1.62	-2.428258989957864955e+01	4.033727252256984741e+01
-1.60	-2.421472688825338082e+01	4.024748751155792093e+01
-1.58	-2.438534680172121938e+01	4.055542093040428853e+01
-1.56	-2.417501523026912835e+01	4.022889984317748713e+01
-1.54	-2.404741303244031059e+01	4.004086899358350138e+01
-1.52	-2.382040736747741860e+01	3.968698296796210201e+01
-1.50	-2.366408454668678019e+01	3.945124743046825699e+01
-1.48	-2.343883329894066847e+01	3.909999683605207821e+01
-1.46	-2.320744530660278926e+01	3.873787198316635738e+01
-1.44	-2.304348224717184124e+01	3.848847007803240672e+01
-1.42	-2.281272571009461103e+01	3.812750368761226838e+01
-1.40	-2.265033598908147994e+01	3.788162813340201751e+01
-1.38	-2.250043710115302886e+01	3.765679414686888293e+01
-1.36	-2.224831473812460914e+01	3.726070948032099750e+01
-1.34	-2.199531369546572890e+01	3.686342128899227788e+01
-1.32	-2.173826728626596960e+01	3.645965812050643251e+01
-1.30	-2.147502911690011018e+01	3.604599810347853861e+01
-1.28	-2.122387376484196153e+01	3.563882011934826721e+01
-1.26	-2.121659439461259922e+01	3.523388954126736650e+01
-1.24	-2.278520040810010983e+01	3.480439578314773996e+01
-1.22	-2.379140984896038091e+01	3.439518168353122718e+01
-1.20	-2.230728379085313051e+01	3.390470449902257144e+01
-1.18	-2.135128141484992170e+01	3.349715612701613310e+01
-1.16	-2.072202372631910094e+01	3.310210527669458713e+01
-1.14	-2.022358957237040045e+01	3.272187628048472163e+01
-1.12	-1.978185732049329104e+01	3.233011331534157051e+01
-1.10	-1.937990940658794159e+01	3.193987843996416842e+01
-1.08	-1.902385388644906072e+01	3.158187724655709872e+01
-1.06	-1.866934913645370031e+01	3.119275761545620895e+01
-1.04	-1.836452011624848879e+01	3.086282190189414010e+01
-1.02	-1.804478701915942906e+01	3.048625952364528047e+01
-1.00	-1.792590270633055027e+01	3.044130945097196062e+01
-0.98	-1.771664130266903925e+01	3.022801089948055875e+01
-0.96	-1.742334590828856022e+01	2.985224572364359830e+01
-0.94	-1.719893704487430952e+01	2.958529387210822037e+01
-0.92	-1.691146386261954859e+01	2.919712170417238895e+01
-0.90	-1.668205839030056126e+01	2.890192240675303026e+01
-0.88	-1.640533357771715117e+01	2.851567433682559027e+01
-0.86	-1.612772781184218118e+01	2.812022055752298044e+01
-0.84	-1.590783899087995934e+01	2.782123024772486986e+01
-0.82	-1.563940401912259937e+01	2.743020869709726028e+01
-0.80	-1.550842931037668926e+01	2.728000655044458966e+01
-0.78	-1.525476091345822915e+01	2.690706244341980025e+01
-0.76	-1.497286397919424061e+01	2.647796351828928962e+01
-0.74	-1.469823133083109035e+01	2.605766090328485163e+01
-0.72	-1.441730837158653955e+01	2.562235930427603137e+01
-0.70	-1.413874911600576922e+01	2.518799416656948154e+01
-0.68	-1.385542188452279966e+01	2.474194761785327046e+01
-0.66	-1.357857109415087038e+01	2.430450322446428046e+01
-0.64	-1.328899782926539963e+01	2.384099000123541146e+01
-0.62	-1.301302680571953019e+01	2.339944820248129886e+01
-0.60	-1.271063659590124040e+01	2.290602431857496057e+01
-0.58	-1.234280610259727951e+01	2.229051814473115911e+01
-0.56	-1.207122914312257045e+01	2.184861161738595925e+01
-0.54	-1.177835068898860982e+01	2.136516135228481161e+01
-0.52	-1.151482259457153035e+01	2.093331415049625832e+01
-0.50	-1.125029590431659088e+01	2.049696025727487836e+01
-0.48	-1.097190388045916976e+01	2.003272180570771965e+01
-0.46	-1.071372102080722932e+01	1.960343077257632061e+01
-0.44	-1.043853504562097001e+01	1.914007543684419943e+01
-0.42	-1.018305373699555005e+01	1.871087514125877149e+01
-0.40	-9.872378386524847116e+00	1.817612693821875069e+01
-0.38	-9.604304591600836716e+00	1.771797351291377964e+01
-0.36	-9.359723576241492538e+00	1.730202815414772033e+01
-0.34	-9.102866206326051923e+00	1.686083365135279166e+01
-0.32	-8.863231028122084965e+00	1.644977027683124149e+01
-0.30	-8.623457852342397700e+00	1.603615456538926054e+01
-0.28	-8.375782905493469599e+00	1.560542844658040984e+01
-0.26	-8.141008310557783290e+00	1.519675744949378071e+01
-0.24	-7.895127895123913220e+00	1.476467573711012982e+01
-0.22	-7.662977922900769734e+00	1.435626750046873923e+01
-0.20	-7.383782840624150801e+00	1.385578761148384075e+01
-0.18	-7.140926766893213262e+00	1.342170147992429996e+01
-0.16	-6.922025676093538138e+00	1.303172920149881975e+01
-0.14	-6.693896627293582036e+00	1.262208445950303926e+01
-0.12	-6.481294937651054688e+00	1.224016365239923942e+01
-0.10	-6.262720156212679967e+00	1.184481121683318960e+01
-0.08	-6.055031132350362277e+00	1.146833101758046958e+01
-0.06	-5.848622366576731402e+00	1.109256391733824998e+01
-0.04	-5.641441487188484594e+00	1.071330277263547082e+01
-0.02	-5.431167221716815874e+00	1.035829066494427053e+01
-0.00	-5.224489855155857398e+00	1.000000000000001066e+01
