-24.00	-2.171430575419509879e+01	4.999999999999999289e+01
-23.00	-2.199530822948774045e+01	5.000637657372652001e+01
-22.00	-2.235875845608000034e+01	4.997800844950646137e+01
-21.00	-2.276595847752944124e+01	5.003240548736138749e+01
-20.00	-2.303606729589187907e+01	4.968649938763074658e+01
-19.00	-2.395992114833351039e+01	5.086910916970708740e+01
-18.00	-2.385397222366524872e+01	4.954859525036997780e+01
-17.00	-2.533083553716292968e+01	5.177993286378720228e+01
-16.98	-2.539950915548228849e+01	5.190666146855824081e+01
-16.96	-2.541970384494445057e+01	5.193743191787414304e+01
-16.94	-2.546842962861006043e+01	5.202531631965244685e+01
-16.92	-2.548521181314179884e+01	5.205149092248441889e+01
-16.90	-2.552284401242209100e+01	5.212440390118241851e+01
-16.88	-2.553761839587604143e+01	5.215422205781914755e+01
-16.86	-2.554836658396990856e+01	5.217930702952801880e+01
-16.84	-2.558302859991133005e+01	5.225599050381445920e+01
-16.82	-2.559399929775461047e+01	5.228642200291351116e+01
-16.80	-2.567250818985604965e+01	5.245645284286087673e+01
-16.78	-2.569248855403516885e+01	5.250756314127875157e+01
-16.76	-2.569575819148305129e+01	5.252443772683766099e+01
-16.74	-2.570125086349267107e+01	5.254495042833683272e+01
-16.72	-2.570339687194049105e+01	5.255677965704075660e+01
-16.70	-2.570168040154376854e+01	5.255829850224410649e+01
-16.68	-2.570374431170478147e+01	5.256388760607706701e+01
-16.66	-2.570945034954790032e+01	5.257289420945763680e+01
-16.64	-2.569588512201949015e+01	5.253763772434532342e+01
-16.62	-2.570205106960849051e+01	5.253724217734247759e+01
-16.60	-2.565968273641961162e+01	5.243155666037147711e+01
-16.58	-2.544008121470778860e+01	5.195765915860916806e+01
-16.56	-2.543161911318181012e+01	5.190855575234788688e+01
-16.54	-2.534760327592237061e+01	5.169862123585446056e+01
-16.52	-2.535138988999064935e+01	5.166134205232611265e+01
-16.50	-2.535063685833915059e+01	5.160783412434599882e+01
-16.48	-2.527398045258185988e+01	5.139350803508082066e+01
-16.46	-2.528319026570703087e+01	5.134779247433986171e+01
-16.44	-2.518347634539226121e+01	5.107500341304442770e+01
-16.42	-2.518807224672206857e+01	5.100861262794195028e+01
-16.40	-2.503028844505602990e+01	5.060895851110670662e+01
-16.38	-2.461726228520833004e+01	4.968998752270817221e+01
-16.36	-2.462007095581533989e+01	4.960863371774446762e+01
-16.34	-2.453565990058120150e+01	4.934836037492728167e+01
-16.32	-2.455622562341455151e+01	4.929677061052093734e+01
-16.30	-2.450235051437138978e+01	4.909340012365373696e+01
-16.28	-2.452078510159184077e+01	4.903330038255008105e+01
-16.26	-2.454712731242970847e+01	4.898723247093708721e+01
-16.24	-2.449938367536191919e+01	4.879215000180349904e+01
-16.22	-2.452190694382926139e+01	4.873625346865065922e+01
-16.20	-2.438755574317687902e+01	4.836802070841959278e+01
-16.18	-2.440410745011972082e+01	4.829913800285738290e+01
-16.16	-2.444951420581901047e+01	4.828653932263581794e+01
-16.14	-2.449236813696455073e+01	4.826787227429378646e+01
-16.12	-2.454160405760998032e+01	4.826069507475546772e+01
-16.10	-2.459113999982847076e+01	4.825294393791097747e+01
-16.08	-2.464831202478053029e+01	4.825863842484000799e+01
-16.06	-2.470091342952926894e+01	4.825384590458455136e+01
-16.04	-2.476745876104898159e+01	4.827448170723736354e+01
-16.02	-2.482422336006476016e+01	4.827402028370178044e+01
-16.00	-2.490324190055730114e+01	4.831465610889367923e+01
-15.98	-2.500223127867245054e+01	4.839161847333686239e+01
-15.96	-2.506043285657892028e+01	4.838702273380542351e+01
-15.94	-2.512046479323869974e+01	4.838371334255185729e+01
-15.92	-2.517855513553936930e+01	4.837449296880625838e+01
-15.90	-2.523790245343467120e+01	4.836554978564618779e+01
-15.88	-2.529276418858892939e+01	4.834623867735727032e+01
-15.86	-2.535269217999627145e+01	4.833505614591898336e+01
-15.84	-2.540148012996476012e+01	4.830144854686471234e+01
-15.82	-2.545915138394190080e+01	4.828402509401050935e+01
-15.80	-2.545189309948688106e+01	4.814337197112509159e+01
-15.78	-2.548162427205208047e+01	4.807338564231356060e+01
-15.76	-2.553763213837720869e+01	4.805384994687806710e+01
-15.74	-2.557830202283617993e+01	4.800673575564651685e+01
-15.72	-2.563486847663789092e+01	4.799135654104460258e+01
-15.70	-2.568875758853273084e+01	4.797326372026220298e+01
-15.68	-2.573451477533188836e+01	4.794272180358287727e+01
-15.66	-2.578711239041590986e+01	4.792830149866990297e+01
-15.64	-2.583483096605090878e+01	4.790841027737869950e+01
-15.62	-2.588490814518526051e+01	4.789681630053714656e+01
-15.60	-2.594162754622701073e+01	4.790196678496462113e+01
-15.58	-2.607257663752276855e+01	4.804832793897668353e+01
-15.56	-2.612926697500391171e+01	4.806216300911521699e+01
-15.54	-2.621964333436543981e+01	4.814274616998351775e+01
-15.52	-2.627055353451882169e+01	4.815563669293482008e+01
-15.50	-2.635847924231821082e+01	4.824112382278490685e+01
-15.48	-2.640995896524497155e+01	4.826525045245074352e+01
-15.46	-2.645345822383768919e+01	4.827961393824845970e+01
-15.44	-2.655588839835181858e+01	4.840674987801430262e+01
-15.42	-2.660105053012662069e+01	4.843463479189995269e+01
-15.40	-2.674225092495980149e+01	4.864263266626319648e+01
-15.38	-2.709117295260798031e+01	4.923337542859265881e+01
-15.36	-2.714427949341466828e+01	4.929144659796037331e+01
-15.34	-2.727951148776909918e+01	4.950427896187080279e+01
-15.32	-2.731669700301587866e+01	4.954476464924322698e+01
-15.30	-2.735910165631587887e+01	4.960109216490255335e+01
-15.28	-2.747636043145757156e+01	4.979917641720265209e+01
-15.26	-2.750637602613782917e+01	4.984547147300480674e+01
-15.24	-2.763916102680535047e+01	5.008470651792882222e+01
-15.22	-2.767587359860057106e+01	5.015635397992542011e+01
-15.20	-2.809369765196586144e+01	5.092576525327339709e+01
-15.18	-2.825839406957632960e+01	5.124351897372451958e+01
-15.16	-2.827786862951948876e+01	5.130406293616010771e+01
-15.14	-2.838020848400670104e+01	5.152172661977218837e+01
-15.12	-2.838494144224489091e+01	5.156843845739828680e+01
-15.10	-2.845573993864827855e+01	5.174106703532277862e+01
-15.08	-2.845841537415535072e+01	5.179512584301109257e+01
-15.06	-2.845190943763407176e+01	5.183740066188298101e+01
-15.04	-2.851183219168484939e+01	5.200502714087777889e+01
-15.02	-2.850395046457886039e+01	5.205256729795490145e+01
-15.00	-2.856379127061746104e+01	5.222704970401571245e+01
-14.98	-2.862060094156680989e+01	5.239844079105707664e+01
-14.96	-2.858870646429734919e+01	5.240906835778640982e+01
-14.94	-2.854542724917298102e+01	5.239969704833914932e+01
-14.92	-2.850759647412462883e+01	5.240068069147206131e+01
-14.90	-2.845098256031526063e+01	5.236700473919452747e+01
-14.88	-2.840835312902166976e+01	5.235854327458243063e+01
-14.86	-2.836946863336482139e+01	5.235635722457249130e+01
-14.84	-2.829041925144591829e+01	5.227905037436485713e+01
-14.82	-2.824323895505159854e+01	5.225967240325653762e+01
-14.80	-2.800088188594520133e+01	5.187756205560226164e+01
-14.78	-2.786661598291482989e+01	5.169440910618538254e+01
-14.76	-2.781613615006617124e+01	5.166589700974719079e+01
-14.74	-2.770951866614147008e+01	5.153237449672366211e+01
-14.72	-2.766440094379964165e+01	5.151273170344818197e+01
-14.70	-2.761401235294052015e+01	5.148281852364114997e+01
-14.68	-2.752001813434986843e+01	5.137098685623873706e+01
-14.66	-2.747468948201219874e+01	5.134927436261804701e+01
-14.64	-2.737405192308759894e+01	5.122294431004183224e+01
-14.62	-2.732693436315893010e+01	5.119517218669918890e+01
-14.60	-2.720696680580907056e+01	5.102849345791172198e+01
-14.58	-2.697552084486773083e+01	5.064865089333221704e+01
-14.56	-2.693023265921607035e+01	5.061429202397447114e+01
-14.54	-2.683903978014075875e+01	5.048802153085176769e+01
-14.52	-2.680495384302684059e+01	5.046227542539428157e+01
-14.50	-2.672634739669715032e+01	5.034459131214681804e+01
-14.48	-2.669535154382641906e+01	5.030709517956439214e+01
-14.46	-2.667644205914630007e+01	5.028098374845578178e+01
-14.44	-2.659495526978964008e+01	5.012457456395254241e+01
-14.42	-2.657783130203424093e+01	5.007605832394315115e+01
-14.40	-2.627860097179528154e+01	4.948022251750057876e+01
-14.38	-2.614775720669809900e+01	4.918743183378381190e+01
-14.36	-2.614967175162272994e+01	4.912824048796763776e+01
-14.34	-2.607287567217919033e+01	4.890475007977592270e+01
-14.32	-2.609906355126581090e+01	4.885844260156000729e+01
-14.30	-2.612519555945459970e+01	4.879605479231801723e+01
-14.28	-2.609046453018551048e+01	4.860357525572725734e+01
-14.26	-2.613952276560936028e+01	4.855378780335796307e+01
-14.24	-2.610896808650150902e+01	4.834235116456431314e+01
-14.22	-2.616470617641849117e+01	4.827881390632550307e+01
-14.20	-2.599792077685053826e+01	4.779540078873861830e+01
-14.18	-2.604232818140733130e+01	4.769330379993863289e+01
-14.16	-2.613878719928419869e+01	4.767923940280312678e+01
-14.14	-2.623885961514005061e+01	4.766610109575878340e+01
-14.12	-2.634798483822146054e+01	4.766527726023434752e+01
-14.10	-2.647858769056287898e+01	4.770067721525020943e+01
-14.08	-2.659849586116137843e+01	4.771571123310509677e+01
-14.06	-2.671304489420812089e+01	4.772158773656992992e+01
-14.04	-2.689089574124452042e+01	4.784193456603222927e+01
-14.02	-2.701538641299345045e+01	4.786950424163499918e+01
-14.00	-2.727246057995607131e+01	4.813467510349573075e+01
-13.98	-2.790651830302417835e+01	4.906589823149609941e+01
-13.96	-2.806779448830925006e+01	4.916561129746988001e+01
-13.94	-2.837899137141164019e+01	4.953182740431491737e+01
-13.92	-2.851955375450405938e+01	4.960363256804488685e+01
-13.90	-2.867318224568498053e+01	4.970260978478693659e+01
-13.88	-2.896557907923417119e+01	5.004587011559252829e+01
-13.86	-2.910458562682813977e+01	5.012735871906514262e+01
-13.84	-2.943287006358395885e+01	5.053786962818426787e+01
-13.82	-2.959230013664006975e+01	5.066052465650574277e+01
-13.80	-3.041854320881137852e+01	5.192593923524957233e+01
-13.78	-3.079680662766623911e+01	5.242398169905555960e+01
-13.76	-3.093660416841402139e+01	5.251721326447776761e+01
-13.74	-3.121582259926418956e+01	5.284911252651176738e+01
-13.72	-3.133768200464806952e+01	5.291581943584076697e+01
-13.70	-3.147215569117241074e+01	5.300589133632274752e+01
-13.68	-3.170032463758364827e+01	5.325547644861512708e+01
-13.66	-3.181944319557988976e+01	5.332280903400518213e+01
-13.64	-3.204571538483008197e+01	5.357113599755032851e+01
-13.62	-3.216521803304072336e+01	5.364182516343718277e+01
-13.60	-3.239759665180908144e+01	5.390162195322464100e+01
-13.58	-3.263720336161534874e+01	5.417350276705072787e+01
-13.56	-3.272360001065605672e+01	5.419116586816969772e+01
-13.54	-3.279319625218590062e+01	5.418160145162673302e+01
-13.52	-3.286919209760532112e+01	5.418297999450332014e+01
-13.50	-3.291225864105435051e+01	5.412999095697855267e+01
-13.48	-3.297815321414960721e+01	5.411424211272547069e+01
-13.46	-3.305134539948703321e+01	5.410948374122610005e+01
-13.44	-3.304306051947404654e+01	5.397009518078790080e+01
-13.42	-3.309606717683841026e+01	5.392964634822037340e+01
-13.40	-3.266064815703599322e+01	5.309246768583950171e+01
-13.38	-3.243067529829134799e+01	5.259109709902519825e+01
-13.36	-3.244854737191518268e+01	5.249289740639603252e+01
-13.34	-3.226259410272442096e+01	5.206534961230804015e+01
-13.32	-3.228900537142107652e+01	5.198310826121465311e+01
-13.30	-3.229401007997346795e+01	5.186871840623152963e+01
-13.28	-3.210546730279604333e+01	5.144749562353342753e+01
-13.26	-3.211565781451182033e+01	5.135087874941901021e+01
-13.24	-3.185218473457608113e+01	5.082272228291243010e+01
-13.22	-3.183043820352133935e+01	5.068854061882345263e+01
-13.20	-3.140306074900811950e+01	4.991554637703134745e+01
-13.18	-3.028264001231478986e+01	4.805100693618314978e+01
-13.16	-3.021217891489967045e+01	4.787075242410079312e+01
-13.14	-2.987793470145313890e+01	4.728313121282499765e+01
-13.12	-2.982770525843247000e+01	4.715769034466625698e+01
-13.10	-2.953737683768213884e+01	4.666259851277484216e+01
-13.08	-2.945367173834074137e+01	4.650647221298601863e+01
-13.06	-2.938822485535244056e+01	4.638908591141009197e+01
-13.04	-2.904712686008707934e+01	4.584720061186757079e+01
-13.02	-2.894785627490719904e+01	4.569998416790650708e+01
-13.00	-2.850857897628218041e+01	4.502506822356780702e+01
-12.98	-2.770280207982080967e+01	4.378391803840560215e+01
-12.96	-2.759903371615689949e+01	4.366985778486362335e+01
-12.94	-2.736948826156620029e+01	4.337053572004351309e+01
-12.92	-2.727707830110268006e+01	4.330281324351309991e+01
-12.90	-2.716325871330170827e+01	4.321527554250302927e+01
-12.88	-2.697351759375210989e+01	4.301777456495319285e+01
-12.86	-2.686067309284928939e+01	4.295353825935345782e+01
-12.84	-2.667948795336655010e+01	4.278749146499185230e+01
-12.82	-2.656273362815306882e+01	4.273082140807768781e+01
-12.80	-2.643873904259336882e+01	4.266685906203895229e+01
-12.78	-2.643575908365655991e+01	4.280203947452910995e+01
-12.76	-2.636098538254472956e+01	4.282306210622566311e+01
-12.74	-2.638044621135072987e+01	4.299936946383098046e+01
-12.72	-2.630828981624792107e+01	4.302720469243340773e+01
-12.70	-2.634554086008897045e+01	4.323494431239628000e+01
-12.68	-2.629255459223379177e+01	4.329468116461639227e+01
-12.66	-2.622409718479676144e+01	4.332845973086232760e+01
-12.64	-2.633963725436954917e+01	4.366709233593100947e+01
-12.62	-2.629572585044302002e+01	4.374060632686955330e+01
-12.60	-2.655969142641301062e+01	4.432756208288078881e+01
-12.58	-2.752508309885121918e+01	4.609280243085949991e+01
-12.56	-2.754068222007781941e+01	4.626698777676857333e+01
-12.54	-2.783932235418446055e+01	4.691565114602217790e+01
-12.52	-2.783257488666581025e+01	4.704561415383486178e+01
-12.50	-2.809971634813581076e+01	4.763482840139128882e+01
-12.48	-2.812924818438214913e+01	4.781433799843964039e+01
-12.46	-2.813253409884448075e+01	4.794093641167488329e+01
-12.44	-2.848749538898994871e+01	4.865891284520481008e+01
-12.42	-2.855127677052066915e+01	4.886802439302675083e+01
-12.40	-2.980856331204833154e+01	5.111547965189154041e+01
-12.38	-3.027983375058968107e+01	5.200246568645712841e+01
-12.36	-3.033620754407213838e+01	5.216066060693904660e+01
-12.34	-3.065190561281912096e+01	5.274990551226836288e+01
-12.32	-3.069880355250695914e+01	5.285987936107039786e+01
-12.30	-3.078013822230563079e+01	5.301206248875158877e+01
-12.28	-3.103701552224255877e+01	5.345305073815178076e+01
-12.26	-3.111115095397880026e+01	5.356383225808497173e+01
-12.24	-3.138367093574748878e+01	5.400476351486538817e+01
-12.22	-3.147422814227345000e+01	5.412200599138562751e+01
-12.20	-3.177593415594418857e+01	5.459510212090489745e+01
-12.18	-3.217240811158948333e+01	5.522551844722585201e+01
-12.16	-3.223225682622638288e+01	5.527452564514064903e+01
-12.14	-3.231765460174540294e+01	5.536758332515962167e+01
-12.12	-3.236222131406171343e+01	5.539315055741899840e+01
-12.10	-3.241736625596249866e+01	5.544055820220854258e+01
-12.08	-3.245439296403500151e+01	5.546151913760302676e+01
-12.06	-3.248916346843606817e+01	5.548254543264585692e+01
-12.04	-3.251948295885578943e+01	5.549773358579415827e+01
-12.02	-3.255106663741914019e+01	5.551246339156268306e+01
-12.00	-3.253669288023530726e+01	5.546467111028371022e+01
-11.98	-3.255360575050691097e+01	5.545042497106535251e+01
-11.96	-3.259539371060233748e+01	5.545033368073436009e+01
-11.94	-3.265638904691336108e+01	5.545569367931930316e+01
-11.92	-3.273843465703947686e+01	5.545842552864500163e+01
-11.90	-3.284329479012747299e+01	5.547403875691502861e+01
-11.88	-3.294240937515282042e+01	5.548025336903243954e+01
-11.86	-3.302613293119156879e+01	5.548413423013965939e+01
-11.84	-3.311300342367626826e+01	5.551515121729710955e+01
-11.82	-3.318451735925582113e+01	5.552403365566836868e+01
-11.80	-3.331637056386811224e+01	5.561973273852228061e+01
-11.78	-3.341315433172893279e+01	5.562355492599763807e+01
-11.76	-3.352919874738613970e+01	5.561726607759557339e+01
-11.74	-3.365906139190016688e+01	5.558710251133639701e+01
-11.72	-3.382948637916579315e+01	5.557474736146684791e+01
-11.70	-3.400633109732717685e+01	5.552049096677153273e+01
-11.68	-3.422964803650985743e+01	5.549653099884324803e+01
-11.66	-3.448782968597568299e+01	5.548051397948074737e+01
-11.64	-3.471100936726485742e+01	5.536767178751493645e+01
-11.62	-3.500113875884454728e+01	5.532672359652266181e+01
-11.60	-3.494348102343018780e+01	5.471076000314282339e+01
-11.58	-3.504957335710229671e+01	5.433966942379146303e+01
-11.56	-3.534797054925404325e+01	5.426153569111554731e+01
-11.54	-3.548975577611039967e+01	5.394876435540364668e+01
-11.52	-3.577715026444825952e+01	5.387951321797726223e+01
-11.50	-3.589612591994998070e+01	5.358569766952169999e+01
-11.48	-3.613224781190746882e+01	5.349111687668862203e+01
-11.46	-3.641713557878559016e+01	5.342352992767767716e+01
-11.44	-3.675692030385791753e+01	5.305208560673482765e+01
-11.42	-3.781591650273576732e+01	5.293857116336251778e+01
-11.40	-3.733836386862662948e+01	5.165689772044186157e+01
-11.38	-3.693127449864992684e+01	5.106989374099305223e+01
-11.36	-3.732386753153622294e+01	5.095787381650392689e+01
-11.34	-3.593968071712644274e+01	5.051614179744382938e+01
-11.32	-3.401908162577038297e+01	5.042424996994206765e+01
-11.30	-3.276098911763631349e+01	5.003634361938055264e+01
-11.28	-3.194602829518217035e+01	4.991638710161760173e+01
-11.26	-3.132169584599500922e+01	4.982989024636530218e+01
-11.24	-3.064280175159226971e+01	4.937084926392586226e+01
-11.22	-3.021293328232441056e+01	4.923389454060942683e+01
-11.20	-2.922471795214465828e+01	4.776094721515669761e+01
-11.18	-2.870567928629229826e+01	4.713126771854989272e+01
-11.16	-2.848663589978594146e+01	4.701612555989672870e+01
-11.14	-2.816041615849290025e+01	4.656836946439049996e+01
-11.12	-2.805266831077884149e+01	4.647955171437587296e+01
-11.10	-2.785429106823610823e+01	4.610860313872588989e+01
-11.08	-2.782415765383347050e+01	4.599941866022216885e+01
-11.06	-2.784947716547112861e+01	4.591929997882022718e+01
-11.04	-2.775867127857359051e+01	4.552260653933077350e+01
-11.02	-2.784537871106573093e+01	4.541066150328038020e+01
-11.00	-2.751464767810373147e+01	4.439608154959248054e+01
-10.98	-2.756728758186380901e+01	4.408350116492397319e+01
-10.96	-2.778742054571301878e+01	4.403755376308499336e+01
-10.94	-2.798413406690306005e+01	4.387220607809764772e+01
-10.92	-2.830385244268667932e+01	4.384669472347483321e+01
-10.90	-2.866471527453079915e+01	4.374824496530815310e+01
-10.88	-2.922681789419771903e+01	4.372692562050288245e+01
-10.86	-3.029843588953614031e+01	4.370931152850391044e+01
-10.84	-3.146471552968311158e+01	4.366072756357390716e+01
-10.82	-2.875663903577775926e+01	4.365063879937707725e+01
-10.80	-2.812517988580889039e+01	4.366067711092920689e+01
-10.78	-2.806068332116639041e+01	4.390461505655846253e+01
-10.76	-2.785792613607026169e+01	4.393652165880183702e+01
-10.74	-2.770973907102660050e+01	4.405925280238056274e+01
-10.72	-2.750511399851644967e+01	4.408347673467802963e+01
-10.70	-2.731683044976546881e+01	4.411686338097887017e+01
-10.68	-2.719348068719089895e+01	4.423502788305339806e+01
-10.66	-2.702783308139774121e+01	4.426214491230192749e+01
-10.64	-2.694700964158947087e+01	4.440408582035745866e+01
-10.62	-2.681798564338215840e+01	4.443928520392957182e+01
-10.60	-2.679978283373193904e+01	4.463393293376932291e+01
-10.58	-2.693992135704941049e+01	4.506568604420584023e+01
-10.56	-2.686232232356211114e+01	4.510306368169454316e+01
-10.54	-2.685662742725694940e+01	4.523143420521009261e+01
-10.52	-2.680690272348255121e+01	4.525425077087948722e+01
-10.50	-2.678225335292642129e+01	4.528657570956021772e+01
-10.48	-2.682061676035364073e+01	4.539620501930585306e+01
-10.46	-2.682890709880929947e+01	4.542091375304684675e+01
-10.44	-2.691690553944845021e+01	4.555038925710375253e+01
-10.42	-2.696545140151427944e+01	4.558229737708607843e+01
-10.40	-2.712295006245931006e+01	4.576794109302762337e+01
-10.38	-2.747803333050271846e+01	4.625710174691902665e+01
-10.36	-2.759086871946815123e+01	4.630668849944071752e+01
-10.34	-2.779833948058426074e+01	4.648579766246056266e+01
-10.32	-2.793800438250465845e+01	4.652084775131646666e+01
-10.30	-2.810191598131159907e+01	4.656915386863828843e+01
-10.28	-2.836000954509160010e+01	4.674096408058380803e+01
-10.26	-2.856302469372690922e+01	4.678089381746964648e+01
-10.24	-2.891835877563122992e+01	4.699770378174950736e+01
-10.22	-2.929587722465587873e+01	4.705266909746521975e+01
-10.20	-3.020782582942851846e+01	4.738196873421814104e+01
-10.18	-3.194262251537574926e+01	4.829290674599307920e+01
-10.16	-3.252060074256073818e+01	4.838836818718561972e+01
-10.14	-3.238119887470517710e+01	4.873174940276773981e+01
-10.12	-3.196955924064980081e+01	4.880048351379222282e+01
-10.10	-3.159465620281745046e+01	4.889458121094106247e+01
-10.08	-3.138789331463305032e+01	4.922763784589997726e+01
-10.06	-3.106198186650235016e+01	4.930607794189249660e+01
-10.04	-3.096246384077764091e+01	4.972794069731943267e+01
-10.02	-3.071818837954630865e+01	4.983612547612550259e+01
-10.00	-3.079499528413868958e+01	5.047578114646000103e+01
-9.98	-3.148664418856920122e+01	5.218575291333159072e+01
-9.96	-3.136663944662752002e+01	5.235739334056825101e+01
-9.94	-3.151065929426695078e+01	5.295687361526975678e+01
-9.92	-3.143085388261782143e+01	5.308121288900365897e+01
-9.90	-3.160323252826249174e+01	5.361362032035430758e+01
-9.88	-3.160928038963020015e+01	5.377685429050301735e+01
-9.86	-3.162270038813786144e+01	5.389415754251741220e+01
-9.84	-3.193924115133376063e+01	5.452153037800034951e+01
-9.82	-3.203977920992859652e+01	5.469271837074440157e+01
-9.80	-3.281759778257840310e+01	5.607992450490780811e+01
-9.78	-3.353603058713043339e+01	5.730612942761880646e+01
-9.76	-3.368765349113287755e+01	5.743594627639451033e+01
-9.74	-3.403135807964371651e+01	5.788874546519804198e+01
-9.72	-3.418263331144137851e+01	5.796320202345223294e+01
-9.70	-3.435934982491089329e+01	5.807051146977835288e+01
-9.68	-3.465583105189617896e+01	5.838553445070039061e+01
-9.66	-3.481478943592988173e+01	5.845059499786076174e+01
-9.64	-3.509129794710746353e+01	5.873174302438123107e+01
-9.62	-3.524425130303703924e+01	5.879993866524152679e+01
-9.60	-3.554907223284745754e+01	5.914901890893963810e+01
-9.58	-3.560713200797322742e+01	5.907483500535364129e+01
-9.56	-3.568102734868657677e+01	5.904163092370264110e+01
-9.54	-3.568232115062055243e+01	5.889573186907343683e+01
-9.52	-3.573764842785851670e+01	5.885740167462785877e+01
-9.50	-3.578217987806449685e+01	5.880812371617761158e+01
-9.48	-3.573359212887341840e+01	5.860986088558095020e+01
-9.46	-3.576862309021252173e+01	5.856112184663516729e+01
-9.44	-3.566304735840378726e+01	5.827801661536714306e+01
-9.42	-3.566688365222874779e+01	5.818679517248141764e+01
-9.40	-3.503646352582880041e+01	5.703508326351109048e+01
-9.38	-3.474603922193580274e+01	5.646364499051769315e+01
-9.36	-3.471214292142695257e+01	5.635279325000497153e+01
-9.34	-3.446413379180867054e+01	5.591122970227768718e+01
-9.32	-3.441310852151863031e+01	5.582538642720660249e+01
-9.30	-3.432508309734811291e+01	5.570721202776147152e+01
-9.28	-3.404676635630602277e+01	5.530877479657762308e+01
-9.26	-3.393592392413398073e+01	5.521475282258315787e+01
-9.24	-3.357773708011541203e+01	5.473766636146692122e+01
-9.22	-3.341223989707876285e+01	5.459429453274683652e+01
-9.20	-3.234746654594312787e+01	5.297722325342056138e+01
-9.18	-3.180847735602392845e+01	5.222875496508365245e+01
-9.16	-3.163467050848469952e+01	5.208546960679260707e+01
-9.14	-3.120731689903607986e+01	5.151306861581832663e+01
-9.12	-3.106899761478112154e+01	5.140237738340883311e+01
-9.10	-3.091806723320454964e+01	5.124976021952571870e+01
-9.08	-3.056844185813848114e+01	5.073523804183543717e+01
-9.06	-3.047381081139463177e+01	5.061409379332007319e+01
-9.04	-3.010588302599803967e+01	5.000095209021596787e+01
-9.02	-3.003506079721288913e+01	4.984537057904316981e+01
-9.00	-2.956675625984657074e+01	4.898750342357058685e+01
-8.98	-2.840956713120926835e+01	4.695567033036915205e+01
-8.96	-2.839799923274912175e+01	4.679943037122212957e+01
-8.94	-2.812345950090557878e+01	4.618461278884697663e+01
-8.92	-2.815910033263833867e+01	4.606389683881896246e+01
-8.90	-2.796434929740831876e+01	4.555113058477409993e+01
-8.88	-2.799258497948908087e+01	4.540061434487307679e+01
-8.86	-2.804165206525241061e+01	4.529130572534018739e+01
-8.84	-2.780255409340907136e+01	4.473192706207952085e+01
-8.82	-2.780193065611100067e+01	4.459300098126693968e+01
-8.80	-2.743085570347258084e+01	4.388564925671534667e+01
-8.78	-2.660495137370045171e+01	4.249908617465298732e+01
-8.76	-2.651403836327266106e+01	4.238972289086394341e+01
-8.74	-2.623525123774599876e+01	4.204213987953392717e+01
-8.72	-2.609206037938427869e+01	4.198048231340730752e+01
-8.70	-2.580770845368682131e+01	4.172020752647102881e+01
-8.68	-2.562627668983720852e+01	4.165064182648532665e+01
-8.66	-2.544905418609102909e+01	4.159907222795801829e+01
-8.64	-2.516802788160276094e+01	4.135769674692893005e+01
-8.62	-2.499619059980872038e+01	4.130064303575588269e+01
-8.60	-2.472562222739578175e+01	4.104906322097467353e+01
-8.58	-2.444315547212715956e+01	4.076077089432951084e+01
-8.56	-2.432511357437529043e+01	4.075582258196426011e+01
-8.54	-2.422352181099086010e+01	4.076438087466460303e+01
-8.52	-2.413357003842403969e+01	4.077613834704656881e+01
-8.50	-2.407509027302948823e+01	4.082665657131404657e+01
-8.48	-2.401410476079945155e+01	4.085267279424756737e+01
-8.46	-2.396020688334182935e+01	4.086997995088940883e+01
-8.44	-2.397616595132144823e+01	4.099651569062711332e+01
-8.42	-2.395699009210375152e+01	4.103318321965185334e+01
-8.40	-2.406812643819122854e+01	4.129423621058843707e+01
-8.38	-2.454527632282356109e+01	4.222459416741015303e+01
-8.36	-2.460491150547564132e+01	4.233430765707141319e+01
-8.34	-2.482920059060932161e+01	4.272847906719559319e+01
-8.32	-2.490913785800404057e+01	4.281739172774008750e+01
-8.30	-2.515675891996583857e+01	4.319414330502851840e+01
-8.28	-2.528841758615842039e+01	4.331738394042306339e+01
-8.26	-2.542170727010432074e+01	4.340533899075955304e+01
-8.24	-2.578667083328902976e+01	4.389071699589977271e+01
-8.22	-2.599272870956714954e+01	4.404050069814852719e+01
-8.20	-2.704524344786876000e+01	4.573862018392009787e+01
-8.18	-2.762424130007596901e+01	4.651102254141500225e+01
-8.16	-2.788971646630043111e+01	4.665697740223477297e+01
-8.14	-2.839781279568641992e+01	4.722702671265508911e+01
-8.12	-2.863892784826088089e+01	4.733622232736546920e+01
-8.10	-2.882897263539214094e+01	4.748687563543911239e+01
-8.08	-2.910808700012509931e+01	4.797458267402456755e+01
-8.06	-2.916145003170717942e+01	4.809099259007798111e+01
-8.04	-2.948839047288383952e+01	4.864938416541939858e+01
-8.02	-2.963806459449316932e+01	4.881386963413797986e+01
-8.00	-3.065860102053601111e+01	5.050985107441444200e+01
-7.98	-3.117962616488889083e+01	5.121500260284059181e+01
-7.96	-3.147428372793919138e+01	5.134535972545889138e+01
-7.94	-3.210424957362089060e+01	5.185277385923313176e+01
-7.92	-3.283584781718077039e+01	5.194918831439448326e+01
-7.90	-3.364480797441365922e+01	5.208262546764979817e+01
-7.88	-3.362332289963706700e+01	5.251524374970036746e+01
-7.86	-3.329010796198088684e+01	5.261835162829937218e+01
-7.84	-3.322344471441657277e+01	5.311784715535163315e+01
-7.82	-3.299288410154297679e+01	5.326658950282291727e+01
-7.80	-3.365872026684122176e+01	5.484616578644777718e+01
-7.78	-3.388536368673054255e+01	5.552675932179832330e+01
-7.76	-3.391043046400408656e+01	5.565297759106157116e+01
-7.74	-3.425826856876229698e+01	5.614456857851880756e+01
-7.72	-3.447574679313296286e+01	5.623729794799334769e+01
-7.70	-3.479312931008532672e+01	5.636550303631403125e+01
-7.68	-3.534151284489764322e+01	5.677456556724614956e+01
-7.66	-3.572429310549105708e+01	5.687166425465012765e+01
-7.64	-3.626585625924204237e+01	5.732497894164590946e+01
-7.62	-3.647406272597186927e+01	5.745420880957203735e+01
-7.60	-3.717192730405540146e+01	5.865035019617199907e+01
-7.58	-3.718156919986960673e+01	5.901976063653920335e+01
-7.56	-3.687355293137340340e+01	5.907197677936210312e+01
-7.54	-3.658380314747832074e+01	5.925374041529060776e+01
-7.52	-3.617898055942170998e+01	5.927662085080333298e+01
-7.50	-3.579385947174112204e+01	5.931237992072846765e+01
-7.48	-3.545102315024970352e+01	5.937552492918312197e+01
-7.46	-3.511327152782939720e+01	5.938868583694021908e+01
-7.44	-3.479562559877624039e+01	5.937198836137056901e+01
-7.42	-3.452217904366685985e+01	5.936293986731394057e+01
-7.40	-3.419001283102814170e+01	5.917932676618185894e+01
-7.38	-3.341077931275371071e+01	5.815175753933431224e+01
-7.36	-3.318999728822176820e+01	5.801855418199704673e+01
-7.34	-3.279518940260133064e+01	5.751672657511115005e+01
-7.32	-3.265715924248252122e+01	5.740268595238872251e+01
-7.30	-3.233103869586248180e+01	5.690721048679411354e+01
-7.28	-3.222485652530580325e+01	5.674511392597119652e+01
-7.26	-3.216806403485035304e+01	5.663067052075047059e+01
-7.24	-3.182416644921847038e+01	5.597721420560088745e+01
-7.22	-3.177396781786427837e+01	5.580850333423998677e+01
-7.20	-3.128170414449958869e+01	5.484480893726379236e+01
-7.18	-3.001599056706941937e+01	5.251942724746297841e+01
-7.16	-2.997093983482865909e+01	5.230705863132393318e+01
-7.14	-2.964555891386162045e+01	5.159696235784247875e+01
-7.12	-2.965598964509652902e+01	5.145832717791338240e+01
-7.10	-2.941479669476346004e+01	5.087528808558410987e+01
-7.08	-2.941960679327106831e+01	5.070620913539620744e+01
-7.06	-2.945772330875190903e+01	5.058220707468473876e+01
-7.04	-2.921456885613050858e+01	4.996644887837958748e+01
-7.02	-2.925156508626540841e+01	4.981364996225636332e+01
-7.00	-2.894665507571403040e+01	4.906786530857218764e+01
-6.98	-2.829777963914673933e+01	4.773057245473673049e+01
-6.96	-2.839642329461036852e+01	4.763181709849067147e+01
-6.94	-2.838918838037119841e+01	4.733302377244255155e+01
-6.92	-2.854606542147987014e+01	4.728171801613333258e+01
-6.90	-2.862042956743011857e+01	4.707102617884906692e+01
-6.88	-2.880223407907211097e+01	4.701586803495648326e+01
-6.86	-2.900183332662292912e+01	4.697414708225394264e+01
-6.84	-2.911463066876547856e+01	4.679315630385430325e+01
-6.82	-2.930073788123607059e+01	4.674974189833230298e+01
-6.80	-2.937299558113549125e+01	4.657005875625601021e+01
-6.78	-2.936551178022397934e+01	4.633591882986115706e+01
-6.76	-2.944197333947051121e+01	4.632209991514636727e+01
-6.74	-2.944849075935912097e+01	4.628680630568850773e+01
-6.72	-2.942732773246843081e+01	4.628142233442291342e+01
-6.70	-2.936523172370403145e+01	4.627369637049324780e+01
-6.68	-2.922378988918579878e+01	4.625690401245405781e+01
-6.66	-2.891317615663524165e+01	4.625292144283795182e+01
-6.64	-2.845763812669725112e+01	4.624289861254830925e+01
-6.62	-2.803799872753299027e+01	4.624048820821192152e+01
-6.60	-2.769324443907985156e+01	4.625418675922551870e+01
-6.58	-2.740428086553412967e+01	4.627062111431030189e+01
-6.56	-2.715166030915710138e+01	4.627297479423462789e+01
-6.54	-2.694243051814673962e+01	4.628567333578943277e+01
-6.52	-2.676085149890970172e+01	4.628688899368300724e+01
-6.50	-2.661028459669881130e+01	4.628891740414808709e+01
-6.48	-2.649179395894705991e+01	4.629653628109920760e+01
-6.46	-2.639760758094621096e+01	4.629714036951376244e+01
-6.44	-2.633163512970347853e+01	4.629996625231913043e+01
-6.42	-2.628933868637652083e+01	4.629785368645452337e+01
-6.40	-2.623913740828448837e+01	4.623131664737466195e+01
-6.38	-2.620954338327048916e+01	4.615443300338276345e+01
-6.36	-2.623535142477161841e+01	4.613385517519822088e+01
-6.34	-2.625542329951550968e+01	4.605280537042580136e+01
-6.32	-2.633478358428234856e+01	4.603299389061498204e+01
-6.30	-2.644018640064905057e+01	4.600731764551275660e+01
-6.28	-2.654281704621229920e+01	4.591741113468295765e+01
-6.26	-2.671660616293948110e+01	4.589408986170108307e+01
-6.24	-2.688121005037692868e+01	4.577748326588037742e+01
-6.22	-2.713666858916442948e+01	4.574101195676289677e+01
-6.20	-2.725960779196347872e+01	4.537831244071053760e+01
-6.18	-2.756272932870767889e+01	4.527158408547534663e+01
-6.16	-2.792759929977469113e+01	4.525925921293877252e+01
-6.14	-2.824646895571443039e+01	4.523019824696981317e+01
-6.12	-2.852090522536409978e+01	4.523087025058926258e+01
-6.10	-2.875885367022141992e+01	4.522968734307963246e+01
-6.08	-2.902067819184485131e+01	4.526685753232950304e+01
-6.06	-2.926590130179052096e+01	4.527558537292149765e+01
-6.04	-2.956997322846252985e+01	4.538547147891848255e+01
-6.02	-2.982740465461514034e+01	4.542895305021492192e+01
-6.00	-3.059478839545841922e+01	4.626879657816326130e+01
-5.98	-3.118280347496748917e+01	4.683554806496474754e+01
-5.96	-3.146729350895058985e+01	4.695552350401226249e+01
-5.94	-3.196781074715444149e+01	4.744855173617460764e+01
-5.92	-3.215304515479103742e+01	4.755543965709446752e+01
-5.90	-3.251539302722260771e+01	4.802221298321104825e+01
-5.88	-3.280734709040164887e+01	4.816939271246673115e+01
-5.86	-3.358243807848494811e+01	4.827378560310536670e+01
-5.84	-3.306895603980259324e+01	4.885569105313268778e+01
-5.82	-3.257329578261577296e+01	4.900306974799664061e+01
-5.80	-3.268453958231758349e+01	4.981051503430867200e+01
-5.78	-3.341677715239138280e+01	5.151865842717541710e+01
-5.76	-3.334888973530900103e+01	5.165343712257814701e+01
-5.74	-3.349120068021549201e+01	5.208094773332464200e+01
-5.72	-3.348306863427217905e+01	5.215396827825853165e+01
-5.70	-3.364150543095327350e+01	5.246008906994764232e+01
-5.68	-3.371046996189806322e+01	5.253749117797723756e+01
-5.66	-3.380548488311485755e+01	5.259598568869510160e+01
-5.64	-3.404377619261384069e+01	5.284733349707457251e+01
-5.62	-3.421615633255535016e+01	5.290489529616996123e+01
-5.60	-3.452112985955371727e+01	5.311510727497874029e+01
-5.58	-3.481768461132089243e+01	5.317876814802418295e+01
-5.56	-3.518997328545157899e+01	5.316177656259488771e+01
-5.54	-3.584059301672409958e+01	5.308352433819374738e+01
-5.52	-3.732919141189788803e+01	5.306170958418191219e+01
-5.50	-3.515984662864170218e+01	5.297187093630454058e+01
-5.48	-3.421272582061914136e+01	5.294081969763834650e+01
-5.46	-3.409191247665698654e+01	5.291837062459509866e+01
-5.44	-3.392587195075977746e+01	5.279961710330039182e+01
-5.42	-3.380534080745373160e+01	5.276813158375087198e+01
-5.40	-3.360392722307111057e+01	5.261099884339326138e+01
-5.38	-3.333463813996947778e+01	5.233949498447344695e+01
-5.36	-3.323131955987461339e+01	5.232065033573651647e+01
-5.34	-3.311220880439930170e+01	5.227041588190235899e+01
-5.32	-3.302211174741172783e+01	5.226248861737484219e+01
-5.30	-3.291796691854675316e+01	5.223196851540355823e+01
-5.28	-3.282574306809053866e+01	5.222357906255854942e+01
-5.26	-3.272964846518291893e+01	5.221693599276812137e+01
-5.24	-3.261550883907740683e+01	5.219288807677536113e+01
-5.22	-3.250300173789346303e+01	5.218561787981575861e+01
-5.20	-3.233289128826570646e+01	5.210103844081137936e+01
-5.18	-3.216516254195857272e+01	5.203736178927186273e+01
-5.16	-3.201737887264602733e+01	5.202172805711109049e+01
-5.14	-3.183118444801828062e+01	5.195906312579037234e+01
-5.12	-3.166738005328221917e+01	5.194471913158810850e+01
-5.10	-3.149635836513362008e+01	5.192537274131753122e+01
-5.08	-3.129478502630351855e+01	5.185774842556796216e+01
-5.06	-3.112625823462494878e+01	5.184165913121380953e+01
-5.04	-3.092353018615067128e+01	5.175682076760188721e+01
-5.02	-3.076667579144035969e+01	5.173111377608749706e+01
-5.00	-3.049337747979443947e+01	5.147984142835724697e+01
-4.98	-3.034537220017223902e+01	5.140996387695933123e+01
-4.96	-3.025812120859428944e+01	5.140279955363352826e+01
-4.94	-3.018887566690392887e+01	5.138111048504993761e+01
-4.92	-3.016070975517042996e+01	5.138085880457487775e+01
-4.90	-3.016240074424271000e+01	5.137954267839872102e+01
-4.88	-3.020571924878191084e+01	5.139296047890510266e+01
-4.86	-3.027328605101988046e+01	5.139656394576832099e+01
-4.84	-3.039664083222767843e+01	5.143983386356553922e+01
-4.82	-3.053428710689739844e+01	5.145712885441596285e+01
-4.80	-3.085927512703706910e+01	5.174770722137539281e+01
-4.78	-3.113246733200530869e+01	5.190732030349594339e+01
-4.76	-3.134915182331000949e+01	5.193677573122013769e+01
-4.74	-3.163272811201672141e+01	5.205150656419880306e+01
-4.72	-3.187108510883093970e+01	5.207186566845925313e+01
-4.70	-3.212155212855555675e+01	5.210015395083315326e+01
-4.68	-3.240836503834349713e+01	5.218374991763531767e+01
-4.66	-3.265341457332358743e+01	5.220334853925091778e+01
-4.64	-3.292689917289514057e+01	5.227841082185751276e+01
-4.62	-3.315499254811611252e+01	5.229529392026268653e+01
-4.60	-3.337575150965238890e+01	5.232036013881712222e+01
-4.58	-3.350415557545750289e+01	5.222606907076834659e+01
-4.56	-3.365716653637102240e+01	5.219877578246205729e+01
-4.54	-3.372766087649139166e+01	5.208049578840336125e+01
-4.52	-3.382136816568022653e+01	5.205254807676804063e+01
-4.50	-3.387775228873139355e+01	5.201610936545323227e+01
-4.48	-3.430628002606592020e+01	5.187300514089874781e+01
-4.46	-3.639115511299191752e+01	5.183812224056965334e+01
-4.44	-3.514484137963410859e+01	5.163934164820972228e+01
-4.42	-3.426596073922640784e+01	5.158756011089079152e+01
-4.40	-3.365538052904471300e+01	5.126795104735496267e+01
-4.38	-3.285773685256896215e+01	5.039142809817892754e+01
-4.36	-3.258986325806949935e+01	5.030367592638238250e+01
-4.34	-3.224252531524096099e+01	4.999610826785316675e+01
-4.32	-3.206358264811005654e+01	4.993194606412222214e+01
-4.30	-3.178733061751588096e+01	4.965696286360716982e+01
-4.28	-3.163675979827851847e+01	4.957257989623076355e+01
-4.26	-3.151169559874066906e+01	4.951232273218572288e+01
-4.24	-3.124742033967984156e+01	4.918030218907272655e+01
-4.22	-3.113048948350106926e+01	4.909673154340959655e+01
-4.20	-3.081393107888468919e+01	4.863176002149479160e+01
-4.18	-3.015192827198131909e+01	4.753054982595259759e+01
-4.16	-3.004937694570120854e+01	4.742936838683542078e+01
-4.14	-2.982083564453105140e+01	4.708736009080310225e+01
-4.12	-2.974978399725763012e+01	4.702047331170828670e+01
-4.10	-2.956448432132728144e+01	4.673368106747477668e+01
-4.08	-2.949690990275815139e+01	4.665039138484455350e+01
-4.06	-2.944738071789414136e+01	4.658992679255854341e+01
-4.04	-2.926722689711408876e+01	4.627858083271922141e+01
-4.02	-2.922084061201237049e+01	4.620169542403529306e+01
-4.00	-2.901309343748614111e+01	4.581654165339512730e+01
-3.98	-2.864575625221173993e+01	4.512868295398030227e+01
-3.96	-2.863277458797173125e+01	4.508213027810580797e+01
-3.94	-2.857654337671029054e+01	4.494595788941305869e+01
-3.92	-2.859022018091614825e+01	4.492650085389738734e+01
-3.90	-2.857723307354849140e+01	4.484423767328757293e+01
-3.88	-2.860811893715451859e+01	4.482781527191728799e+01
-3.86	-2.865051334437901076e+01	4.481499671778632887e+01
-3.84	-2.868863756432378054e+01	4.477170146500284176e+01
-3.82	-2.876005991660992933e+01	4.476450157230267024e+01
-3.80	-2.885266184490625108e+01	4.476570967136498780e+01
-3.78	-2.905436087379942123e+01	4.492909321456225058e+01
-3.76	-2.920519881769761028e+01	4.495010116465527972e+01
-3.74	-2.942134229205635876e+01	4.503187532930041925e+01
-3.72	-2.964520907689767171e+01	4.504977795122324835e+01
-3.70	-2.992980714334616010e+01	4.507312771032587762e+01
-3.68	-3.032813841622967033e+01	4.515013421368566782e+01
-3.66	-3.083356857487678937e+01	4.516797962409516032e+01
-3.64	-3.166839707913214852e+01	4.525751705553332727e+01
-3.62	-3.343602534589548725e+01	4.528118479093736681e+01
-3.60	-3.419785903696148921e+01	4.540234569327549252e+01
-3.58	-2.993043273770195967e+01	4.571699025529225224e+01
-3.56	-3.001596762255246986e+01	4.574955858787060947e+01
-3.54	-3.020676848022117156e+01	4.587994444806110295e+01
-3.52	-3.033347350415910171e+01	4.590952484444937198e+01
-3.50	-3.058875262583518051e+01	4.594894314273712155e+01
-3.48	-3.137545208258611140e+01	4.609609160484031776e+01
-3.46	-3.153496440095090136e+01	4.613252612767902860e+01
-3.44	-2.941473545114383015e+01	4.634215908409851181e+01
-3.42	-2.831130664196805924e+01	4.639886084963173118e+01
-3.40	-2.845733631045098022e+01	4.676820441625972080e+01
-3.38	-2.921776185795349079e+01	4.798284366309759008e+01
-3.36	-2.932631361703791839e+01	4.812216521668356961e+01
-3.34	-2.965007072115471942e+01	4.862498072109180924e+01
-3.32	-2.972778798849343929e+01	4.872957468610081833e+01
-3.30	-2.982360763214201071e+01	4.887090077189088788e+01
-3.28	-3.012914876030422917e+01	4.936079268546330212e+01
-3.26	-3.020781270863071910e+01	4.947881259813097898e+01
-3.24	-3.058579773914405919e+01	5.008651458488279928e+01
-3.22	-3.069305069627028004e+01	5.024365289550028990e+01
-3.20	-3.124048224730245948e+01	5.111666640172884257e+01
-3.18	-3.249925897313737266e+01	5.314980272058941324e+01
-3.16	-3.263368600151596866e+01	5.333220556067553275e+01
-3.14	-3.302241200082990247e+01	5.392841385993707348e+01
-3.12	-3.311243491236356107e+01	5.403542989444642330e+01
-3.10	-3.322703007314314760e+01	5.418608408144657318e+01
-3.08	-3.352977770925941314e+01	5.464793680585294311e+01
-3.06	-3.361486126725076673e+01	5.475626105421159906e+01
-3.04	-3.392522490775706245e+01	5.523417746949979090e+01
-3.02	-3.402116788424479665e+01	5.536492031418467263e+01
-3.00	-3.469317763843360325e+01	5.643888698305754303e+01
-2.98	-3.486758472354259197e+01	5.670535009620078881e+01
-2.96	-3.489515588899063658e+01	5.673750966979493171e+01
-2.94	-3.496564036405170128e+01	5.684458339082237188e+01
-2.92	-3.497486387035738886e+01	5.685573002758909666e+01
-2.90	-3.499723965125299685e+01	5.689026209883918028e+01
-2.88	-3.499784027451043755e+01	5.688937173602540298e+01
-2.86	-3.500040674665189755e+01	5.689169776106624710e+01
-2.84	-3.497619102788829792e+01	5.684860061011661259e+01
-2.82	-3.497175498940671190e+01	5.683463292513746978e+01
-2.80	-3.488213794733769646e+01	5.667811489628211774e+01
-2.78	-3.447648307410062074e+01	5.600326024175154060e+01
-2.76	-3.443882334463083339e+01	5.592323161878402971e+01
-2.74	-3.427009102144806008e+01	5.562499830599951167e+01
-2.72	-3.424623942633986218e+01	5.555889552066513204e+01
-2.70	-3.408559500062637682e+01	5.527116486527427242e+01
-2.68	-3.403650796261052136e+01	5.517842130033451298e+01
-2.66	-3.397705299540167090e+01	5.511289034854070223e+01
-2.64	-3.366817052887412842e+01	5.473616046997214113e+01
-2.62	-3.346137144728479740e+01	5.463970568636481318e+01
-2.60	-3.294226077085159687e+01	5.407873359419870241e+01
-2.58	-3.192720018290257045e+01	5.265215505954733999e+01
-2.56	-3.173730304791013879e+01	5.251479979078938953e+01
-2.54	-3.137974871031439150e+01	5.204339687792815283e+01
-2.52	-3.126998039044154964e+01	5.194842966479912860e+01
-2.50	-3.098612751084791839e+01	5.154174067983152696e+01
-2.48	-3.088113391347800984e+01	5.141953045928354982e+01
-2.46	-3.080178916661909128e+01	5.133135426713337779e+01
-2.44	-3.050279998239691892e+01	5.086880454541896768e+01
-2.42	-3.041579148206839989e+01	5.075279304158687665e+01
-2.40	-3.003970082874351988e+01	5.014628406900870772e+01
-2.38	-2.928505815864163964e+01	4.889840566296592073e+01
-2.36	-2.922004098253158944e+01	4.879623722838179134e+01
-2.34	-2.902470421249633148e+01	4.846746091022023251e+01
-2.32	-2.899769122005031008e+01	4.841121856241189647e+01
-2.30	-2.896225010035093916e+01	4.833118910082831121e+01
-2.28	-2.883448494489751113e+01	4.808811718129773283e+01
-2.26	-2.882518987822894019e+01	4.803227498163087716e+01
-2.24	-2.870634756948940947e+01	4.778429935900380343e+01
-2.22	-2.870520959736974120e+01	4.772416655259578278e+01
-2.20	-2.857497914506356906e+01	4.744112765070006787e+01
-2.18	-2.832648959650794040e+01	4.695508244105481310e+01
-2.16	-2.835202821961769004e+01	4.691902367445708677e+01
-2.14	-2.833403684444488846e+01	4.680682620984322284e+01
-2.12	-2.837335395745857980e+01	4.678705884418285166e+01
-2.10	-2.837397785698690100e+01	4.670222724413086013e+01
-2.08	-2.841143456327683126e+01	4.667882817074246304e+01
-2.06	-2.845128704885404858e+01	4.666186820476322339e+01
-2.04	-2.844768140461285100e+01	4.657740805434440290e+01
-2.02	-2.847827891016688895e+01	4.655431291353252732e+01
-2.00	-2.836849615770796973e+01	4.633808209617018292e+01
-1.98	-2.811462425427900058e+01	4.590729701587896727e+01
-1.96	-2.788198100838308946e+01	4.553556134335796912e+01
-1.94	-2.762319347093885114e+01	4.514055254230707703e+01
-1.92	-2.737687492153008861e+01	4.477462304969765228e+01
-1.90	-2.712445659877814919e+01	4.440659293707096111e+01
-1.88	-2.686735003225070173e+01	4.403652649780578798e+01
-1.86	-2.661205925565267094e+01	4.367308264784485772e+01
-1.84	-2.636294188268094985e+01	4.332202828973468201e+01
-1.82	-2.611111998452155092e+01	4.296726404659875698e+01
-1.80	-2.597413274089533886e+01	4.280120831708428852e+01
-1.78	-2.581555724712236000e+01	4.259751315291981655e+01
-1.76	-2.558264918772085039e+01	4.226755394948369116e+01
-1.74	-2.542076474606590963e+01	4.205112222813261269e+01
-1.72	-2.518919574997160993e+01	4.171451552268322871e+01
-1.70	-2.496761286704989047e+01	4.138897687883095244e+01
-1.68	-2.481469967297191914e+01	4.117215864600497355e+01
-1.66	-2.459405013102265158e+01	4.083786217396446006e+01
-1.64	-2.447023481393433997e+01	4.066049242542081288e+01
-1.62	-2.426057098244731947e+01	4.033686686573143731e+01
-1.60	-2.419281704019439161e+01	4.024752330079765272e+01
-1.58	-2.436365176631916896e+01	4.055577918394097026e+01
-1.56	-2.415353647359491873e+01	4.022959492143669991e+01
-1.54	-2.402614040513453020e+01	4.004181885668904073e+01
-1.52	-2.379926647888891011e+01	3.968825732557282038e+01
-1.50	-2.364313926582643077e+01	3.945277051719475736e+01
-1.48	-2.341809083721923912e+01	3.910173393017498000e+01
-1.46	-2.318685642567158922e+01	3.873978545569408283e+01
-1.44	-2.302308044092850992e+01	3.849047546794154329e+01
-1.42	-2.279251392237443952e+01	3.812960915180556043e+01
-1.40	-2.263037022816498123e+01	3.788372534450027729e+01
-1.38	-2.248066108456371026e+01	3.765888400654502988e+01
-1.36	-2.222873621470309047e+01	3.726270662704971670e+01
-1.34	-2.197598508451184074e+01	3.686526800462439724e+01
-1.32	-2.171918835364409972e+01	3.646140473525395009e+01
-1.30	-2.145620978464443951e+01	3.604758566478150072e+01
-1.28	-2.120525414912622963e+01	3.564025813064424142e+01
-1.26	-2.119819015632570824e+01	3.523510096755399701e+01
-1.24	-2.276701027675268918e+01	3.480529324678168734e+01
-1.22	-2.377352847308034001e+01	3.439575786953344760e+01
-1.20	-2.228965057553406837e+01	3.390488177863171870e+01
-1.18	-2.133380867273939074e+01	3.349698763272151325e+01
-1.16	-2.070476915201031076e+01	3.310152158070358297e+01
-1.14	-2.020650515185115026e+01	3.272088338882063852e+01
-1.12	-1.976490788975980095e+01	3.232869102436597331e+01
-1.10	-1.936316085948968890e+01	3.193799165684297847e+01
-1.08	-1.900728991450962013e+01	3.157957621796040826e+01
-1.06	-1.865295869267033879e+01	3.118997477837066157e+01
-1.04	-1.834825394005592969e+01	3.085960524236135072e+01
-1.02	-1.802865974073091948e+01	3.048261467129326974e+01
-1.00	-1.790992869656455966e+01	3.043725882004600081e+01
-0.98	-1.770077222546508011e+01	3.022364720898574930e+01
-0.96	-1.740758668236772166e+01	2.984756907228589995e+01
-0.94	-1.718328104782126076e+01	2.958036018475582907e+01
-0.92	-1.689593824337826078e+01	2.919198494998233073e+01
-0.90	-1.666665701436759051e+01	2.889662825250123035e+01
-0.88	-1.639003069341460161e+01	2.851025998055811073e+01
-0.86	-1.611255626948194930e+01	2.811473062840515880e+01
-0.84	-1.589279919929056994e+01	2.781570229923530135e+01
-0.82	-1.562453161254702927e+01	2.742457488905877838e+01
-0.80	-1.549371449967932968e+01	2.727428827542605916e+01
-0.78	-1.524026245693078963e+01	2.690125226017758919e+01
-0.76	-1.495861121612350075e+01	2.647203052615941843e+01
-0.74	-1.468421799175922082e+01	2.605158682540044168e+01
-0.72	-1.440356051253852065e+01	2.561608394635528896e+01
-0.70	-1.412531240029501056e+01	2.518154644492917171e+01
-0.68	-1.384233272112082958e+01	2.473527709016347131e+01
-0.66	-1.356582534646769922e+01	2.429761002321363961e+01
-0.64	-1.327660557218207948e+01	2.383385179588675840e+01
-0.62	-1.300101781082092955e+01	2.339210494665665863e+01
-0.60	-1.269899613805035088e+01	2.289852311783732830e+01
-0.58	-1.233151180491809917e+01	2.228284438982354132e+01
-0.56	-1.206025112856472958e+01	2.184080875542175093e+01
-0.54	-1.176767948325984925e+01	2.135730163750003996e+01
-0.52	-1.150443524372101045e+01	2.092546698586345144e+01
-0.50	-1.124013287715201947e+01	2.048918830488770126e+01
-0.48	-1.096194487192363987e+01	2.002507374777011151e+01
-0.46	-1.070393820273775987e+01	1.959593120727600990e+01
-0.44	-1.042890772561224999e+01	1.913275143275669876e+01
-0.42	-1.017355704082904921e+01	1.870377473201218876e+01
-0.40	-9.863002400251554391e+00	1.816927797733013961e+01
-0.38	-9.595060667548219513e+00	1.771137380040829967e+01
-0.36	-9.350617455359211405e+00	1.729568441274270896e+01
-0.34	-9.093895326556724612e+00	1.685474954245139045e+01
-0.32	-8.854408587895761684e+00	1.644394382401302934e+01
-0.30	-8.614821057682114258e+00	1.603058312020637999e+01
-0.28	-8.367332402495206267e+00	1.560013003667464915e+01
-0.26	-8.132773455670388785e+00	1.519173558779882072e+01
-0.24	-7.887124686427725351e+00	1.475993161136450915e+01
-0.22	-7.655228807317392636e+00	1.435178454733605946e+01
-0.20	-7.376292802338092258e+00	1.385156014940893066e+01
-0.18	-7.133705202580505222e+00	1.341770768240177958e+01
-0.16	-6.915075194188795571e+00	1.302798035889444961e+01
-0.14	-6.687210597178245841e+00	1.261856972356594042e+01
-0.12	-6.474864882715849923e+00	1.223688090656439087e+01
-0.10	-6.256541335880348775e+00	1.184173390421024052e+01
-0.08	-6.049085332421454630e+00	1.146543395833169043e+01
-0.06	-5.842876414770850957e+00	1.108982280086646988e+01
-0.04	-5.633942639104206229e+00	1.071722036028825009e+01
-0.02	-5.426045376941483589e+00	1.036757322221109057e+01
-0.00	-5.224490117181161963e+00	1.000000000000001066e+01
