-24.00	-2.172116126310325157e+01	5.000000000000000000e+01
-23.00	-2.206332336125134930e+01	4.993185219759873661e+01
-22.00	-2.243810931545750975e+01	4.989183945525604713e+01
-21.00	-2.284401933700724996e+01	4.996340807318885169e+01
-20.00	-2.311312892353378956e+01	4.961685050178652290e+01
-19.00	-2.403934157238253988e+01	5.078523606488648312e+01
-18.00	-2.394098379858944980e+01	4.945520539979437302e+01
-17.00	-2.542324119141789041e+01	5.166858902767467754e+01
-16.98	-2.549190303688842008e+01	5.179564826900494268e+01
-16.96	-2.551207354434809105e+01	5.182676139036370699e+01
-16.94	-2.556079214935233068e+01	5.191498530809941059e+01
-16.92	-2.557754466525218007e+01	5.194150158070176815e+01
-16.90	-2.561517020683504953e+01	5.201476741989282004e+01
-16.88	-2.562992859490466913e+01	5.204492244951291724e+01
-16.86	-2.564065244668739041e+01	5.207031601987628733e+01
-16.84	-2.567530898309405885e+01	5.214728490423067342e+01
-16.82	-2.568626466421074994e+01	5.217799364136713081e+01
-16.80	-2.576480758346169964e+01	5.234826818541503002e+01
-16.78	-2.578478522201283951e+01	5.239956383086524738e+01
-16.76	-2.578806048849538968e+01	5.241660154852858255e+01
-16.74	-2.579354239952877137e+01	5.243722273642257647e+01
-16.72	-2.579568369704787045e+01	5.244907931286370228e+01
-16.70	-2.579395286836679091e+01	5.245057701781470172e+01
-16.68	-2.579599514471201971e+01	5.245608991694753342e+01
-16.66	-2.580167721767233147e+01	5.246495406539629158e+01
-16.64	-2.578807057539383862e+01	5.242948040621102024e+01
-16.62	-2.579419976790804014e+01	5.242878311297565119e+01
-16.60	-2.575176071865092098e+01	5.232271135512628746e+01
-16.58	-2.553198573928225912e+01	5.184837452857105689e+01
-16.56	-2.552343951670735933e+01	5.179875377255113733e+01
-16.54	-2.543928426716285074e+01	5.158820303879919322e+01
-16.52	-2.544294475632516139e+01	5.155026747546649801e+01
-16.50	-2.544203718592951091e+01	5.149605452169126352e+01
-16.48	-2.536515711903976111e+01	5.128101075888785232e+01
-16.46	-2.537416394226287863e+01	5.123456573765736266e+01
-16.44	-2.527420379175699949e+01	5.096100924869421078e+01
-16.42	-2.527860294481605052e+01	5.089379186940193023e+01
-16.40	-2.512058621113078871e+01	5.049327497799672670e+01
-16.38	-2.470724682032508923e+01	4.957341302057795218e+01
-16.36	-2.470987963684768829e+01	4.949115934980437004e+01
-16.34	-2.462526132344970975e+01	4.922997717760959091e+01
-16.32	-2.464566136570481092e+01	4.917746472761397314e+01
-16.30	-2.459162578693005941e+01	4.897316463013387278e+01
-16.28	-2.460995291120456940e+01	4.891216968938815768e+01
-16.26	-2.463622631632022930e+01	4.886524646205536726e+01
-16.24	-2.458845241340425147e+01	4.866930636751637707e+01
-16.22	-2.461099494075008920e+01	4.861255214115779921e+01
-16.20	-2.447666925689830109e+01	4.824349252253703213e+01
-16.18	-2.449331686646096173e+01	4.817383753178079075e+01
-16.16	-2.453886724856477031e+01	4.816050423817338100e+01
-16.14	-2.458191815785001921e+01	4.814112308654640060e+01
-16.12	-2.463140592442032073e+01	4.813327887152902917e+01
-16.10	-2.468124306169626081e+01	4.812490581453697303e+01
-16.08	-2.473878289674632924e+01	4.813000373874599092e+01
-16.06	-2.479182180715014994e+01	4.812462317869589867e+01
-16.04	-2.485886095834830911e+01	4.814471741844275243e+01
-16.02	-2.491615403019693176e+01	4.814377213138006795e+01
-16.00	-2.499577615761607063e+01	4.818399407216608665e+01
-15.98	-2.509542648959349975e+01	4.826058608136928285e+01
-15.96	-2.515435214476585912e+01	4.825563466179301031e+01
-15.94	-2.521517755572806152e+01	4.825197402441416017e+01
-15.92	-2.527410758701914162e+01	4.824245393784047309e+01
-15.90	-2.533434400782449103e+01	4.823325363011593225e+01
-15.88	-2.539013929892922050e+01	4.821370887126632709e+01
-15.86	-2.545103619744492107e+01	4.820231008933107120e+01
-15.84	-2.550083553153438842e+01	4.816851740519462055e+01
-15.82	-2.555956547941103096e+01	4.815094467944499712e+01
-15.80	-2.555338961684381971e+01	4.801015079657125995e+01
-15.78	-2.558423632228285882e+01	4.794005814390465048e+01
-15.76	-2.564140756713328884e+01	4.792041935937808717e+01
-15.74	-2.568327031786619941e+01	4.787321255161838707e+01
-15.72	-2.574104185791792077e+01	4.785775536836443678e+01
-15.70	-2.579614450835667938e+01	4.783959223097288316e+01
-15.68	-2.584314993626421852e+01	4.780896442390393730e+01
-15.66	-2.589701044983166867e+01	4.779445578806134165e+01
-15.64	-2.594601472059893155e+01	4.777444319660391869e+01
-15.62	-2.599739725971436144e+01	4.776271886638662068e+01
-15.60	-2.605542997672094074e+01	4.776773132029239122e+01
-15.58	-2.618771446075232134e+01	4.791393772717668753e+01
-15.56	-2.624575675986046974e+01	4.792758296394905670e+01
-15.54	-2.633750688561885056e+01	4.800791296796167984e+01
-15.52	-2.638979978809908999e+01	4.802048362119580815e+01
-15.50	-2.647912838493659038e+01	4.810563670516899748e+01
-15.48	-2.653202128709899910e+01	4.812936626534474271e+01
-15.46	-2.657695609558011896e+01	4.814324135849849995e+01
-15.44	-2.668083726580827886e+01	4.826984881993094234e+01
-15.42	-2.672743372372848114e+01	4.829717280945251190e+01
-15.40	-2.687008053314087874e+01	4.850458061869068871e+01
-15.38	-2.722053205853795177e+01	4.909472141086654773e+01
-15.36	-2.727507698757672827e+01	4.915217862850862218e+01
-15.34	-2.741178718828824046e+01	4.936438596535492707e+01
-15.32	-2.745042285025023077e+01	4.940424343128677265e+01
-15.30	-2.749427611077581091e+01	4.945994546873132691e+01
-15.28	-2.761300684385280135e+01	4.965741822200737943e+01
-15.26	-2.764443587155543014e+01	4.970310206920490970e+01
-15.24	-2.777864504025021120e+01	4.994172988373909305e+01
-15.22	-2.781669856446380962e+01	5.001278060281578064e+01
-15.20	-2.823598792377698885e+01	5.078160628911486896e+01
-15.18	-2.840200890372497966e+01	5.109879721478692005e+01
-15.16	-2.842277404700632104e+01	5.115879319426810667e+01
-15.14	-2.852646876842645085e+01	5.137591000393678087e+01
-15.12	-2.853253314087467984e+01	5.142208333370501094e+01
-15.10	-2.860470885950265085e+01	5.159418649014995850e+01
-15.08	-2.860874820347537906e+01	5.164772160532923095e+01
-15.06	-2.860362607219486009e+01	5.168947634490042020e+01
-15.04	-2.866500179450180141e+01	5.185658064104129039e+01
-15.02	-2.865858625463001985e+01	5.190358647485444976e+01
-15.00	-2.871998368694334047e+01	5.207751524270486954e+01
-14.98	-2.877845037902545045e+01	5.224833207965056658e+01
-14.96	-2.874829235191295851e+01	5.225836849208199908e+01
-14.94	-2.870687777852121059e+01	5.224838320599204167e+01
-14.92	-2.867104560921854173e+01	5.224873899759960238e+01
-14.90	-2.861655797619195951e+01	5.221443027629762668e+01
-14.88	-2.857621886749081952e+01	5.220532006985445861e+01
-14.86	-2.853980200729115069e+01	5.220246485768733891e+01
-14.84	-2.846339057325710087e+01	5.212447683221286354e+01
-14.82	-2.841908863818870046e+01	5.210440829736040058e+01
-14.80	-2.817971135970404006e+01	5.172157769102472713e+01
-14.78	-2.804872062237821950e+01	5.153769652879626761e+01
-14.76	-2.800173724895870109e+01	5.150843985268261349e+01
-14.74	-2.789875182604903969e+01	5.137415109813247227e+01
-14.72	-2.785754244873090002e+01	5.135372423171401834e+01
-14.70	-2.781130829061267917e+01	5.132299770667506777e+01
-14.68	-2.772168052186582088e+01	5.121032573947074695e+01
-14.66	-2.768106813633946928e+01	5.118775060536403743e+01
-14.64	-2.758540913639667025e+01	5.106052179968754956e+01
-14.62	-2.754373155847141064e+01	5.103181190465461015e+01
-14.60	-2.742954440273317829e+01	5.086417020396618227e+01
-14.58	-2.720405130359620927e+01	5.048331882923873337e+01
-14.56	-2.716542219284627890e+01	5.044787643979565672e+01
-14.54	-2.708123828211786943e+01	5.032048752830102956e+01
-14.52	-2.705479505709530841e+01	5.029355107303325667e+01
-14.50	-2.698430741020180079e+01	5.017458025913631303e+01
-14.48	-2.696221864067686980e+01	5.013572520080506933e+01
-14.46	-2.695299434561966834e+01	5.010812218194657675e+01
-14.44	-2.688179309235907866e+01	4.995011325926231649e+01
-14.42	-2.687609134246802967e+01	4.989994400584372158e+01
-14.40	-2.658813990136788874e+01	4.930237764615593932e+01
-14.38	-2.647013022574478924e+01	4.900777240958913694e+01
-14.36	-2.648622516956070072e+01	4.894671873587761723e+01
-14.34	-2.642408920022133856e+01	4.872130003184715719e+01
-14.32	-2.646646632155751888e+01	4.867293247832442660e+01
-14.30	-2.650990548304908145e+01	4.860844987539155682e+01
-14.28	-2.649319250018596961e+01	4.841380945930521307e+01
-14.26	-2.656215790188363002e+01	4.836179319442339164e+01
-14.24	-2.655221281409075118e+01	4.814810158137623120e+01
-14.22	-2.663078224338737954e+01	4.808224628157739033e+01
-14.20	-2.648629355507792837e+01	4.759642121453806851e+01
-14.18	-2.655667249974387900e+01	4.749187670384117865e+01
-14.16	-2.668145185510105932e+01	4.747529778744542028e+01
-14.14	-2.681219194463687927e+01	4.745958103257886052e+01
-14.12	-2.695499011383022037e+01	4.745615730230218077e+01
-14.10	-2.712319484212779130e+01	4.748891885941827695e+01
-14.08	-2.728512089782602956e+01	4.750124112140723298e+01
-14.06	-2.744745909209403933e+01	4.750437211086620692e+01
-14.04	-2.768213408180989177e+01	4.762195508994855686e+01
-14.02	-2.787302775131692911e+01	4.764673592966376248e+01
-14.00	-2.821511474994817092e+01	4.790906758783324193e+01
-13.98	-2.896921691246772923e+01	4.883739182417917846e+01
-13.96	-2.926723219075611127e+01	4.893419597050485947e+01
-13.94	-2.971481004684271099e+01	4.929748837993015798e+01
-13.92	-2.977352898357366939e+01	4.936635735403913827e+01
-13.90	-2.953340090552428876e+01	4.946238453577441163e+01
-13.88	-2.950703495007519095e+01	4.980267905518810068e+01
-13.86	-2.950810554647959094e+01	4.988121133774927074e+01
-13.84	-2.978244235146994967e+01	5.028874698098186258e+01
-13.82	-2.991492922741248961e+01	5.040841451292622111e+01
-13.80	-3.072328495799649062e+01	5.167087003592934735e+01
-13.78	-3.108350727961872906e+01	5.216597142521006703e+01
-13.76	-3.120532535330865898e+01	5.225621767186203215e+01
-13.74	-3.146619854682376882e+01	5.258510902473034321e+01
-13.72	-3.156964258895499142e+01	5.264889604652157118e+01
-13.70	-3.168545840670682168e+01	5.273606516031743041e+01
-13.68	-3.189456371881372121e+01	5.298277321763364967e+01
-13.66	-3.199459416860326044e+01	5.304724370892454033e+01
-13.64	-3.220107068451157772e+01	5.329269651760772319e+01
-13.62	-3.230107450142938319e+01	5.336054956543951988e+01
-13.60	-3.251311465326099182e+01	5.361757573734721660e+01
-13.58	-3.273233339715319090e+01	5.388669507277428750e+01
-13.56	-3.279942247235273101e+01	5.390165497580696297e+01
-13.54	-3.285004437999381111e+01	5.388943348684912138e+01
-13.52	-3.290723848030386023e+01	5.388813363768105802e+01
-13.50	-3.293204268410932656e+01	5.383246071982222247e+01
-13.48	-3.297976522611737948e+01	5.381413239870494181e+01
-13.46	-3.303492445372005903e+01	5.380683693543910806e+01
-13.44	-3.300985635868048007e+01	5.366495598984638349e+01
-13.42	-3.304572984033634953e+01	5.362195137623390195e+01
-13.40	-3.259985606587088114e+01	5.278204116029012027e+01
-13.38	-3.235786845927258781e+01	5.227825342288335264e+01
-13.36	-3.236078832652790283e+01	5.217783220243202891e+01
-13.34	-3.216382929469912710e+01	5.174774809274988741e+01
-13.32	-3.217726668824253267e+01	5.166289964174887217e+01
-13.30	-3.217097950717737831e+01	5.154610176032493030e+01
-13.28	-3.197576125012326997e+01	5.112271899211921777e+01
-13.26	-3.197799034510124017e+01	5.102355600161393312e+01
-13.24	-3.171335982445775059e+01	5.049269882686399313e+01
-13.22	-3.168811745615589004e+01	5.035606792046291247e+01
-13.20	-3.126628391254623907e+01	4.958069438084560687e+01
-13.18	-3.016569951625444901e+01	4.771360781332751344e+01
-13.16	-3.009861865326023889e+01	4.753054342126487342e+01
-13.14	-2.977440808990044019e+01	4.694032243358636691e+01
-13.12	-2.973034225793681173e+01	4.681240270254124880e+01
-13.10	-2.945172446872713934e+01	4.631445752501112878e+01
-13.08	-2.937682178776650943e+01	4.615529689481306974e+01
-13.06	-2.932019353741018008e+01	4.603496797051757738e+01
-13.04	-2.899380831145117909e+01	4.549036057256230947e+01
-13.02	-2.890571571952717989e+01	4.534018456815456943e+01
-13.00	-2.848599642851401015e+01	4.466177219147653688e+01
-12.98	-2.770924412281014071e+01	4.341738516925261848e+01
-12.96	-2.762450692573871081e+01	4.330008751328976047e+01
-12.94	-2.742027229881141892e+01	4.299723858604092186e+01
-12.92	-2.735466706376443113e+01	4.292560867376806755e+01
-12.90	-2.727237496223791169e+01	4.283423661307674024e+01
-12.88	-2.711920391007953057e+01	4.263309188884885970e+01
-12.86	-2.704548586081386929e+01	4.256471876424158296e+01
-12.84	-2.690792406819074856e+01	4.239428234435678178e+01
-12.82	-2.683643583511366160e+01	4.233332415454793818e+01
-12.80	-2.675990949183990963e+01	4.226529688118458239e+01
-12.78	-2.680471328229010908e+01	4.239581866532675747e+01
-12.76	-2.678064289128223052e+01	4.241179409142460344e+01
-12.74	-2.685124708298953067e+01	4.258328215767876657e+01
-12.72	-2.683246179833460943e+01	4.260631609313192314e+01
-12.70	-2.692349577286639928e+01	4.280887162976961235e+01
-12.68	-2.692531242068476161e+01	4.286289793019052752e+01
-12.66	-2.691289144166692893e+01	4.289144716831960835e+01
-12.64	-2.708505327342627922e+01	4.322482743477881684e+01
-12.62	-2.709961062996677938e+01	4.329275770276466062e+01
-12.60	-2.741983064119530056e+01	4.387378273510343263e+01
-12.58	-2.844898719935424936e+01	4.563314364523844091e+01
-12.56	-2.852779598134670991e+01	4.580185124366998650e+01
-12.54	-2.889487798337043856e+01	4.644438430280565910e+01
-12.52	-2.897969590946636131e+01	4.656783165931867785e+01
-12.50	-2.948069210529829931e+01	4.715100299061356282e+01
-12.48	-3.030856363044696167e+01	4.732456434634978137e+01
-12.46	-3.138277717545668111e+01	4.744486690369178206e+01
-12.44	-3.169722504414778896e+01	4.815609856261117727e+01
-12.42	-3.133885321047982941e+01	4.835902073278583657e+01
-12.40	-3.240893047487897860e+01	5.060004959752883735e+01
-12.38	-3.276005482159315108e+01	5.148062789057976119e+01
-12.36	-3.275981202477382226e+01	5.163238977474804159e+01
-12.34	-3.307075900432398896e+01	5.221508231256223098e+01
-12.32	-3.314180135714371289e+01	5.231838379515136239e+01
-12.30	-3.327754013608088002e+01	5.246417112815792905e+01
-12.28	-3.362216939289468343e+01	5.289867411354786952e+01
-12.26	-3.381288096843967139e+01	5.300277379842844283e+01
-12.24	-3.424153846481482333e+01	5.343704533529354705e+01
-12.22	-3.453270588879171754e+01	5.354768208541695174e+01
-12.20	-3.509956583047888046e+01	5.401413969583573760e+01
-12.18	-3.586057580187861049e+01	5.463788032175683895e+01
-12.16	-3.644037855173144180e+01	5.468018488643183872e+01
-12.14	-3.736787865111494256e+01	5.476639929644659333e+01
-12.12	-3.924182161923423706e+01	5.478512032103748197e+01
-12.10	-4.240510071102909251e+01	5.482577689400945076e+01
-12.08	-3.621401715180935099e+01	5.484004893945652270e+01
-12.06	-3.350315358833441337e+01	5.485411960048317326e+01
-12.04	-3.348157720299646911e+01	5.486242950141217278e+01
-12.02	-3.347529402635417739e+01	5.487044160493722700e+01
-12.00	-3.343245332615885701e+01	5.481583826102217927e+01
-11.98	-3.341052017093655735e+01	5.479464978999982350e+01
-11.96	-3.339741704022390678e+01	5.478758368254879230e+01
-11.94	-3.338753530035953787e+01	5.478597129983049285e+01
-11.92	-3.337619683837714035e+01	5.478165198027190286e+01
-11.90	-3.337268436331142851e+01	5.479015259670453020e+01
-11.88	-3.336380535023695870e+01	5.478927995536364648e+01
-11.86	-3.335383570080465887e+01	5.478610092153206779e+01
-11.84	-3.336053537806248670e+01	5.481004782224184169e+01
-11.82	-3.335486968824397280e+01	5.481183264758932694e+01
-11.80	-3.340195147387228758e+01	5.490016459567765139e+01
-11.78	-3.339602663003284277e+01	5.489655203419980722e+01
-11.76	-3.338619835486151288e+01	5.488281720507819017e+01
-11.74	-3.336454712710329318e+01	5.484532070253843727e+01
-11.72	-3.335610587278421235e+01	5.482579236954399704e+01
-11.70	-3.332574684187896707e+01	5.476429027446206277e+01
-11.68	-3.331561064536234085e+01	5.473301073737656708e+01
-11.66	-3.331201342156448675e+01	5.470946869183497796e+01
-11.64	-3.324960180785345187e+01	5.458900848720944765e+01
-11.62	-3.322280841140810992e+01	5.454034814790517061e+01
-11.60	-3.283552521545939129e+01	5.391658407755232219e+01
-11.58	-3.255131032862657747e+01	5.353777248584614767e+01
-11.56	-3.235406521771687949e+01	5.345205507074322782e+01
-11.54	-3.188447077504153881e+01	5.313137863458768351e+01
-11.52	-3.141584383557642113e+01	5.305410580278908839e+01
-11.50	-3.074237590791843999e+01	5.275224068342326689e+01
-11.48	-3.017087012491858999e+01	5.264958771241040125e+01
-11.46	-2.963370007564115838e+01	5.257381888627475064e+01
-11.44	-2.897271959753004111e+01	5.219412326793177925e+01
-11.42	-2.848670825919309024e+01	5.207219645053894652e+01
-11.40	-2.745011568499824861e+01	5.078205105883890980e+01
-11.38	-2.681623806337221083e+01	5.018643908585541169e+01
-11.36	-2.645794382639997977e+01	5.006563162462163774e+01
-11.34	-2.597479225509500012e+01	4.961504164526390070e+01
-11.32	-2.570038035656542874e+01	4.951369529059842733e+01
-11.30	-2.531837360048658070e+01	4.911619608617453991e+01
-11.28	-2.510183055323836854e+01	4.898652307761945224e+01
-11.26	-2.493423969612874913e+01	4.889024272039939234e+01
-11.24	-2.462311088453715868e+01	4.842141853634564796e+01
-11.22	-2.449828019913320887e+01	4.827468061141495070e+01
-11.20	-2.377235183578472899e+01	4.679195008434791703e+01
-11.18	-2.347835236117087021e+01	4.615245794315441685e+01
-11.16	-2.345624025801150125e+01	4.602725539962222712e+01
-11.14	-2.330526117667065122e+01	4.556927793198961751e+01
-11.12	-2.335320546711330891e+01	4.547023440357366297e+01
-11.10	-2.329507126128591921e+01	4.508904778117724987e+01
-11.08	-2.339028093366934868e+01	4.496947977430865251e+01
-11.06	-2.352824481472967832e+01	4.487866227294787080e+01
-11.04	-2.353901123207877077e+01	4.447118579630863167e+01
-11.02	-2.371508692661216955e+01	4.434844238959856000e+01
-11.00	-2.346506755524211130e+01	4.332305339278182998e+01
-10.98	-2.358463400958592970e+01	4.299966396498447097e+01
-10.96	-2.385806918864209081e+01	4.294290752001668210e+01
-10.94	-2.409095170704220124e+01	4.276675079190051321e+01
-10.92	-2.441769933660749103e+01	4.273043039414886124e+01
-10.90	-2.472863193893111955e+01	4.262117159285332946e+01
-10.88	-2.510203675000656887e+01	4.258904320491924977e+01
-10.86	-2.548611238108603061e+01	4.256061039971270787e+01
-10.84	-2.582478935513240970e+01	4.250104284109564645e+01
-10.82	-2.610400457718684919e+01	4.247988788730025078e+01
-10.80	-2.628894964628299036e+01	4.247887696060943341e+01
-10.78	-2.652985184987252865e+01	4.271181267702966267e+01
-10.76	-2.659389256873122065e+01	4.273275138584285315e+01
-10.74	-2.668544108800819004e+01	4.284451522417894154e+01
-10.72	-2.670561278602115962e+01	4.285777185123377109e+01
-10.70	-2.672596897433341923e+01	4.288019119229196718e+01
-10.68	-2.679737807126532090e+01	4.298710682796436089e+01
-10.66	-2.681511274708005033e+01	4.300266467465529274e+01
-10.64	-2.690346768785214948e+01	4.313288404766756656e+01
-10.62	-2.692936796602680971e+01	4.315639332483493718e+01
-10.60	-2.705165667347595004e+01	4.333936760821943324e+01
-10.58	-2.732179088831381009e+01	4.375953698660858038e+01
-10.56	-2.735612913131028989e+01	4.378506305794402920e+01
-10.54	-2.744679266762376102e+01	4.390141132600206930e+01
-10.52	-2.747514797489866822e+01	4.391232300847806158e+01
-10.50	-2.750930306497608058e+01	4.393313184787368186e+01
-10.48	-2.759273869440146854e+01	4.403146175058171252e+01
-10.46	-2.762489986087490124e+01	4.404483546562479290e+01
-10.44	-2.772062589842343883e+01	4.416334758725014353e+01
-10.42	-2.775643818767593984e+01	4.418458321290513879e+01
-10.40	-2.788075477456046158e+01	4.435953131678594730e+01
-10.38	-2.819584340485279128e+01	4.483764551596713233e+01
-10.36	-2.823927969165236007e+01	4.487622169659481841e+01
-10.34	-2.854913454867239153e+01	4.504458620402432700e+01
-10.32	-3.355439827465095703e+01	4.506895888616676160e+01
-10.30	-3.814518872578189246e+01	4.510652675897363650e+01
-10.28	-3.495097903208584711e+01	4.526767220906904043e+01
-10.26	-3.349363164212923749e+01	4.529748608789679309e+01
-10.24	-3.302755809927548825e+01	4.550420678621676274e+01
-10.22	-3.274971147312655972e+01	4.554887451605723214e+01
-10.20	-3.277894988417754263e+01	4.586814973271130924e+01
-10.18	-3.323936272425893890e+01	4.676946083347949212e+01
-10.16	-3.321769245699002937e+01	4.685555366755323092e+01
-10.14	-3.334820748395770096e+01	4.718953669957088692e+01
-10.12	-3.328791573123368153e+01	4.724855242781732301e+01
-10.10	-3.321939224796341250e+01	4.733314150210284765e+01
-10.08	-3.328419405491076333e+01	4.765706337796734715e+01
-10.06	-3.319120351082261777e+01	4.772644743630038278e+01
-10.04	-3.331567136912733673e+01	4.813935960107340861e+01
-10.02	-3.327228600619456245e+01	4.823940380082988355e+01
-10.00	-3.357705178014438729e+01	4.887166068656397755e+01
-9.98	-3.457588725003942898e+01	5.057447874238322783e+01
-9.96	-3.472600435917809847e+01	5.073944295719145003e+01
-9.94	-3.522999915912136260e+01	5.133257545887138207e+01
-9.92	-3.557863108672641062e+01	5.145076026931074153e+01
-9.90	-3.633296587620119311e+01	5.197728626779579741e+01
-9.88	-3.694817477293373287e+01	5.213495658456905346e+01
-9.86	-3.750472951874593264e+01	5.224691859847764874e+01
-9.84	-3.837938770930090726e+01	5.286900430659220262e+01
-9.82	-3.879015116784208317e+01	5.303499945009411221e+01
-9.80	-3.977066217974697793e+01	5.441727662810563970e+01
-9.78	-4.109143921950945355e+01	5.563899299040745206e+01
-9.76	-4.001837969979762732e+01	5.576435244165097771e+01
-9.74	-3.957026083355660262e+01	5.621287759393923267e+01
-9.72	-3.925445744935704795e+01	5.628338532629803126e+01
-9.70	-3.909679719483943217e+01	5.638693247725188229e+01
-9.68	-3.915960615432273784e+01	5.669833424234806074e+01
-9.66	-3.913180520329586898e+01	5.676006855255314321e+01
-9.64	-3.927718015265288187e+01	5.703816243406117081e+01
-9.62	-3.934287489001540905e+01	5.710360050874985660e+01
-9.60	-3.963017162281592221e+01	5.745021943956943744e+01
-9.58	-3.973728643449040021e+01	5.737380058476227873e+01
-9.56	-4.001340213651280919e+01	5.733854616558429740e+01
-9.54	-4.060965723345149314e+01	5.719087118146178739e+01
-9.52	-4.196119599137377776e+01	5.715106344595523780e+01
-9.50	-3.882155923524705088e+01	5.710093087553330804e+01
-9.48	-3.753375131965695743e+01	5.690237694992819684e+01
-9.46	-3.741447981183190308e+01	5.685351280626179715e+01
-9.44	-3.717135829719759244e+01	5.657040067539065120e+01
-9.42	-3.703195557408861305e+01	5.647978882729192662e+01
-9.40	-3.622006334963732854e+01	5.532921282511524907e+01
-9.38	-3.576352489414625779e+01	5.475892170351958299e+01
-9.36	-3.558746170131831121e+01	5.464921432355488662e+01
-9.34	-3.520154182769407925e+01	5.420918407982546228e+01
-9.32	-3.503128655550352022e+01	5.412536969358652783e+01
-9.30	-3.483628760217680309e+01	5.400939990915197342e+01
-9.28	-3.446569587019141778e+01	5.361290478184521646e+01
-9.26	-3.427892402882700651e+01	5.352183675529656881e+01
-9.24	-3.385717537930499788e+01	5.304829238426299298e+01
-9.22	-3.363999696979645648e+01	5.290838185031544327e+01
-9.20	-3.253291993969840235e+01	5.129465382682977292e+01
-9.18	-3.196069228524083883e+01	5.055004093173363344e+01
-9.16	-3.176198132725503953e+01	5.041152325928494804e+01
-9.14	-3.131491460298207130e+01	4.984409435662303167e+01
-9.12	-3.115774373109798034e+01	4.973834795518016705e+01
-9.10	-3.098819561124170008e+01	4.959117364721043231e+01
-9.08	-3.061862860802407837e+01	4.908281569515175136e+01
-9.06	-3.050055969462589900e+01	4.896820876743296225e+01
-9.04	-3.010661829632410047e+01	4.836128142289629750e+01
-9.02	-3.000417167417586128e+01	4.821324621418766299e+01
-9.00	-2.950195748311017141e+01	4.736334793753687222e+01
-8.98	-2.831022477887641031e+01	4.533934486082213056e+01
-8.96	-2.826002451567352836e+01	4.519105247845237727e+01
-8.94	-2.794907262794734137e+01	4.458520016970854272e+01
-8.92	-2.795046759708036888e+01	4.447424130976053647e+01
-8.90	-2.772749443047779039e+01	4.397133745279869288e+01
-8.88	-2.773642798781279950e+01	4.383075035228050353e+01
-8.86	-2.778022265733872942e+01	4.373193323479667782e+01
-8.84	-2.755360871472780104e+01	4.318366011100201263e+01
-8.82	-2.759134849261248945e+01	4.305603554752165962e+01
-8.80	-2.728861622099363871e+01	4.235954765714261328e+01
-8.78	-2.651879299530661882e+01	4.098545495907883662e+01
-8.76	-2.656038421539993166e+01	4.088900963590506876e+01
-8.74	-2.648935237355446048e+01	4.055411169950959049e+01
-8.72	-2.731383573433888046e+01	4.050517303883737696e+01
-8.70	-2.889706368092467059e+01	4.025851672636235179e+01
-8.68	-2.811510939467456893e+01	4.020318112934352683e+01
-8.66	-2.713677366253011058e+01	4.016591092726905998e+01
-8.64	-2.648993765866566008e+01	3.993889212775012254e+01
-8.62	-2.608779924995200972e+01	3.989692450876957253e+01
-8.60	-2.564783969797090890e+01	3.966120746784338991e+01
-8.58	-2.522888532547014862e+01	3.938881701526612034e+01
-8.56	-2.499698351276312991e+01	3.939872297726419248e+01
-8.54	-2.479464089427102991e+01	3.942395656526313985e+01
-8.52	-2.461317332229914001e+01	3.945319896310677876e+01
-8.50	-2.446949827817299905e+01	3.952077490173378749e+01
-8.48	-2.432688616234622003e+01	3.956365517043116142e+01
-8.46	-2.419344812057956062e+01	3.959881663571633936e+01
-8.44	-2.413225137972704104e+01	3.974405326683430673e+01
-8.42	-2.403470445033198999e+01	3.979892731670747708e+01
-8.40	-2.406726687544205134e+01	4.007818067228723891e+01
-8.38	-2.446747186339484870e+01	4.102783431376774814e+01
-8.36	-2.444325447479691960e+01	4.115751919193389341e+01
-8.34	-2.458089326438846101e+01	4.157083428681905701e+01
-8.32	-2.456716639221984977e+01	4.167718630082379150e+01
-8.30	-2.471495694436852020e+01	4.207420644215687844e+01
-8.28	-2.473677668021949927e+01	4.221790973402662672e+01
-8.26	-2.474727564776117106e+01	4.232529519976299781e+01
-8.24	-2.497416783907688043e+01	4.282965114453978828e+01
-8.22	-2.502744018863191044e+01	4.299950890587304997e+01
-8.20	-2.590812529708086132e+01	4.471890511181130989e+01
-8.18	-2.629758850377690038e+01	4.551114857967930050e+01
-8.16	-2.635691098587851044e+01	4.567646544401696929e+01
-8.14	-2.664305181485800134e+01	4.626660568655565697e+01
-8.12	-2.668324026062395049e+01	4.639656714339633226e+01
-8.10	-2.674374437515492886e+01	4.656750036930395709e+01
-8.08	-2.698315064327659130e+01	4.707351195769322061e+01
-8.06	-2.702231030878057894e+01	4.721097525035001752e+01
-8.04	-2.729658575316650015e+01	4.779029398144667340e+01
-8.02	-2.735938661964195973e+01	4.797432331011327733e+01
-8.00	-2.824055353254912148e+01	4.968926076493337973e+01
-7.98	-2.859283857855626110e+01	5.041452396240568845e+01
-7.96	-2.864632455075260964e+01	5.056598321774770000e+01
-7.94	-2.890824777157336101e+01	5.109259156222327647e+01
-7.92	-2.896194314896899868e+01	5.120757209207685179e+01
-7.90	-2.905000597912115978e+01	5.136063664090038117e+01
-7.88	-2.931675951821322101e+01	5.181363200747419739e+01
-7.86	-2.942894813994675118e+01	5.193619883375357205e+01
-7.84	-2.977937253482328828e+01	5.245245312534826354e+01
-7.82	-2.997101329062384067e+01	5.262031683703717988e+01
-7.80	-3.096949000368315907e+01	5.421883728229420285e+01
-7.78	-3.152228527338638031e+01	5.491690185456962325e+01
-7.76	-3.182066995251382835e+01	5.505988566729202915e+01
-7.74	-3.236949124069658268e+01	5.556916356113875111e+01
-7.72	-3.275761378247872102e+01	5.568085660150028815e+01
-7.70	-3.322538979176911766e+01	5.582525754738347246e+01
-7.68	-3.393418760241912935e+01	5.624963124525314839e+01
-7.66	-3.455066418158268249e+01	5.636274145172993855e+01
-7.64	-3.543374327549356195e+01	5.683252380944340842e+01
-7.62	-3.591863528166079789e+01	5.697722329690301990e+01
-7.60	-3.648554092913143165e+01	5.818613813219418773e+01
-7.58	-3.599908795295849728e+01	5.857053587504052672e+01
-7.56	-3.529370728179429051e+01	5.863765571114203112e+01
-7.54	-3.481565265334955228e+01	5.883257601717347285e+01
-7.52	-3.433984348321512670e+01	5.886742546986131686e+01
-7.50	-3.393426995570776938e+01	5.891565548689438714e+01
-7.48	-3.359121477301692238e+01	5.899230996589493969e+01
-7.46	-3.325657442507075956e+01	5.901651481201668759e+01
-7.44	-3.294132983715326191e+01	5.900988118326886678e+01
-7.42	-3.266937455523697054e+01	5.901201568909694828e+01
-7.40	-3.233616924262035042e+01	5.884010863253259771e+01
-7.38	-3.155061539046715069e+01	5.782277018727872075e+01
-7.36	-3.132091748242747897e+01	5.769705348454773741e+01
-7.34	-3.091600945945879175e+01	5.720489744633749751e+01
-7.32	-3.076772734050539881e+01	5.710044440959590162e+01
-7.30	-3.042827377077410844e+01	5.661267418091041748e+01
-7.28	-3.030739228000215846e+01	5.645705822269734853e+01
-7.26	-3.023588227784923887e+01	5.634963440499748799e+01
-7.24	-2.987772808146102932e+01	5.570422444308560728e+01
-7.22	-2.981151120472188154e+01	5.554087946116899133e+01
-7.20	-2.930126888314092071e+01	5.458162399530792186e+01
-7.18	-2.801772339909674159e+01	5.226171240326817724e+01
-7.16	-2.795862606287589003e+01	5.205517090941457781e+01
-7.14	-2.761847600355968879e+01	5.134957261378791316e+01
-7.12	-2.761349605815481922e+01	5.121306624352229875e+01
-7.10	-2.735844504854721038e+01	5.063357651955055161e+01
-7.08	-2.734969586120904950e+01	5.046813110100251265e+01
-7.06	-2.737212852010686959e+01	5.034592900753879263e+01
-7.04	-2.711199218910319075e+01	4.973085465517301884e+01
-7.02	-2.713231755451511873e+01	4.957923442064149810e+01
-7.00	-2.681427425902781891e+01	4.883543329823272927e+01
-6.98	-2.614695266377458083e+01	4.749716357619698215e+01
-6.96	-2.622452730002984111e+01	4.739655341665093857e+01
-6.94	-2.619628902693862926e+01	4.709578883743257904e+01
-6.92	-2.633184380702881100e+01	4.704240257511627732e+01
-6.90	-2.638410388119950056e+01	4.682906104943607772e+01
-6.88	-2.655078481770328835e+01	4.677007069732056976e+01
-6.86	-2.675596961800615858e+01	4.672443727021334325e+01
-6.84	-2.691982832864630026e+01	4.653936900007101229e+01
-6.82	-2.725808173168987025e+01	4.649071235107788169e+01
-6.80	-2.765929874689743073e+01	4.630492767118771269e+01
-6.78	-2.807262189560357868e+01	4.606476442416740724e+01
-6.76	-2.838383265107433928e+01	4.604539476719004654e+01
-6.74	-2.820718555076737033e+01	4.600255797032819771e+01
-6.72	-2.782823573958598828e+01	4.598865015009182855e+01
-6.70	-2.742498679603365019e+01	4.597285347180699944e+01
-6.68	-2.704472427045142169e+01	4.594816504479968700e+01
-6.66	-2.670866991193877027e+01	4.593552546813859294e+01
-6.64	-2.640100057232577058e+01	4.591522757821346090e+01
-6.62	-2.612911233557348112e+01	4.590256243771040090e+01
-6.60	-2.589249205249192087e+01	4.590615056928074722e+01
-6.58	-2.567911387103491094e+01	4.591110869732497690e+01
-6.56	-2.547933510117400857e+01	4.590099270367444717e+01
-6.54	-2.530799690797622858e+01	4.590123525739044652e+01
-6.52	-2.515445555026335001e+01	4.589032192773375840e+01
-6.50	-2.502071508134622846e+01	4.587855975272351827e+01
-6.48	-2.491009884457634982e+01	4.587155404311474882e+01
-6.46	-2.481952243380802869e+01	4.585780148330116646e+01
-6.44	-2.475235183601776967e+01	4.584636493276884295e+01
-6.42	-2.470150989429473043e+01	4.582939734278829746e+01
-6.40	-2.463396745242155106e+01	4.574682322685104197e+01
-6.38	-2.458236715523925042e+01	4.565373683491888812e+01
-6.36	-2.457829876885218923e+01	4.561705158109720770e+01
-6.34	-2.455672080426050030e+01	4.551896532982822663e+01
-6.32	-2.458117089350027840e+01	4.548153931268080186e+01
-6.30	-2.461702211395969897e+01	4.543845026908161344e+01
-6.28	-2.463235005987500870e+01	4.533159324271498747e+01
-6.26	-2.468818817340509852e+01	4.529024377798280199e+01
-6.24	-2.469915697858636960e+01	4.515501308776592992e+01
-6.22	-2.476047701027248849e+01	4.510026145517981888e+01
-6.20	-2.465062652519883102e+01	4.471942661525348228e+01
-6.18	-2.467644768148646151e+01	4.459425442604845102e+01
-6.16	-2.474826279111212912e+01	4.456307909344150175e+01
-6.14	-2.481064415587844962e+01	4.451504759119057297e+01
-6.12	-2.488578283005794844e+01	4.449685092480262938e+01
-6.10	-2.495196366271133925e+01	4.447604573865154265e+01
-6.08	-2.503220004207724969e+01	4.449320609956802031e+01
-6.06	-2.509101736687403061e+01	4.448232386049293297e+01
-6.04	-2.520093745762277138e+01	4.457345522293235263e+01
-6.02	-2.526523991235013966e+01	4.459666435423221742e+01
-6.00	-2.575762051593758173e+01	4.541546404682807037e+01
-5.98	-2.609440381833288924e+01	4.596204201997181116e+01
-5.96	-2.618233440330924111e+01	4.606208140267347062e+01
-5.94	-2.646811451737161036e+01	4.653417482418826268e+01
-5.92	-2.653603479141850130e+01	4.661827951478989718e+01
-5.90	-2.680043879879458046e+01	4.706409513389011323e+01
-5.88	-2.688831343964210063e+01	4.719142849003151241e+01
-5.86	-2.694992796493414033e+01	4.727514306531401900e+01
-5.84	-2.727153556951438063e+01	4.783613100461553813e+01
-5.82	-2.736086147072971997e+01	4.796366229657405711e+01
-5.80	-2.781516395955749132e+01	4.875308823862457785e+01
-5.78	-2.876598605051963986e+01	5.044091244135771746e+01
-5.76	-2.887236940742027969e+01	5.055409457918477756e+01
-5.74	-2.915140978256971849e+01	5.096214229824325059e+01
-5.72	-2.925025810637681900e+01	5.101820564688159720e+01
-5.70	-2.948809909323993850e+01	5.130885570581138211e+01
-5.68	-2.961563377408636910e+01	5.137078708108167291e+01
-5.66	-2.974645832485300900e+01	5.141377737518983082e+01
-5.64	-2.999626927988392922e+01	5.165143197764992067e+01
-5.62	-3.015103675454188092e+01	5.169608274212537680e+01
-5.60	-3.039757531527380152e+01	5.189316899108280268e+01
-5.58	-3.056945291983992874e+01	5.194285748304471184e+01
-5.56	-3.069889816109454017e+01	5.191120057138422084e+01
-5.54	-3.079474716888444163e+01	5.181871888222831757e+01
-5.52	-3.092060329336117164e+01	5.178406532853315980e+01
-5.50	-3.100422983261372067e+01	5.168158167106570744e+01
-5.48	-3.111689846654308056e+01	5.163788542280944682e+01
-5.46	-3.122867260178702864e+01	5.160279134017613245e+01
-5.44	-3.128043490294156115e+01	5.147139280929133776e+01
-5.42	-3.137879485347637853e+01	5.142726228015173717e+01
-5.40	-3.140240294952738154e+01	5.125748453020406004e+01
-5.38	-3.135422785970338921e+01	5.097233711346932239e+01
-5.36	-3.145302662338074029e+01	5.093920764497379139e+01
-5.34	-3.153269653690511021e+01	5.087614858171279053e+01
-5.32	-3.163710650277415937e+01	5.086016467769118776e+01
-5.30	-3.172391012144543154e+01	5.082092042230517137e+01
-5.28	-3.181477128240751995e+01	5.079885975336475923e+01
-5.26	-3.189234785420399021e+01	5.077887483084973042e+01
-5.24	-3.193805222868807903e+01	5.074434708076073264e+01
-5.22	-3.196522385287975965e+01	5.072880194889773264e+01
-5.20	-3.190961576169781111e+01	5.063466798577577777e+01
-5.18	-3.182742557437370934e+01	5.055904488024238219e+01
-5.16	-3.173868670032349115e+01	5.053463885072103068e+01
-5.14	-3.158861496845850070e+01	5.046546677025070693e+01
-5.12	-3.144345840247925139e+01	5.044268290972202351e+01
-5.10	-3.127900697726747126e+01	5.041182792473521346e+01
-5.08	-3.107684771529033085e+01	5.033377694807528968e+01
-5.06	-3.090444925062952919e+01	5.031477206823907267e+01
-5.04	-3.069574273824051147e+01	5.022419404760766781e+01
-5.02	-3.053258116400994027e+01	5.019002064278743092e+01
-5.00	-3.025429077251654064e+01	4.993169185145703892e+01
-4.98	-3.010359836859311145e+01	4.985832893872431271e+01
-4.96	-3.001695135410124138e+01	4.984914691470456205e+01
-4.94	-2.995190106766806082e+01	4.982204377863094180e+01
-4.92	-2.993166419654441057e+01	4.981636854975987916e+01
-4.90	-2.994524814497792065e+01	4.981277564936667801e+01
-4.88	-3.000437969447161990e+01	4.982413352102872750e+01
-4.86	-3.009095337364394851e+01	4.982306743231784907e+01
-4.84	-3.023661940274488913e+01	4.985909449697049212e+01
-4.82	-3.039957590541311916e+01	4.987552583018108976e+01
-4.80	-3.075260396729710877e+01	5.016646972997323672e+01
-4.78	-3.105611982507340940e+01	5.032361929205936235e+01
-4.76	-3.130319699324553895e+01	5.035060761449224032e+01
-4.74	-3.161440970453903176e+01	5.046532700976530350e+01
-4.72	-3.187245380967276986e+01	5.048783792343567711e+01
-4.70	-3.212693097608457293e+01	5.051466908903250896e+01
-4.68	-3.239052453627569861e+01	5.059625359277212908e+01
-4.66	-3.257039129182700776e+01	5.061870830083371686e+01
-4.64	-3.272317118034587224e+01	5.069743328446899255e+01
-4.62	-3.276895789671063142e+01	5.071541828394060758e+01
-4.60	-3.275008571959278214e+01	5.073964390010125669e+01
-4.58	-3.260274472177120231e+01	5.064950093845030210e+01
-4.56	-3.246290306613700949e+01	5.062527150411266774e+01
-4.54	-3.225310421543524342e+01	5.050795235302017261e+01
-4.52	-3.209352306034085700e+01	5.048279851687305353e+01
-4.50	-3.193559172320895101e+01	5.045215174123894286e+01
-4.48	-3.172513755555307924e+01	5.031474383378679249e+01
-4.46	-3.158985006843198917e+01	5.028057705688385681e+01
-4.44	-3.137271398275220946e+01	5.008583412895062281e+01
-4.42	-3.125028181269620831e+01	5.003995042942535321e+01
-4.40	-3.098842630771357065e+01	4.972499957047570263e+01
-4.38	-3.041984185517113914e+01	4.885251647331553215e+01
-4.36	-3.030227330680137143e+01	4.877205674353911036e+01
-4.34	-3.006668219811835030e+01	4.847413798544958041e+01
-4.32	-2.997399700245707876e+01	4.841413046944561671e+01
-4.30	-2.976675183627768106e+01	4.814671826940197974e+01
-4.28	-2.966908341019853168e+01	4.807311018040633144e+01
-4.26	-2.958705549414628067e+01	4.802240082807293220e+01
-4.24	-2.935771869403782119e+01	4.769429336333602976e+01
-4.22	-2.926789992309981159e+01	4.761992522382035986e+01
-4.20	-2.897146266991799024e+01	4.716673566129239248e+01
-4.18	-2.832682114492427061e+01	4.607191447945822205e+01
-4.16	-2.823556246097432165e+01	4.597774110345510223e+01
-4.14	-2.801415348083821044e+01	4.564578983500282305e+01
-4.12	-2.794639541262943894e+01	4.558893711577975694e+01
-4.10	-2.776136944777352866e+01	4.530841679149214940e+01
-4.08	-2.768864071489781153e+01	4.523739566086018016e+01
-4.06	-2.763071590802340083e+01	4.518819069285615342e+01
-4.04	-2.743922958615355157e+01	4.488558457593889273e+01
-4.02	-2.737784219442184863e+01	4.481790356028810152e+01
-4.00	-2.715052188267063116e+01	4.444622660192816710e+01
-3.98	-2.676051885610024073e+01	4.376740287362723336e+01
-3.96	-2.672043237214858991e+01	4.372982043445543354e+01
-3.94	-2.663195899109501852e+01	4.360736056866416277e+01
-3.92	-2.660908828198401110e+01	4.359951357711553044e+01
-3.90	-2.655454235956111830e+01	4.352631163862454144e+01
-3.88	-2.653678741285747122e+01	4.352159628075344955e+01
-3.86	-2.652289857729951095e+01	4.352194906082249304e+01
-3.84	-2.649748593470735969e+01	4.348624085316463805e+01
-3.82	-2.649535932354078938e+01	4.349136217120952352e+01
-3.80	-2.650241202309601007e+01	4.350670728072901738e+01
-3.78	-2.660389069214281932e+01	4.368195424777550784e+01
-3.76	-2.663600435337875894e+01	4.371087385576735329e+01
-3.74	-2.670777364045660107e+01	4.380415280567069658e+01
-3.72	-2.675323001414448143e+01	4.383583341226383823e+01
-3.70	-2.681367237864121122e+01	4.386886507914996969e+01
-3.68	-2.691438116814245163e+01	4.395414123941070272e+01
-3.66	-2.699250521991613994e+01	4.398254413529495821e+01
-3.64	-2.711815380226419947e+01	4.408653201199115301e+01
-3.62	-2.721669611922244059e+01	4.412157791664414219e+01
-3.60	-2.737647058442422932e+01	4.425095016066789100e+01
-3.58	-2.764827019196077984e+01	4.457755676920216814e+01
-3.56	-2.776703730652491942e+01	4.462327330627825717e+01
-3.54	-2.794175513965009827e+01	4.476486505335049770e+01
-3.52	-2.805888677413231136e+01	4.480267351090171246e+01
-3.50	-2.817480054427052139e+01	4.485278538648815783e+01
-3.48	-2.834206008936684995e+01	4.501428510010551776e+01
-3.46	-2.843572461477054958e+01	4.506062992093394826e+01
-3.44	-2.861543125435755996e+01	4.527844584933269090e+01
-3.42	-2.869121847086315924e+01	4.534527859905732328e+01
-3.40	-2.892705760256986025e+01	4.572803002767623326e+01
-3.38	-2.965663494372972053e+01	4.695305041940746094e+01
-3.36	-2.975271211332212928e+01	4.710004834926161976e+01
-3.34	-3.005790800867573864e+01	4.761419603795165756e+01
-3.32	-3.013048265629426936e+01	4.773140890013920767e+01
-3.30	-3.022311260519905929e+01	4.788350410268633794e+01
-3.28	-3.053129262915605935e+01	4.838114045600674729e+01
-3.26	-3.062157854608932084e+01	4.850945368529671242e+01
-3.24	-3.100314647855032035e+01	4.913014535441897124e+01
-3.22	-3.112135819987927121e+01	4.929604794220637842e+01
-3.20	-3.165350719582420069e+01	5.017652337151640296e+01
-3.18	-3.288382031977818087e+01	5.221922954621246760e+01
-3.16	-3.302211677072087781e+01	5.241427973268095286e+01
-3.14	-3.340635648057919838e+01	5.301970586997835966e+01
-3.12	-3.350319915808127291e+01	5.313422392880897149e+01
-3.10	-3.362170495710012830e+01	5.329532248254359672e+01
-3.08	-3.392651198108706723e+01	5.376845656116549321e+01
-3.06	-3.402340296431103184e+01	5.388622648831530171e+01
-3.04	-3.433929636891394210e+01	5.437083645239785312e+01
-3.02	-3.445224148633980121e+01	5.451022420217886832e+01
-3.00	-3.512348034211755277e+01	5.559544160962403225e+01
-2.98	-3.532059070799895295e+01	5.587032281872279782e+01
-2.96	-3.539323996404932871e+01	5.590996170334572923e+01
-2.94	-3.551749595581470231e+01	5.602574371339166248e+01
-2.92	-3.559319369308357750e+01	5.604732294329924258e+01
-2.90	-3.569360467204484166e+01	5.609026586449549256e+01
-2.88	-3.578619627150135329e+01	5.609557310270440666e+01
-2.86	-3.589360108993079024e+01	5.610681087252182664e+01
-2.84	-3.599245452006665857e+01	5.607338900246344338e+01
-2.82	-3.613512847456831167e+01	5.606791976372588238e+01
-2.80	-3.623523957306129262e+01	5.591832722758417873e+01
-2.78	-3.607051827141623335e+01	5.525185144864637721e+01
-2.76	-3.636603853403043729e+01	5.518199678380660345e+01
-2.74	-3.676978805965988073e+01	5.489138297410234912e+01
-2.72	-3.815626181661841088e+01	5.483219720583866774e+01
-2.70	-3.675644759080594781e+01	5.455247673841996914e+01
-2.68	-3.486958771540223267e+01	5.446912858395216261e+01
-2.66	-3.465243573015899869e+01	5.441090292865131772e+01
-2.64	-3.438452620901775703e+01	5.403911613831687077e+01
-2.62	-3.427732704263401331e+01	5.395054830043712712e+01
-2.60	-3.386749954666147033e+01	5.339818082115243669e+01
-2.58	-3.291454951250936745e+01	5.197855305282431715e+01
-2.56	-3.275570375007934842e+01	5.184606659863349165e+01
-2.54	-3.238723839212158850e+01	5.138148638362137177e+01
-2.52	-3.224886928186216295e+01	5.129549945240910347e+01
-2.50	-3.192113678265468835e+01	5.089516284758924769e+01
-2.48	-3.177158111201599056e+01	5.077856293956750733e+01
-2.46	-3.164745844419246978e+01	5.069681202441017831e+01
-2.44	-3.130266928698566886e+01	5.024168037329493330e+01
-2.42	-3.118098014064565859e+01	5.013160226183285317e+01
-2.40	-3.077388013311623993e+01	4.952941422992223153e+01
-2.38	-2.999230584629090046e+01	4.828777679677766344e+01
-2.36	-2.992232027416104856e+01	4.819235241738041253e+01
-2.34	-2.973194496738080161e+01	4.786939653005239137e+01
-2.32	-2.972505562567300075e+01	4.781788964492025684e+01
-2.30	-2.972199531314182863e+01	4.774379259514653739e+01
-2.28	-2.963546096418211917e+01	4.750789876140613899e+01
-2.26	-2.968214696086285898e+01	4.745708147240200248e+01
-2.24	-2.962668475813607927e+01	4.721361438658090748e+01
-2.22	-2.969967190493609976e+01	4.715912887176317980e+01
-2.20	-2.964668163874542017e+01	4.688315582658916725e+01
-2.18	-2.947672395086814134e+01	4.640301335389577275e+01
-2.16	-2.959293400596440904e+01	4.637145827840649304e+01
-2.14	-2.966507323549155117e+01	4.626523204069469841e+01
-2.12	-2.979633551883178910e+01	4.625163999479870824e+01
-2.10	-2.988578502265296066e+01	4.617202983598434685e+01
-2.08	-3.001057264591200990e+01	4.615290812176179713e+01
-2.06	-3.013242947118584070e+01	4.614169248549347913e+01
-2.04	-3.020169497987740925e+01	4.606407207939526671e+01
-2.02	-3.029955346428873142e+01	4.604577529353373677e+01
-2.00	-3.021820091081718118e+01	4.583387541474162674e+01
-1.98	-2.996565680907037077e+01	4.540826186657162822e+01
-1.96	-2.971540228446603038e+01	4.504258830947406977e+01
-1.94	-2.942179747991661998e+01	4.465228615609188978e+01
-1.92	-2.913392064537114123e+01	4.428992181850085785e+01
-1.90	-2.883222746571960826e+01	4.392738951911815093e+01
-1.88	-2.851992604287070066e+01	4.356309992960260757e+01
-1.86	-2.820536059737447943e+01	4.320447235987961676e+01
-1.84	-2.789400792370896909e+01	4.285725930137419226e+01
-1.82	-2.757710740990318854e+01	4.250717100159599937e+01
-1.80	-2.737835594462286082e+01	4.234677584225092772e+01
-1.78	-2.715620019219403147e+01	4.214749906756006226e+01
-1.76	-2.685601421282648005e+01	4.182162461271337861e+01
-1.74	-2.662934808599976932e+01	4.160990520507969848e+01
-1.72	-2.632996679401875895e+01	4.127867792271170089e+01
-1.70	-2.604187061547862925e+01	4.095766339634994324e+01
-1.68	-2.582591492021563084e+01	4.074416090440246307e+01
-1.66	-2.554067541181708023e+01	4.041492870210220190e+01
-1.64	-2.535661831568997115e+01	4.024311806914187883e+01
-1.62	-2.508662070641148034e+01	3.992418875352726815e+01
-1.60	-2.496512152349961866e+01	3.983843803683836882e+01
-1.58	-2.508964418412510966e+01	4.015101251651873326e+01
-1.56	-2.482678758660751939e+01	3.982986037403126289e+01
-1.54	-2.465144408755545058e+01	3.964578504436519779e+01
-1.52	-2.437676951545477877e+01	3.929562723685779702e+01
-1.50	-2.417484249609282898e+01	3.906408171373801252e+01
-1.48	-2.390296595974346872e+01	3.871757599664684335e+01
-1.46	-2.362506719637875108e+01	3.835946457466521764e+01
-1.44	-2.341538250829713164e+01	3.811329295638044812e+01
-1.42	-2.313715424392492892e+01	3.775628948071152990e+01
-1.40	-2.292689633215386991e+01	3.751433882794474073e+01
-1.38	-2.272819834335863121e+01	3.729283456208216307e+01
-1.36	-2.242585656336406075e+01	3.689939359260426244e+01
-1.34	-2.212159874450007990e+01	3.650512213150515350e+01
-1.32	-2.181231953484023833e+01	3.610525834506992027e+01
-1.30	-2.149697402391752021e+01	3.569460471140222779e+01
-1.28	-2.118526738302399082e+01	3.529023623151113753e+01
-1.26	-2.087465730697277877e+01	3.488830830514711323e+01
-1.24	-2.054978523033786075e+01	3.446193534245256274e+01
-1.22	-2.023787516943844977e+01	3.405522015263304780e+01
-1.20	-1.988017883407026076e+01	3.356651730524701094e+01
-1.18	-1.957213767590080877e+01	3.316180466292360762e+01
-1.16	-1.927333544897172857e+01	3.276967817133630234e+01
-1.14	-1.898572124849913934e+01	3.239184380429937704e+01
-1.12	-1.869435336826304095e+01	3.200192665786691748e+01
-1.10	-1.840651617063817014e+01	3.161387098658012107e+01
-1.08	-1.813977701781465868e+01	3.125862065497637943e+01
-1.06	-1.785907766512278982e+01	3.087119844046103978e+01
-1.04	-1.761516697871334003e+01	3.054285219746684987e+01
-1.02	-1.734784483209116956e+01	3.016826469099726893e+01
-1.00	-1.727001749573688016e+01	3.012559127788601998e+01
-0.98	-1.710008567914879052e+01	2.991408062628443076e+01
-0.96	-1.684197246236374923e+01	2.953969160988840059e+01
-0.94	-1.664695207063306981e+01	2.927444086178909899e+01
-0.92	-1.638674444441290134e+01	2.888797225083160924e+01
-0.90	-1.618050339764691969e+01	2.859408631589715100e+01
-0.88	-1.592591764178773950e+01	2.820882605722283998e+01
-0.86	-1.566793698197542994e+01	2.781475838495845920e+01
-0.84	-1.546455959834317007e+01	2.751741854522105868e+01
-0.82	-1.521212369170361001e+01	2.712706760037680098e+01
-0.80	-1.509285252379386044e+01	2.697748060284716942e+01
-0.78	-1.485224949605363065e+01	2.660533085932652142e+01
-0.76	-1.458189517915739941e+01	2.617703007144346827e+01
-0.74	-1.431745925427127020e+01	2.575701705821007081e+01
-0.72	-1.404588585886011032e+01	2.532165668445290052e+01
-0.70	-1.377544984077296064e+01	2.488786064192385084e+01
-0.68	-1.349959551922997036e+01	2.444227581678239147e+01
-0.66	-1.322950412469315040e+01	2.400497657271393948e+01
-0.64	-1.294645232250096001e+01	2.354146860685046150e+01
-0.62	-1.267597307316857957e+01	2.310044512546879858e+01
-0.60	-1.237870846881219933e+01	2.260793009349432126e+01
-0.58	-1.201782793145457084e+01	2.199251639063928110e+01
-0.56	-1.175076810156146045e+01	2.155089934043136068e+01
-0.54	-1.146269518516131036e+01	2.106820593410964904e+01
-0.52	-1.120309798608579932e+01	2.063735734698328983e+01
-0.50	-1.094239699262084997e+01	2.020174542840538123e+01
-0.48	-1.066833398770364916e+01	1.973807763116885994e+01
-0.46	-1.041377139190450052e+01	1.930961338759435009e+01
-0.44	-1.014256756466959963e+01	1.884713784355205135e+01
-0.42	-9.890458995869135350e+00	1.841892323117465935e+01
-0.40	-9.584633404665888534e+00	1.788529857997675876e+01
-0.38	-9.320026912661697693e+00	1.742836626480037054e+01
-0.36	-9.078578418241859183e+00	1.701364497443323032e+01
-0.34	-8.825235010737113583e+00	1.657386871569194042e+01
-0.32	-8.588637140718192953e+00	1.616426451282573851e+01
-0.30	-8.351886005648823996e+00	1.575213341962543012e+01
-0.28	-8.107553495898095264e+00	1.532296430818493960e+01
-0.26	-7.875693168621974216e+00	1.491593675645381012e+01
-0.24	-7.633080213501701294e+00	1.448550552368130084e+01
-0.22	-7.403733476539906988e+00	1.407860912211755000e+01
-0.20	-7.128975139424077234e+00	1.357955563450579994e+01
-0.18	-6.889119681048560651e+00	1.314682039040383010e+01
-0.16	-6.672689381520434893e+00	1.275818309188920985e+01
-0.14	-6.447505180589089946e+00	1.234984702056704009e+01
-0.12	-6.237361191784510872e+00	1.196922656192836065e+01
-0.10	-6.021607948981294811e+00	1.157498457734572028e+01
-0.08	-5.816397002469766875e+00	1.119949769213761925e+01
-0.06	-5.612526278258736845e+00	1.082464491902510062e+01
-0.04	-5.390300558260242347e+00	1.051471881993204960e+01
-0.02	-5.129283119535645419e+00	1.036618609632973076e+01
-0.00	-4.933173829386971576e+00	1.000000000000001066e+01
