-24.00	-2.172116004947352152e+01	4.999999999999999289e+01
-23.00	-2.202398229357465098e+01	4.999421351672972236e+01
-22.00	-2.239597291458690975e+01	4.996321880373783841e+01
-21.00	-2.280821885425685025e+01	5.002090953655193317e+01
-20.00	-2.308108425196789071e+01	4.967637973968057707e+01
-19.00	-2.401007445909213089e+01	5.085635744864453756e+01
-18.00	-2.390659296329047123e+01	4.953545675767171019e+01
-17.00	-2.538788932056586845e+01	5.176634394328470989e+01
-16.98	-2.545656831042290946e+01	5.189313494788623871e+01
-16.96	-2.547673717596912013e+01	5.192398056371941806e+01
-16.94	-2.552545171342939057e+01	5.201194528610113110e+01
-16.92	-2.554219947228999033e+01	5.203820684947677933e+01
-16.90	-2.557981157622923973e+01	5.211121769759918720e+01
-16.88	-2.559454748066351826e+01	5.214113737265149950e+01
-16.86	-2.560525058147268140e+01	5.216632398087563871e+01
-16.84	-2.563987887688080036e+01	5.224311337318899717e+01
-16.82	-2.565079380262490005e+01	5.227365477020901352e+01
-16.80	-2.572928393872022923e+01	5.244379541938023692e+01
-16.78	-2.574919908737872021e+01	5.249501189001617973e+01
-16.76	-2.575238765108774075e+01	5.251199524270857921e+01
-16.74	-2.575779223088914094e+01	5.253260851153490307e+01
-16.72	-2.575983843605694901e+01	5.254453058325137960e+01
-16.70	-2.575800902015388161e+01	5.254613602583479093e+01
-16.68	-2.575995047517783831e+01	5.255180354899299999e+01
-16.66	-2.576552510090498060e+01	5.256087901903818249e+01
-16.64	-2.575180799180544966e+01	5.252567961377909711e+01
-16.62	-2.575782684640007858e+01	5.252532745335051345e+01
-16.60	-2.571528278155350122e+01	5.241966946049257814e+01
-16.58	-2.549540905705914895e+01	5.194578882424927713e+01
-16.56	-2.548676970337525916e+01	5.189668755519617349e+01
-16.54	-2.540252773743501891e+01	5.168673671701179018e+01
-16.52	-2.540611931674706980e+01	5.164943013656539961e+01
-16.50	-2.540516227772987889e+01	5.159588189962042293e+01
-16.48	-2.532826278534722064e+01	5.138150535878126135e+01
-16.46	-2.533726682936784158e+01	5.133573235140995905e+01
-16.44	-2.523731403289767172e+01	5.106287503705409847e+01
-16.42	-2.524172862138524920e+01	5.099640172629740675e+01
-16.40	-2.508373128479738057e+01	5.059665780785267231e+01
-16.38	-2.467041284151772018e+01	4.967758988806281906e+01
-16.36	-2.467306692952984903e+01	4.959613428786308731e+01
-16.34	-2.458847067553476862e+01	4.933575623813145228e+01
-16.32	-2.460888566864802840e+01	4.928405878262825723e+01
-16.30	-2.455484913172685069e+01	4.908057838128961947e+01
-16.28	-2.457315811174087017e+01	4.902037185550209841e+01
-16.26	-2.459939279377494969e+01	4.897420136259567158e+01
-16.24	-2.455155057012228070e+01	4.877901818761228014e+01
-16.22	-2.457401254931237844e+01	4.872302207543332742e+01
-16.20	-2.443959511810081153e+01	4.835469401322207261e+01
-16.18	-2.445613390383066132e+01	4.828572295670168302e+01
-16.16	-2.450154662469926947e+01	4.827304154477808851e+01
-16.14	-2.454442604267234884e+01	4.825429609178998902e+01
-16.12	-2.459371674249704043e+01	4.824704555967976205e+01
-16.10	-2.464333411547557873e+01	4.823922731487530058e+01
-16.08	-2.470062165297526136e+01	4.824486044000578744e+01
-16.06	-2.475337481665549078e+01	4.824001047852704005e+01
-16.04	-2.482010542123022034e+01	4.826059451830256819e+01
-16.02	-2.487708660987832943e+01	4.826008905945717231e+01
-16.00	-2.495636445422358918e+01	4.830069249625738337e+01
-15.98	-2.505565448026595021e+01	4.837763093037184348e+01
-15.96	-2.511419864158321857e+01	4.837301552002085714e+01
-15.94	-2.517461977383801042e+01	4.836968830534988228e+01
-15.92	-2.523314517215696995e+01	4.836045710236157191e+01
-15.90	-2.529297516469333829e+01	4.835151101816629904e+01
-15.88	-2.534836487634438029e+01	4.833219961629730221e+01
-15.86	-2.540886544706765093e+01	4.832102139177238342e+01
-15.84	-2.545827306013417868e+01	4.828742378856694728e+01
-15.82	-2.551661362848784975e+01	4.827001495727734692e+01
-15.80	-2.551006706870613883e+01	4.812937767823861890e+01
-15.78	-2.554055408660597948e+01	4.805941231049831686e+01
-15.76	-2.559735804607108989e+01	4.803989629255727323e+01
-15.74	-2.563885811968309980e+01	4.799280533928799031e+01
-15.72	-2.569628753371357988e+01	4.797745145938957734e+01
-15.70	-2.575107094846617883e+01	4.795938155395027991e+01
-15.68	-2.579775451868167835e+01	4.792885656658936711e+01
-15.66	-2.585130320606295129e+01	4.791445736255956689e+01
-15.64	-2.589999636139607020e+01	4.789457866250395313e+01
-15.62	-2.595106702376295971e+01	4.788299728111199016e+01
-15.60	-2.600879507897305842e+01	4.788815946017872704e+01
-15.58	-2.614078277767784897e+01	4.803452813966951140e+01
-15.56	-2.619851541771965131e+01	4.804836595618728978e+01
-15.54	-2.628995528179061836e+01	4.812894377207864238e+01
-15.52	-2.634193401137657986e+01	4.814181779571337216e+01
-15.50	-2.643094729318205083e+01	4.822728816963101650e+01
-15.48	-2.648350917189682008e+01	4.825139138194614219e+01
-15.46	-2.652809147028899162e+01	4.826571913361455302e+01
-15.44	-2.663161512017916976e+01	4.839281173552763704e+01
-15.42	-2.667783817134525037e+01	4.842065117734861701e+01
-15.40	-2.682011187799140117e+01	4.862859862491072960e+01
-15.38	-2.717018515858552163e+01	4.921929005934624257e+01
-15.36	-2.722434964040477823e+01	4.927730855368673701e+01
-15.34	-2.736068052689435959e+01	4.949008669306658703e+01
-15.32	-2.739893566691307925e+01	4.953051914480508344e+01
-15.30	-2.744240619889497879e+01	4.958679440245028758e+01
-15.28	-2.756075428297029006e+01	4.978483026783303700e+01
-15.26	-2.759180321325909091e+01	4.983107787009169698e+01
-15.24	-2.772563334394223133e+01	5.007026777175457255e+01
-15.22	-2.776330880462712969e+01	5.014187374957496246e+01
-15.20	-2.818222569711073078e+01	5.091124610081818247e+01
-15.18	-2.834787794912153913e+01	5.122896574061559249e+01
-15.16	-2.836827152081463055e+01	5.128948042791292750e+01
-15.14	-2.847159317188001992e+01	5.150711510062370024e+01
-15.12	-2.847728440898637103e+01	5.155380050893413113e+01
-15.10	-2.854908657155808882e+01	5.172640648205950953e+01
-15.08	-2.855274886062120032e+01	5.178044221927692803e+01
-15.06	-2.854724783439710123e+01	5.182269509812820019e+01
-15.04	-2.860823261807005125e+01	5.199029979144179237e+01
-15.02	-2.860141658619232885e+01	5.203781506200685669e+01
-15.00	-2.866240287341797099e+01	5.221226943378015051e+01
-14.98	-2.872044820575824176e+01	5.238362937377684858e+01
-14.96	-2.868986092324830040e+01	5.239422069605053167e+01
-14.94	-2.864800691178527003e+01	5.238480855680587212e+01
-14.92	-2.861173716764805874e+01	5.238574420904514994e+01
-14.90	-2.855681247510165832e+01	5.235202031580644899e+01
-14.88	-2.851603641117188914e+01	5.234350714758131318e+01
-14.86	-2.847918405006743114e+01	5.234126265158933222e+01
-14.84	-2.840234273777436869e+01	5.226389223996841338e+01
-14.82	-2.835761875301690083e+01	5.224444654660715770e+01
-14.80	-2.811783285094012896e+01	5.186226075514265688e+01
-14.78	-2.798643873829113105e+01	5.167902786717242947e+01
-14.76	-2.793906644857202082e+01	5.165042953751657961e+01
-14.74	-2.783570862371087884e+01	5.151681376155107728e+01
-14.72	-2.779413349267948874e+01	5.149707088173975222e+01
-14.70	-2.774754296358220884e+01	5.146704960724387234e+01
-14.68	-2.765757306203065014e+01	5.135509877295570647e+01
-14.66	-2.761662936462445828e+01	5.133326327984609350e+01
-14.64	-2.752064561650919927e+01	5.120680221222868056e+01
-14.62	-2.747864510496465940e+01	5.117888873142558737e+01
-14.60	-2.736413381475489004e+01	5.101206210467601210e+01
-14.58	-2.713831859307461869e+01	5.063206289274211258e+01
-14.56	-2.709935852537596901e+01	5.059753633909834747e+01
-14.54	-2.701483456412372064e+01	5.047109179393530098e+01
-14.52	-2.698803698219035141e+01	5.044516222285122353e+01
-14.50	-2.691717284969708857e+01	5.032728308176695720e+01
-14.48	-2.689467887887233033e+01	5.028958269290105676e+01
-14.46	-2.688500917136790136e+01	5.026325287817250143e+01
-14.44	-2.681334363378904939e+01	5.010661481672355677e+01
-14.42	-2.680716434890824118e+01	5.005786378916938162e+01
-14.40	-2.651871986953374005e+01	4.946178752502441256e+01
-14.38	-2.640019704832231895e+01	4.916875110121924308e+01
-14.36	-2.641575450521597901e+01	4.910931034234305770e+01
-14.34	-2.635305942794935063e+01	4.888556807823007233e+01
-14.32	-2.639486754473231045e+01	4.883900215940054323e+01
-14.30	-2.643773497335179101e+01	4.877635496488114342e+01
-14.28	-2.642042559215438047e+01	4.858361631199402098e+01
-14.26	-2.648876813850522893e+01	4.853357130705317246e+01
-14.24	-2.647819937468673146e+01	4.832188053904828706e+01
-14.22	-2.655614784703102060e+01	4.825808952332945267e+01
-14.20	-2.641099853451071056e+01	4.777442237286827265e+01
-14.18	-2.648070557180939133e+01	4.767207117160791086e+01
-14.16	-2.660481114503447131e+01	4.765775127440412717e+01
-14.14	-2.673487453135178882e+01	4.764435632832765322e+01
-14.12	-2.687698199766120055e+01	4.764327628223490763e+01
-14.10	-2.704447873227362109e+01	4.767842021878678338e+01
-14.08	-2.720568595229488906e+01	4.769319129708937766e+01
-14.06	-2.736730485068675023e+01	4.769880169249675106e+01
-14.04	-2.760125589445032901e+01	4.781887927245320213e+01
-14.02	-2.779141836123551101e+01	4.784617455756694682e+01
-14.00	-2.813276885905585090e+01	4.811106263783811698e+01
-13.98	-2.888612086850556082e+01	4.904199130366384907e+01
-13.96	-2.918335753007218969e+01	4.914140083777061818e+01
-13.94	-2.963014903129461075e+01	4.950730782855801237e+01
-13.92	-2.968808820303992135e+01	4.957879398412317329e+01
-13.90	-2.944718755067907878e+01	4.967744064921848235e+01
-13.88	-2.942004661980523039e+01	5.002036311088720311e+01
-13.86	-2.942033046672779051e+01	5.010150417844300819e+01
-13.84	-2.969390236159485852e+01	5.051165305751648305e+01
-13.82	-2.982563378513442132e+01	5.063393853268684097e+01
-13.80	-3.063322929687804930e+01	5.189897591067374805e+01
-13.78	-3.099268647833559953e+01	5.239663145579179826e+01
-13.76	-3.111374323508060868e+01	5.248946479869992743e+01
-13.74	-3.137389265880942091e+01	5.282095362118221971e+01
-13.72	-3.147663756510831945e+01	5.288724879317206273e+01
-13.70	-3.159176854188807937e+01	5.297690624067831777e+01
-13.68	-3.180018208438598037e+01	5.322607295293356344e+01
-13.66	-3.189951843122495845e+01	5.329298259810008176e+01
-13.64	-3.210532618315686904e+01	5.354088226408205031e+01
-13.62	-3.220467819056330683e+01	5.361114463365409222e+01
-13.60	-3.241607990177595866e+01	5.387052116193017781e+01
-13.58	-3.263466078100171330e+01	5.414198253026137309e+01
-13.56	-3.270108973950876674e+01	5.415923491695428282e+01
-13.54	-3.275102855529596724e+01	5.414926834747205220e+01
-13.52	-3.280753478956047786e+01	5.415024606330050716e+01
-13.50	-3.283164091214557345e+01	5.409686250877489755e+01
-13.48	-3.287864457598964663e+01	5.408074087226440696e+01
-13.46	-3.293308021799568053e+01	5.407561920928026922e+01
-13.44	-3.290725409442878657e+01	5.393588560179569669e+01
-13.42	-3.294230950006569003e+01	5.389509979773539783e+01
-13.40	-3.249555910944030046e+01	5.305757469974619767e+01
-13.38	-3.225270847744727831e+01	5.255591113899912870e+01
-13.36	-3.225481625917102946e+01	5.245746068122335970e+01
-13.34	-3.205693960079128857e+01	5.202964011072307926e+01
-13.32	-3.206939677102062092e+01	5.194713803904384264e+01
-13.30	-3.206214590911555007e+01	5.183253042181554804e+01
-13.28	-3.186602931980928943e+01	5.141113023439592666e+01
-13.26	-3.186726613907681127e+01	5.131431682881662226e+01
-13.24	-3.160154239791626907e+01	5.078596595138319003e+01
-13.22	-3.157523781229955873e+01	5.065163243656589742e+01
-13.20	-3.115233485042629979e+01	4.987850962139525279e+01
-13.18	-3.005062242755523982e+01	4.801383688111933168e+01
-13.16	-2.998233963067607988e+01	4.783342812636691832e+01
-13.14	-2.965699342866765065e+01	4.724568641530260038e+01
-13.12	-2.961180058684166028e+01	4.712014254120781231e+01
-13.10	-2.933193560031959990e+01	4.662490981465136741e+01
-13.08	-2.925574411098492078e+01	4.646861907582334794e+01
-13.06	-2.919787292655432864e+01	4.635107215633455269e+01
-13.04	-2.887032084821646905e+01	4.580904513772736664e+01
-13.02	-2.878100045561471987e+01	4.566165243537491136e+01
-13.00	-2.835984848998311136e+01	4.498648167281108101e+01
-12.98	-2.758173452124882985e+01	4.374509146689207029e+01
-12.96	-2.749568802460505879e+01	4.363076858141870673e+01
-12.94	-2.729011450883750101e+01	4.333113084001389126e+01
-12.92	-2.722307632427677149e+01	4.326303460094837305e+01
-12.90	-2.713940867049167949e+01	4.317510263408333060e+01
-12.88	-2.698495365813186098e+01	4.297719235651293701e+01
-12.86	-2.690984291151942998e+01	4.291247368139419649e+01
-12.84	-2.677073545715440872e+01	4.274588782866033654e+01
-12.82	-2.669769970983298890e+01	4.268865947919587711e+01
-12.80	-2.661980495472908004e+01	4.262413948028179789e+01
-12.78	-2.666316283542436949e+01	4.275866646163601104e+01
-12.76	-2.663753778509972037e+01	4.277895773444365801e+01
-12.74	-2.670668185098261915e+01	4.295453680217183745e+01
-12.72	-2.668643991939082838e+01	4.298161828299691223e+01
-12.70	-2.677591670490398101e+01	4.318853549789670865e+01
-12.68	-2.677606021444058015e+01	4.324737434406326742e+01
-12.66	-2.676205112464899116e+01	4.328027575140352212e+01
-12.64	-2.693265528928755970e+01	4.361800952869013770e+01
-12.62	-2.694558706238803936e+01	4.369057614616230723e+01
-12.60	-2.726409170502800094e+01	4.427653002784393266e+01
-12.58	-2.829153985944502026e+01	4.604075989846528927e+01
-12.56	-2.836879336032664156e+01	4.621397215723777663e+01
-12.54	-2.873418329781653924e+01	4.686157615505099727e+01
-12.52	-2.881716592720720982e+01	4.699043146123518255e+01
-12.50	-2.931645178252714956e+01	4.757859246451077695e+01
-12.48	-3.014264697753938904e+01	4.775706185785414704e+01
-12.46	-3.121503481955588910e+01	4.788258144903152669e+01
-12.44	-3.152749191731327016e+01	4.859942797062799258e+01
-12.42	-3.116730339582575837e+01	4.880748053572310852e+01
-12.40	-3.223555928504575263e+01	5.105386697252887274e+01
-12.38	-3.258483247052028986e+01	5.193979444274611978e+01
-12.36	-3.258269603111502732e+01	5.209693689090686064e+01
-12.34	-3.289170507173788849e+01	5.268512735896597121e+01
-12.32	-3.296077784728033322e+01	5.279404839838843344e+01
-12.30	-3.309459889872552907e+01	5.294523092832118039e+01
-12.28	-3.343727457417430315e+01	5.338522299743576127e+01
-12.26	-3.362597078811221252e+01	5.349499954844613825e+01
-12.24	-3.405262955396511160e+01	5.393494903830203668e+01
-12.22	-3.434181448643416701e+01	5.405123761088984224e+01
-12.20	-3.490664727086595320e+01	5.452339388679661880e+01
-12.18	-3.566551964477263681e+01	5.515288517164290738e+01
-12.16	-3.624289841078203267e+01	5.520098706742963657e+01
-12.14	-3.716754604099092774e+01	5.529314495812086960e+01
-12.12	-3.903714800882710279e+01	5.531782695794151294e+01
-12.10	-4.221085021378451785e+01	5.536437414343205887e+01
-12.08	-3.602162276581140077e+01	5.538449599390578015e+01
-12.06	-3.329694466140099962e+01	5.540467413499715832e+01
-12.04	-3.327369993547724647e+01	5.541903511731162268e+01
-12.02	-3.326565433349298928e+01	5.543297271297782913e+01
-12.00	-3.322097860077108322e+01	5.538439144251584878e+01
-11.98	-3.319707010130593261e+01	5.536935217892426664e+01
-11.96	-3.318205781628144280e+01	5.536847193394260813e+01
-11.94	-3.317036498334037731e+01	5.537306082902264137e+01
-11.92	-3.315718885768696111e+01	5.537503011362932881e+01
-11.90	-3.315181142694260075e+01	5.538988780638513276e+01
-11.88	-3.314107421399351239e+01	5.539537139823705303e+01
-11.86	-3.312926743625674675e+01	5.539854385373752876e+01
-11.84	-3.313420330170492178e+01	5.542886364542987820e+01
-11.82	-3.312687443369191698e+01	5.543706052207291179e+01
-11.80	-3.317226083978601281e+01	5.553206141120598716e+01
-11.78	-3.316464349654466304e+01	5.553517910932624346e+01
-11.76	-3.315303988514010314e+01	5.552818460178325211e+01
-11.74	-3.312959544431443248e+01	5.549732690071589047e+01
-11.72	-3.311937558773490764e+01	5.548429421948159757e+01
-11.70	-3.308733115564867688e+01	5.542935436026930773e+01
-11.68	-3.307552220725676762e+01	5.540470490409072823e+01
-11.66	-3.307019342882495749e+01	5.538796917393212738e+01
-11.64	-3.300602654035880335e+01	5.527439541628009323e+01
-11.62	-3.297741342228933803e+01	5.523270410072240111e+01
-11.60	-3.258841045771033862e+01	5.461598879405345741e+01
-11.58	-3.230225183725676175e+01	5.424416490728510354e+01
-11.56	-3.210320117598867995e+01	5.416532934515470288e+01
-11.54	-3.163183149338034994e+01	5.385179941804420167e+01
-11.52	-3.116146478401106990e+01	5.378176898065043332e+01
-11.50	-3.048630355432888095e+01	5.348716918099877660e+01
-11.48	-2.991308333171793166e+01	5.339179718643630679e+01
-11.46	-2.937412887756024915e+01	5.332338530910332253e+01
-11.44	-2.871131213393671899e+01	5.295109440125639821e+01
-11.42	-2.822348822367927923e+01	5.283669890967028948e+01
-11.40	-2.718509156762934964e+01	5.155413182429416707e+01
-11.38	-2.654941785346776939e+01	5.096620753159685080e+01
-11.36	-2.618933582677065885e+01	5.085323275800689657e+01
-11.34	-2.570439002030422060e+01	5.041053506516774974e+01
-11.32	-2.542811461720658173e+01	5.031759418300362796e+01
-11.30	-2.504425484666791846e+01	4.992860297256653723e+01
-11.28	-2.482587534820597952e+01	4.980752524211298748e+01
-11.26	-2.465645649634328862e+01	4.971988747095620909e+01
-11.24	-2.434349846787063854e+01	4.925970566092485825e+01
-11.22	-2.421683733604491096e+01	4.912161011001653321e+01
-11.20	-2.348907721489413092e+01	4.764752195697189308e+01
-11.18	-2.319324075166642984e+01	4.701669585634402182e+01
-11.16	-2.316925807240076907e+01	4.690035848939744767e+01
-11.14	-2.301640442675788023e+01	4.645137524927333317e+01
-11.12	-2.306253536473849053e+01	4.636132828281346718e+01
-11.10	-2.300273325686573855e+01	4.598914532002702060e+01
-11.08	-2.309628622665216824e+01	4.587870855474138665e+01
-11.06	-2.323262161849412166e+01	4.579729885406577239e+01
-11.04	-2.324172706979181058e+01	4.539931420765267234e+01
-11.02	-2.341609052542086999e+01	4.528608923014019183e+01
-11.00	-2.316432029963788963e+01	4.427023717600572894e+01
-10.98	-2.328212635213175119e+01	4.395638469089065836e+01
-10.96	-2.355378815061875031e+01	4.390916518860513662e+01
-10.94	-2.378487832805492985e+01	4.374254540317126327e+01
-10.92	-2.410980431399622859e+01	4.371576194810187133e+01
-10.90	-2.441887687295469078e+01	4.361604008948864220e+01
-10.88	-2.479035589259003913e+01	4.359344864423682253e+01
-10.86	-2.517251492447863015e+01	4.357456281819683852e+01
-10.84	-2.550944043259534055e+01	4.352471336665409041e+01
-10.82	-2.578724475466096067e+01	4.351336271256403876e+01
-10.80	-2.597164755712631035e+01	4.352216149810910650e+01
-10.78	-2.621070647564144096e+01	4.376489264767820231e+01
-10.76	-2.627361131285584150e+01	4.379561636007949943e+01
-10.74	-2.636366769352845907e+01	4.391716502334058703e+01
-10.72	-2.638256870261568920e+01	4.394020647532040158e+01
-10.70	-2.640204338548139162e+01	4.397241064130359689e+01
-10.68	-2.647118200179232872e+01	4.408934947575230012e+01
-10.66	-2.648724747456607886e+01	4.411518958064434770e+01
-10.64	-2.657376703091420111e+01	4.425582378515677107e+01
-10.62	-2.659928667554661885e+01	4.428972384391971673e+01
-10.60	-2.672180281393088919e+01	4.448313878060068305e+01
-10.58	-2.698788892125048022e+01	4.491368236424708726e+01
-10.56	-2.702120057345655013e+01	4.494983091822218313e+01
-10.54	-2.711035462192208101e+01	4.507695926596480263e+01
-10.52	-2.713799725740853930e+01	4.509854991711478789e+01
-10.50	-2.717243041578425888e+01	4.512969808651826042e+01
-10.48	-2.725394062004424001e+01	4.523817882468235041e+01
-10.46	-2.728556278605919161e+01	4.526173668374568848e+01
-10.44	-2.737999543215980935e+01	4.539010690939043968e+01
-10.42	-2.741585695469738937e+01	4.542094494710394770e+01
-10.40	-2.754252272296274029e+01	4.560551650182078021e+01
-10.38	-2.784890236105778172e+01	4.609356540465007157e+01
-10.36	-2.788718825950514102e+01	4.614204531063926851e+01
-10.34	-2.819087025078539099e+01	4.632007878231853226e+01
-10.32	-3.339880459304807658e+01	4.635406084529378745e+01
-10.30	-3.798891653729216245e+01	4.640129194844365657e+01
-10.28	-3.454585573208920835e+01	4.657203578676749345e+01
-10.26	-3.313294628295984978e+01	4.661096258651198099e+01
-10.24	-3.267975623997546109e+01	4.682677429580080286e+01
-10.22	-3.240772551341061103e+01	4.688071888090132688e+01
-10.20	-3.244079709788245225e+01	4.720903217541138019e+01
-10.18	-3.290423866671587660e+01	4.811903207145733319e+01
-10.16	-3.288517950613324814e+01	4.821358760040057234e+01
-10.14	-3.301806933075795314e+01	4.855606468951302901e+01
-10.12	-3.296011588035573681e+01	4.862386273205441256e+01
-10.10	-3.289399449107464335e+01	4.871705152807105321e+01
-10.08	-3.296124260620001678e+01	4.904924730050665715e+01
-10.06	-3.287071568079718276e+01	4.912683986096300259e+01
-10.04	-3.299773280409632292e+01	4.954787045268132317e+01
-10.02	-3.295723336285895755e+01	4.965532066626646923e+01
-10.00	-3.326509471691336017e+01	5.029432954664464717e+01
-9.98	-3.426715146208341167e+01	5.200368507532454743e+01
-9.96	-3.442074245016725342e+01	5.217476701259609229e+01
-9.94	-3.492839076991074876e+01	5.277372857801834272e+01
-9.92	-3.528080070133125190e+01	5.289757271705917674e+01
-9.90	-3.603910624821637754e+01	5.342951804155421058e+01
-9.88	-3.665855375252262860e+01	5.359232716997546220e+01
-9.86	-3.721959302697077732e+01	5.370923195784980919e+01
-9.84	-3.809888413182586220e+01	5.433621438269727122e+01
-9.82	-3.851440986986315806e+01	5.450702394025316266e+01
-9.80	-3.949985634193067341e+01	5.589388272939218183e+01
-9.78	-4.082590036582246285e+01	5.711979230566876709e+01
-9.76	-3.975822095044095761e+01	5.724932086440391288e+01
-9.74	-3.931567802945904333e+01	5.770185490394968753e+01
-9.72	-3.900577101839137129e+01	5.777608663635788844e+01
-9.70	-3.885421719031665333e+01	5.788319508242263112e+01
-9.68	-3.892329290069997683e+01	5.819803553760048231e+01
-9.66	-3.890203405232335854e+01	5.826295044214518981e+01
-9.64	-3.905418627171987822e+01	5.854398584525092986e+01
-9.62	-3.912699183803084679e+01	5.861210426901988058e+01
-9.60	-3.942164404028113722e+01	5.896114189791872917e+01
-9.58	-3.953630505363388892e+01	5.888694137396615957e+01
-9.56	-3.982019945085323087e+01	5.885374122267519681e+01
-9.54	-4.042464100487382694e+01	5.870787602428332264e+01
-9.52	-4.178480059146468051e+01	5.866960985362722170e+01
-9.50	-3.865386324399963058e+01	5.862046240624076887e+01
-9.48	-3.737509400934798975e+01	5.842238594826329035e+01
-9.46	-3.726516714205097713e+01	5.837384586396731123e+01
-9.44	-3.703165235259770327e+01	5.809094640938909038e+01
-9.42	-3.690231189660855904e+01	5.799998823035107165e+01
-9.40	-3.610076549185045280e+01	5.684858668886813859e+01
-9.38	-3.565476664967774667e+01	5.627744983490892849e+01
-9.36	-3.548964246506663756e+01	5.616688445425962328e+01
-9.34	-3.511493831199025806e+01	5.572563860016497017e+01
-9.32	-3.495616723442967100e+01	5.564015608322065276e+01
-9.30	-3.477307635860461232e+01	5.552234535043668018e+01
-9.28	-3.441459572686949997e+01	5.512422954615524162e+01
-9.26	-3.424032280063102007e+01	5.503062915341227779e+01
-9.24	-3.383141083703940666e+01	5.455401651309161792e+01
-9.22	-3.362728665863033228e+01	5.441110100023897900e+01
-9.20	-3.253371208085255262e+01	5.279446611653696664e+01
-9.18	-3.197531179072166907e+01	5.204648341195308348e+01
-9.16	-3.179062862642777887e+01	5.190377895039441825e+01
-9.14	-3.135800473077426176e+01	5.133197883439949294e+01
-9.12	-3.121556304714183128e+01	5.122188365954666267e+01
-9.10	-3.106092499916783112e+01	5.106991673016599975e+01
-9.08	-3.070666385474945059e+01	5.055612483965779802e+01
-9.06	-3.060424730677836891e+01	5.043575371408800123e+01
-9.04	-3.022614124148723036e+01	4.982335208955399253e+01
-9.02	-3.014001455886823067e+01	4.966866191271751063e+01
-9.00	-2.965339687549943903e+01	4.881173732025676770e+01
-8.98	-2.847948141022742874e+01	4.678083516515238927e+01
-8.96	-2.844622832662734879e+01	4.662554348774001767e+01
-8.94	-2.815298975193918096e+01	4.601179306452139173e+01
-8.92	-2.817193944879318934e+01	4.589223448348722201e+01
-8.90	-2.796742693103823996e+01	4.538064360846576761e+01
-8.88	-2.799400019241939930e+01	4.523131435060604133e+01
-8.86	-2.805577518914628143e+01	4.512325801789712187e+01
-8.84	-2.784788826206408174e+01	4.456520310905194293e+01
-8.82	-2.790245372922361966e+01	4.442762776930081259e+01
-8.80	-2.760332526481570170e+01	4.372157969074171291e+01
-8.78	-2.687064925391972992e+01	4.233650299109667259e+01
-8.76	-2.692692828646935865e+01	4.222867812058358794e+01
-8.74	-2.687450340848122110e+01	4.188261018384081780e+01
-8.72	-2.775152943727779942e+01	4.182247526570743901e+01
-8.70	-2.954627775237160847e+01	4.156382771711565738e+01
-8.68	-2.850653860645575932e+01	4.149595722932544106e+01
-8.66	-2.760081437245737135e+01	4.144609568001727240e+01
-8.64	-2.698572763586501111e+01	4.120643647531426268e+01
-8.62	-2.660891356588876988e+01	4.115118062682891065e+01
-8.60	-2.619260832964821972e+01	4.090148630116804895e+01
-8.58	-2.579735609681926078e+01	4.061508625998615685e+01
-8.56	-2.558860802998935924e+01	4.061191180560766867e+01
-8.54	-2.540968411306344876e+01	4.062244660763219883e+01
-8.52	-2.525137785447751071e+01	4.063626601160370200e+01
-8.50	-2.513082687397303161e+01	4.068879538737922275e+01
-8.48	-2.501157334780918973e+01	4.071679751892983745e+01
-8.46	-2.490175401598195037e+01	4.073619488229559948e+01
-8.44	-2.486358743299543050e+01	4.086490265162633762e+01
-8.42	-2.478967615410915926e+01	4.090368342501263044e+01
-8.40	-2.484606405961658027e+01	4.116684130746781989e+01
-8.38	-2.526994065326998040e+01	4.209941693406681651e+01
-8.36	-2.526925330061379071e+01	4.221141594257120744e+01
-8.34	-2.543052296562046877e+01	4.260777649502669817e+01
-8.32	-2.544056012838028025e+01	4.269868409608370285e+01
-8.30	-2.561235984522749831e+01	4.307773787632275031e+01
-8.28	-2.565790826507878108e+01	4.320329871479435013e+01
-8.26	-2.569221773051733848e+01	4.329345954447573064e+01
-8.24	-2.594313701059119026e+01	4.378099452953905057e+01
-8.22	-2.602040699052592032e+01	4.393305746173758308e+01
-8.20	-2.692421903086763990e+01	4.563359063230429769e+01
-8.18	-2.733745413613308983e+01	4.640825667486321748e+01
-8.16	-2.742068825352466988e+01	4.655642863886232163e+01
-8.14	-2.773051953612727161e+01	4.712878198495587867e+01
-8.12	-2.779417649188571104e+01	4.724036419744260229e+01
-8.10	-2.787816696101689118e+01	4.739336078510301320e+01
-8.08	-2.814111131500149909e+01	4.788320795953696773e+01
-8.06	-2.820361259565628131e+01	4.800207226974772823e+01
-8.04	-2.850073356216134002e+01	4.856291562562564934e+01
-8.02	-2.858639225416754925e+01	4.872971370114610323e+01
-8.00	-2.949054238408353967e+01	5.042795643804640093e+01
-7.98	-2.986560275928113839e+01	5.113550710037713287e+01
-7.96	-2.994076677001600117e+01	5.126838797418619720e+01
-7.94	-3.022507179141273070e+01	5.177812928445815999e+01
-7.92	-3.030096365513185930e+01	5.187681203398039287e+01
-7.90	-3.041061404344365116e+01	5.201264127636471102e+01
-7.88	-3.069850936237619976e+01	5.244774048112157772e+01
-7.86	-3.083185261708900882e+01	5.255323450803623331e+01
-7.84	-3.120327765562936051e+01	5.305482926541284883e+01
-7.82	-3.141551711021175919e+01	5.320592692109551081e+01
-7.80	-3.243412902844809764e+01	5.478784052742234678e+01
-7.78	-3.300708230701881263e+01	5.547061183518707850e+01
-7.76	-3.332560721836048856e+01	5.559892932677477262e+01
-7.74	-3.389402343372118054e+01	5.609271521844033259e+01
-7.72	-3.430001720414222177e+01	5.618777279566560168e+01
-7.70	-3.478624554898650700e+01	5.631799613553450712e+01
-7.68	-3.551350309425769325e+01	5.672897511476318755e+01
-7.66	-3.614776430470495683e+01	5.682805565631993261e+01
-7.64	-3.704804395431151676e+01	5.728339173172309273e+01
-7.62	-3.755003958700945788e+01	5.741452776796234758e+01
-7.60	-3.813407741486201985e+01	5.861227427756470121e+01
-7.58	-3.766352107046282782e+01	5.898351061312273202e+01
-7.56	-3.697331382668095046e+01	5.903753573665142795e+01
-7.54	-3.651033548613190050e+01	5.922090999500696284e+01
-7.52	-3.604941903518645319e+01	5.924526193917117212e+01
-7.50	-3.565784443227749279e+01	5.928253580148393809e+01
-7.48	-3.532662111028277252e+01	5.934729439994597300e+01
-7.46	-3.500463470449822978e+01	5.936179849286344279e+01
-7.44	-3.470188784621132783e+01	5.934633590575388240e+01
-7.42	-3.444073089246860775e+01	5.933863498781470724e+01
-7.40	-3.411707921903082763e+01	5.915641880456328749e+01
-7.38	-3.334141904763251318e+01	5.813008688638461763e+01
-7.36	-3.312239762029314960e+01	5.799783138882231270e+01
-7.34	-3.272607414690322969e+01	5.749718016777003271e+01
-7.32	-3.258503012792988329e+01	5.738430427053150140e+01
-7.30	-3.225317434149121709e+01	5.688979838509060016e+01
-7.28	-3.214000846510850806e+01	5.672854666771799259e+01
-7.26	-3.207519929024657301e+01	5.661500664031130725e+01
-7.24	-3.172160063209614123e+01	5.596256150780372707e+01
-7.22	-3.166143257181900950e+01	5.579458731555119755e+01
-7.20	-3.115742225090642137e+01	5.483153750904663326e+01
-7.18	-2.987856975482405986e+01	5.250691345236712237e+01
-7.16	-2.982258714569842084e+01	5.229534295701250102e+01
-7.14	-2.948542869760984075e+01	5.158590702838721853e+01
-7.12	-2.948390023728510911e+01	5.144768902657528997e+01
-7.10	-2.923021140034058973e+01	5.086521021368727702e+01
-7.08	-2.922196384535829949e+01	5.069670003626954724e+01
-7.06	-2.924591608064235970e+01	5.057307631622565225e+01
-7.04	-2.898766724569934894e+01	4.995757698167850691e+01
-7.02	-2.900822375659777919e+01	4.980507935872218184e+01
-7.00	-2.868642774459286926e+01	4.905966389683388940e+01
-6.98	-2.801989677600820983e+01	4.772242733521851932e+01
-6.96	-2.809678161075980896e+01	4.762363205294364832e+01
-6.94	-2.806611905749527125e+01	4.732476358706126263e+01
-6.92	-2.819744448713480978e+01	4.727335322122244321e+01
-6.90	-2.824737331725068046e+01	4.706249352102088324e+01
-6.88	-2.841017455192567098e+01	4.700704110538382707e+01
-6.86	-2.860943391442323147e+01	4.696498262544280067e+01
-6.84	-2.876805368634033044e+01	4.678362062082735662e+01
-6.82	-2.909963637989971019e+01	4.673970409530482328e+01
-6.80	-2.949228793535532134e+01	4.655941657125122646e+01
-6.78	-2.992671303387773918e+01	4.632466081654799694e+01
-6.76	-3.021949123955837990e+01	4.631024293823372773e+01
-6.74	-3.002206168008208920e+01	4.627413110741719038e+01
-6.72	-2.963454382782029128e+01	4.626781901223579752e+01
-6.70	-2.922353596095731021e+01	4.625918507203176233e+01
-6.68	-2.883477196829309008e+01	4.624148067177164734e+01
-6.66	-2.848977317407319987e+01	4.623649934784842230e+01
-6.64	-2.817359716724615026e+01	4.622529852314740850e+01
-6.62	-2.789029174293478164e+01	4.622167989242733910e+01
-6.60	-2.764111724026885142e+01	4.623417036726399232e+01
-6.58	-2.741603624342398859e+01	4.624925048062814881e+01
-6.56	-2.720478606774592123e+01	4.625014101553954760e+01
-6.54	-2.702075061739733997e+01	4.626136664346164196e+01
-6.52	-2.685216208418381001e+01	4.626112419492938699e+01
-6.50	-2.670449078979824975e+01	4.626153265294684047e+01
-6.48	-2.658056487119770139e+01	4.626745097066196877e+01
-6.46	-2.647400346677540028e+01	4.626636552067095209e+01
-6.44	-2.638916586779888007e+01	4.626750725748829041e+01
-6.42	-2.632129802029218979e+01	4.626366849091998290e+01
-6.40	-2.623831395190471838e+01	4.619531708186808316e+01
-6.38	-2.616866255996125901e+01	4.611658212686901237e+01
-6.36	-2.614572604747515072e+01	4.609415795409252325e+01
-6.34	-2.610629330021872008e+01	4.601120513370249654e+01
-6.32	-2.611303064937114016e+01	4.598945682102303323e+01
-6.30	-2.612951406555903944e+01	4.596186155848226917e+01
-6.28	-2.612290932149178957e+01	4.587007662714047029e+01
-6.26	-2.615941802155111162e+01	4.584479940247378238e+01
-6.24	-2.615231971449398074e+01	4.572619340862056703e+01
-6.22	-2.619274312361912038e+01	4.568774139968609660e+01
-6.20	-2.606037502003545114e+01	4.532306780072971009e+01
-6.18	-2.606472501718774026e+01	4.521434646912941702e+01
-6.16	-2.611704007530016014e+01	4.520000969189972295e+01
-6.14	-2.615734713251961097e+01	4.516889430163777774e+01
-6.12	-2.620916769967917048e+01	4.516750618999189015e+01
-6.10	-2.625357380358563830e+01	4.516419860781915219e+01
-6.08	-2.631263171233058173e+01	4.519920708694395728e+01
-6.06	-2.634894886805476943e+01	4.520579609861680126e+01
-6.04	-2.643411581674138944e+01	4.531359811811564953e+01
-6.02	-2.647566377140714877e+01	4.535484536484006668e+01
-6.00	-2.694652954502862841e+01	4.619237942788537765e+01
-5.98	-2.726003216345311131e+01	4.675688151559779726e+01
-5.96	-2.732377037200835090e+01	4.687461597891955023e+01
-5.94	-2.758610219173356981e+01	4.736530725335897074e+01
-5.92	-2.763179524123011888e+01	4.746967980571106693e+01
-5.90	-2.787148062477713140e+01	4.793409401450511353e+01
-5.88	-2.793338251949397844e+01	4.807901201654504320e+01
-5.86	-2.797127937883433901e+01	4.818107867246857978e+01
-5.84	-2.827023773331931977e+01	4.876064500066517127e+01
-5.82	-2.833580719479279963e+01	4.890578690328214151e+01
-5.80	-2.876452706209892085e+01	4.971117023839642712e+01
-5.78	-2.969163321831548075e+01	5.141703519917626863e+01
-5.76	-2.977530372207624865e+01	5.154941481233313993e+01
-5.74	-3.003089438988628856e+01	5.197471525027624040e+01
-5.72	-3.010743824532720936e+01	5.204579045524111081e+01
-5.70	-3.032512731302334075e+01	5.235015191235616783e+01
-5.68	-3.043251003971770885e+01	5.242579468581170943e+01
-5.66	-3.054319551215975892e+01	5.248252668650543740e+01
-5.64	-3.077216912260151105e+01	5.273228373255261658e+01
-5.62	-3.090579813997139169e+01	5.278832894905403350e+01
-5.60	-3.113150530553352979e+01	5.299700505961021690e+01
-5.58	-3.128326412488254959e+01	5.305905162291600163e+01
-5.56	-3.139319452105521080e+01	5.304038112440534292e+01
-5.54	-3.146942899109998848e+01	5.296048517315851711e+01
-5.52	-3.157536067774486099e+01	5.293713879980610670e+01
-5.50	-3.163901958012591109e+01	5.284578415484281066e+01
-5.48	-3.173172055322942953e+01	5.281321691909069926e+01
-5.46	-3.182352701050999855e+01	5.278925184896152700e+01
-5.44	-3.185532162075958951e+01	5.266898233058088863e+01
-5.42	-3.193371385624724113e+01	5.263598081394545858e+01
-5.40	-3.193735419365567907e+01	5.247733207650192355e+01
-5.38	-3.186934936974983046e+01	5.220419573207424691e+01
-5.36	-3.194840693915470098e+01	5.218364378963291017e+01
-5.34	-3.200799567317950789e+01	5.213184104355877935e+01
-5.32	-3.209124846310466950e+01	5.212280539015399228e+01
-5.30	-3.215712202311078727e+01	5.209110814610816931e+01
-5.28	-3.222874707696433916e+01	5.208103139542573246e+01
-5.26	-3.228731318704790709e+01	5.207273018016240229e+01
-5.24	-3.231388904079597779e+01	5.204730699806434302e+01
-5.22	-3.232195187165979888e+01	5.203887891263231325e+01
-5.20	-3.224764113821782274e+01	5.195301329904239651e+01
-5.18	-3.214749558592421863e+01	5.188781068021918230e+01
-5.16	-3.204052957779060762e+01	5.187097118973696297e+01
-5.14	-3.187203664250245083e+01	5.180732897875962095e+01
-5.12	-3.170860175964343952e+01	5.179180892326905905e+01
-5.10	-3.152615592263638078e+01	5.177097528857483866e+01
-5.08	-3.130607107229970865e+01	5.170198270741312996e+01
-5.06	-3.111578719119550129e+01	5.168532736395531657e+01
-5.04	-3.089020692396809054e+01	5.159964977462009728e+01
-5.02	-3.071120132927843116e+01	5.157284125580670775e+01
-5.00	-3.041767990285315904e+01	5.132063329636957860e+01
-4.98	-3.025200604075063993e+01	5.125020592175418699e+01
-4.96	-3.015049412076534097e+01	5.124265458908889315e+01
-4.94	-3.007050918155082897e+01	5.122026335961609789e+01
-4.92	-3.003532805793139104e+01	5.121931549467181100e+01
-4.90	-3.003395848793837075e+01	5.121764900825971267e+01
-4.88	-3.007839375145561078e+01	5.123075218931079178e+01
-4.86	-3.015077692592828029e+01	5.123377797704718262e+01
-4.84	-3.028295412282885835e+01	5.127621618618813670e+01
-4.82	-3.043310651349614915e+01	5.129337320781858267e+01
-4.80	-3.077355990601586910e+01	5.158395548497846761e+01
-4.78	-3.106464329685841008e+01	5.174330302615430099e+01
-4.76	-3.129945222069629907e+01	5.177251023423757914e+01
-4.74	-3.159857500028692101e+01	5.188725862161007285e+01
-4.72	-3.184472966318163856e+01	5.190787233564166314e+01
-4.70	-3.208745092871311044e+01	5.193605019702801684e+01
-4.68	-3.233941230853618976e+01	5.201948261428675124e+01
-4.66	-3.250842907917049729e+01	5.203943712999515014e+01
-4.64	-3.265080611633747765e+01	5.211494673795274934e+01
-4.62	-3.268634129397690202e+01	5.213201356819853771e+01
-4.60	-3.265739579366375978e+01	5.215706339182894880e+01
-4.58	-3.250034169947989682e+01	5.206326683316177650e+01
-4.56	-3.235086730499489249e+01	5.203635296440454283e+01
-4.54	-3.213153087882397330e+01	5.191823082821483126e+01
-4.52	-3.196311637091988089e+01	5.189062444006783181e+01
-4.50	-3.179716591827974170e+01	5.185483140195743346e+01
-4.48	-3.157889831840487105e+01	5.171236085086619738e+01
-4.46	-3.143549442483881862e+01	5.167759563892742136e+01
-4.44	-3.121074030246334985e+01	5.147926858131960870e+01
-4.42	-3.108102553794500977e+01	5.142812749240012238e+01
-4.40	-3.081212675441314985e+01	5.110902513067401287e+01
-4.38	-3.023690168887539897e+01	5.023293765939011735e+01
-4.36	-3.011337257716690985e+01	5.014594858284115730e+01
-4.34	-2.987231856802619845e+01	4.983938040103254252e+01
-4.32	-2.977308403266054171e+01	4.977565193050075720e+01
-4.30	-2.955977580791337900e+01	4.950145186150670895e+01
-4.28	-2.945659723007868891e+01	4.941817886812427219e+01
-4.26	-2.936937038019398827e+01	4.935889856109888996e+01
-4.24	-2.913495612108242128e+01	4.902726305482339342e+01
-4.22	-2.904059276456834127e+01	4.894461967935899338e+01
-4.20	-2.873999845107062967e+01	4.848083810818197037e+01
-4.18	-2.809120705870212831e+01	4.738025757830946105e+01
-4.16	-2.799598266233341093e+01	4.727976681530280700e+01
-4.14	-2.777078936827068034e+01	4.693876309050485673e+01
-4.12	-2.769921001238531133e+01	4.687288039900229819e+01
-4.10	-2.751004246954844845e+01	4.658670992285974677e+01
-4.08	-2.743468600695836912e+01	4.650467279463480708e+01
-4.06	-2.737410276891332828e+01	4.644536542361114329e+01
-4.04	-2.717960054468261077e+01	4.613492554120092848e+01
-4.02	-2.711531745295684104e+01	4.605900382847492125e+01
-4.00	-2.688590453210813891e+01	4.567526447196169670e+01
-3.98	-2.649348152339894114e+01	4.498836865240200211e+01
-3.96	-2.645111669766145823e+01	4.494277878673040760e+01
-3.94	-2.636102758093300835e+01	4.480806536311784782e+01
-3.92	-2.633604283953556902e+01	4.478984936963131247e+01
-3.90	-2.627904102217978988e+01	4.470856016201224037e+01
-3.88	-2.625965214375267109e+01	4.469338254054626702e+01
-3.86	-2.624466671225886927e+01	4.468195536134442136e+01
-3.84	-2.621729846444056022e+01	4.463946483565341339e+01
-3.82	-2.621342337695561042e+01	4.463353629287127688e+01
-3.80	-2.621891201821318163e+01	4.463619502008329931e+01
-3.78	-2.631884847965762120e+01	4.480078694121227301e+01
-3.76	-2.634944765342348916e+01	4.482258000429816747e+01
-3.74	-2.642094415478134906e+01	4.490549883627998184e+01
-3.72	-2.646700698849501165e+01	4.492476893732028032e+01
-3.70	-2.652645508349500858e+01	4.494905186859273272e+01
-3.68	-2.662573624105580095e+01	4.502684036806233792e+01
-3.66	-2.670295225695614860e+01	4.504570076543087964e+01
-3.64	-2.682838741584966868e+01	4.513665105207604711e+01
-3.62	-2.692652317833560005e+01	4.516141310614747795e+01
-3.60	-2.708567506427511162e+01	4.528334069661657679e+01
-3.58	-2.735798872783774982e+01	4.559914065831487306e+01
-3.56	-2.747763563817850141e+01	4.563298597947360236e+01
-3.54	-2.765281535844201954e+01	4.576444602875078971e+01
-3.52	-2.776972613715200922e+01	4.579478967153214342e+01
-3.50	-2.788559621201751071e+01	4.583521594328757942e+01
-3.48	-2.805387813711937994e+01	4.598374977618654214e+01
-3.46	-2.814791611458912968e+01	4.602109508169596808e+01
-3.44	-2.832793494726459826e+01	4.623145182907938278e+01
-3.42	-2.840485347316124987e+01	4.628907147273604750e+01
-3.40	-2.864287540654461850e+01	4.665965990626659732e+01
-3.38	-2.937356360307549963e+01	4.787521307518198910e+01
-3.36	-2.946978750297779115e+01	4.801515825424935002e+01
-3.34	-2.977615206534769143e+01	4.851896628224441343e+01
-3.32	-2.985022700203230883e+01	4.862468043996261713e+01
-3.30	-2.994397355522542981e+01	4.876692612213381750e+01
-3.28	-3.025272140208162952e+01	4.925741166864038689e+01
-3.26	-3.034432152955087858e+01	4.937628352767016793e+01
-3.24	-3.072811537707136154e+01	4.998512500789011170e+01
-3.22	-3.084775690845971852e+01	5.014294410828720316e+01
-3.20	-3.138109900321444101e+01	5.101649472695125098e+01
-3.18	-3.261300273270774142e+01	5.305039018630824188e+01
-3.16	-3.275342486685592291e+01	5.323387784386697064e+01
-3.14	-3.313902807466588740e+01	5.383079744511807974e+01
-3.12	-3.323676873536216902e+01	5.393834897631843717e+01
-3.10	-3.335729010283623808e+01	5.408986282030018344e+01
-3.08	-3.366456296905744949e+01	5.455266738858259856e+01
-3.06	-3.376356220835575073e+01	5.466174891496373078e+01
-3.04	-3.408088615005195265e+01	5.514013334167550795e+01
-3.02	-3.419574519570735305e+01	5.527156370854299183e+01
-3.00	-3.486980172941441936e+01	5.634651061742628997e+01
-2.98	-3.506867338845955828e+01	5.661366391797614739e+01
-2.96	-3.514287187754784014e+01	5.664641887681725763e+01
-2.94	-3.526924802593435260e+01	5.675422950385294740e+01
-2.92	-3.534772120701118325e+01	5.676631437805408353e+01
-2.90	-3.545015751494708667e+01	5.680157655382531345e+01
-2.88	-3.554412700291184990e+01	5.680119443534479728e+01
-2.86	-3.565399171840090276e+01	5.680434858942002307e+01
-2.84	-3.575563989937605669e+01	5.676216959094855241e+01
-2.82	-3.590074770110111757e+01	5.674899766645481236e+01
-2.80	-3.600276345967292713e+01	5.659311666774200233e+01
-2.78	-3.584032115997747070e+01	5.591906977491778719e+01
-2.76	-3.613860677130561072e+01	5.584005573584435922e+01
-2.74	-3.654414215656201037e+01	5.554255796178536286e+01
-2.72	-3.793213971295364928e+01	5.547711193380322214e+01
-2.70	-3.653435723846124716e+01	5.519015974876867858e+01
-2.68	-3.465021293699243898e+01	5.509835104057121669e+01
-2.66	-3.443509268287414216e+01	5.503351973359328042e+01
-2.64	-3.416868790804763023e+01	5.465721210454842094e+01
-2.62	-3.406346012127296063e+01	5.456151535031491306e+01
-2.60	-3.365569339613065125e+01	5.400138195877079283e+01
-2.58	-3.270443360152893320e+01	5.257545257675341333e+01
-2.56	-3.254683446574839678e+01	5.243850980439974308e+01
-2.54	-3.218005108534165259e+01	5.196774555124044781e+01
-2.52	-3.204403490877155747e+01	5.187365987714296267e+01
-2.50	-3.171784304903523122e+01	5.146756837851455657e+01
-2.48	-3.156956773601246979e+01	5.134587826470686878e+01
-2.46	-3.144698099651954948e+01	5.125832372458412323e+01
-2.44	-3.110405718458623880e+01	5.079652154809333098e+01
-2.42	-3.098368307773444030e+01	5.068110286397246256e+01
-2.40	-3.057742085367098994e+01	5.007501557927510305e+01
-2.38	-2.979729157322352862e+01	4.882780407355063801e+01
-2.36	-2.972886541692869145e+01	4.872637264497952003e+01
-2.34	-2.953978675333165071e+01	4.839824534927439714e+01
-2.32	-2.953392019954376124e+01	4.834255211286640019e+01
-2.30	-2.953215766545319099e+01	4.826322280956608779e+01
-2.28	-2.944742656529551894e+01	4.802100715651639007e+01
-2.26	-2.949520029646129160e+01	4.796578833597437352e+01
-2.24	-2.944065657270666847e+01	4.771838639918053104e+01
-2.22	-2.951485693195446913e+01	4.765896314553427260e+01
-2.20	-2.946338059577541912e+01	4.737679838918234054e+01
-2.18	-2.929438536705774965e+01	4.689149523322939217e+01
-2.16	-2.941106565252204064e+01	4.685601718099464108e+01
-2.14	-2.948429414373084967e+01	4.674454347385776032e+01
-2.12	-2.961679398354345949e+01	4.672551581025531675e+01
-2.10	-2.970713640381254095e+01	4.664130584098717236e+01
-2.08	-2.983238464947282864e+01	4.661840714071004044e+01
-2.06	-2.995509095367912167e+01	4.660210652237289253e+01
-2.04	-3.002565344862046004e+01	4.651841856840704281e+01
-2.02	-3.012421948058738153e+01	4.649584415614850741e+01
-2.00	-3.004353744963487927e+01	4.628007804138295711e+01
-1.98	-2.979206297192973096e+01	4.584984673352443707e+01
-1.96	-2.954324491310435974e+01	4.547875527109790994e+01
-1.94	-2.925063496823744913e+01	4.508423343902062186e+01
-1.92	-2.896328742487608920e+01	4.471866104865986102e+01
-1.90	-2.866261362263632861e+01	4.435121108952139934e+01
-1.88	-2.835156249217515168e+01	4.398176272188147351e+01
-1.86	-2.803822195749054913e+01	4.361883107075117039e+01
-1.84	-2.772800903712839116e+01	4.326817915258285296e+01
-1.82	-2.741249974784409105e+01	4.291391887631297664e+01
-1.80	-2.721556097492126014e+01	4.274849014759468702e+01
-1.78	-2.699466885132826022e+01	4.254529982081484718e+01
-1.76	-2.669553554241763038e+01	4.221581497052652310e+01
-1.74	-2.647020051793047912e+01	4.199994328966788970e+01
-1.72	-2.617256797139869917e+01	4.166399234036585142e+01
-1.70	-2.588609070567148152e+01	4.133902312187993999e+01
-1.68	-2.567152392842116981e+01	4.112264964211575347e+01
-1.66	-2.538822097603452832e+01	4.078902349517424142e+01
-1.64	-2.520624604726813089e+01	4.061239006908520821e+01
-1.62	-2.493802634458285894e+01	4.028941585830185801e+01
-1.60	-2.481795473149378850e+01	4.020061510919907022e+01
-1.58	-2.494425521124044920e+01	4.050950433552571184e+01
-1.56	-2.468354529690276067e+01	4.018404348441424645e+01
-1.54	-2.450997875845376939e+01	3.999685386520823016e+01
-1.52	-2.423699740953347970e+01	3.964384601900800220e+01
-1.50	-2.403699209207312038e+01	3.940897595995149771e+01
-1.48	-2.376730196763408998e+01	3.905862815086828732e+01
-1.46	-2.349136212215534059e+01	3.869729347274296316e+01
-1.44	-2.328327665708629013e+01	3.844852281061739774e+01
-1.42	-2.300703627863853029e+01	3.808826552198799220e+01
-1.40	-2.279879627291969157e+01	3.784299743977324226e+01
-1.38	-2.260190284887958967e+01	3.761869657791587684e+01
-1.36	-2.230114945537118132e+01	3.722297747832944737e+01
-1.34	-2.199857086374738913e+01	3.682603103901362829e+01
-1.32	-2.169120183301091132e+01	3.642274036978569285e+01
-1.30	-2.137734576740750114e+01	3.600937785889694709e+01
-1.28	-2.106702400006306064e+01	3.560247432142737267e+01
-1.26	-2.075791631072488030e+01	3.519775422456613967e+01
-1.24	-2.043466064280062966e+01	3.476838682311758078e+01
-1.22	-2.012418163381585856e+01	3.435921200387073782e+01
-1.20	-1.976777237132008835e+01	3.386861351352084171e+01
-1.18	-1.946123289349405994e+01	3.346108244784438313e+01
-1.16	-1.916390377330501948e+01	3.306598806103313137e+01
-1.14	-1.887752088470671907e+01	3.268565324159421692e+01
-1.12	-1.858718342643044963e+01	3.229369389221948694e+01
-1.10	-1.830053768674449088e+01	3.190325672526073930e+01
-1.08	-1.803516410404240844e+01	3.154514932679974848e+01
-1.06	-1.775540300475082134e+01	3.115574688768609946e+01
-1.04	-1.751234660399856935e+01	3.082555594419534017e+01
-1.02	-1.724592859774111986e+01	3.044878420224550908e+01
-1.00	-1.716900480001731921e+01	3.040367874406645043e+01
-0.98	-1.699975797396950838e+01	3.019025519343383834e+01
-0.96	-1.674210235445605122e+01	2.981432016593641876e+01
-0.94	-1.654772394023587978e+01	2.954727496335980064e+01
-0.92	-1.628812240822121993e+01	2.915905646229563075e+01
-0.90	-1.608234582599628837e+01	2.886380906523253032e+01
-0.88	-1.582811534246796015e+01	2.847750961331660946e+01
-0.86	-1.557056113152414056e+01	2.808208456426445920e+01
-0.84	-1.536769229643472912e+01	2.778318559438594093e+01
-0.82	-1.511556474786906001e+01	2.739208431791131915e+01
-0.80	-1.499660247496781018e+01	2.724181661458602122e+01
-0.78	-1.475642432221335021e+01	2.686881949412370929e+01
-0.76	-1.448659651230589951e+01	2.643963856249071043e+01
-0.74	-1.422264598665429070e+01	2.601918135138165056e+01
-0.72	-1.395154389990103994e+01	2.558363813980260915e+01
-0.70	-1.368184135761345921e+01	2.514911364668813931e+01
-0.68	-1.340677984108912923e+01	2.470285563942573148e+01
-0.66	-1.313739523059006054e+01	2.426516186007483000e+01
-0.64	-1.285500815449070977e+01	2.380135527996926115e+01
-0.62	-1.258540477833583004e+01	2.335960882089101887e+01
-0.60	-1.228913207496798954e+01	2.286607299346157873e+01
-0.58	-1.192908021967551058e+01	2.225032356482143925e+01
-0.56	-1.166286926744366959e+01	2.180824379000073066e+01
-0.54	-1.137574559150498921e+01	2.132473226726607862e+01
-0.52	-1.111715936627603973e+01	2.089290033169393013e+01
-0.50	-1.085739508659266939e+01	2.045658961403069043e+01
-0.48	-1.058417684066544062e+01	1.999239837210274118e+01
-0.46	-1.033052024286809001e+01	1.956322271604933150e+01
-0.44	-1.006022562064294057e+01	1.910001090838649063e+01
-0.42	-9.809027444944444341e+00	1.867100659879558933e+01
-0.40	-9.504116163101363313e+00	1.813650062313146094e+01
-0.38	-9.240419805129068465e+00	1.767861353530901170e+01
-0.36	-8.999837643736050552e+00	1.726293869026075001e+01
-0.34	-8.747377803732677037e+00	1.682205513485871862e+01
-0.32	-8.511652562516655252e+00	1.641131054932737854e+01
-0.30	-8.275768536051037572e+00	1.599801985531759918e+01
-0.28	-8.032301371499013243e+00	1.556764991227803030e+01
-0.26	-7.801298825078814225e+00	1.515935361205517928e+01
-0.24	-7.559544077277230656e+00	1.472764936942144942e+01
-0.22	-7.331030318435148629e+00	1.431959555579621046e+01
-0.20	-7.057102212324874557e+00	1.381945803343415058e+01
-0.18	-6.818081839151021839e+00	1.338568913341494948e+01
-0.16	-6.602492284999948780e+00	1.299604695688823952e+01
-0.14	-6.378143375025940642e+00	1.258672735103692020e+01
-0.12	-6.168829400516867345e+00	1.220513166778651915e+01
-0.10	-5.953903638922932728e+00	1.181006979835498960e+01
-0.08	-5.749494548992512222e+00	1.143385898532656064e+01
-0.06	-5.546509014002647397e+00	1.105833994989333036e+01
-0.04	-5.339186894466348754e+00	1.069318135533954006e+01
-0.02	-5.128874613530459037e+00	1.036740855595573052e+01
-0.00	-4.933112723649694331e+00	1.000000000000001066e+01
