-24.00	-2.171425952971905105e+01	4.999999999999999289e+01
-23.00	-2.199886389386374930e+01	5.000200868162109202e+01
-22.00	-2.236240118003541966e+01	4.997214122229806321e+01
-21.00	-2.276887898264130072e+01	5.002809721947230059e+01
-20.00	-2.303719438891651095e+01	4.968382089441733740e+01
-19.00	-2.396125369159274143e+01	5.086524762161430857e+01
-18.00	-2.385412413573725132e+01	4.954548817740637645e+01
-17.00	-2.533054048846477002e+01	5.177856330773595772e+01
-16.98	-2.539914869935747177e+01	5.190532078274640071e+01
-16.96	-2.541927503839253077e+01	5.193613296038886773e+01
-16.94	-2.546792988810256020e+01	5.202406528335134794e+01
-16.92	-2.548463949660921912e+01	5.205029500807364684e+01
-16.90	-2.552219679502702121e+01	5.212327398231249731e+01
-16.88	-2.553689522066968109e+01	5.215316423804382140e+01
-16.86	-2.554756653136560018e+01	5.217832497600056030e+01
-16.84	-2.558215101295748894e+01	5.225509193180879208e+01
-16.82	-2.559304381478462886e+01	5.228561241131424708e+01
-16.80	-2.567147314955590076e+01	5.245573632362589933e+01
-16.78	-2.569137433373068902e+01	5.250694289741006315e+01
-16.76	-2.569456352528895948e+01	5.252391945448106725e+01
-16.74	-2.569997686459699082e+01	5.254453173342393768e+01
-16.72	-2.570204188674042101e+01	5.255646199204984015e+01
-16.70	-2.570024400165863909e+01	5.255808090183730741e+01
-16.68	-2.570222604713796954e+01	5.256376775299869308e+01
-16.66	-2.570784919570238003e+01	5.257286963824341086e+01
-16.64	-2.569420038235276138e+01	5.253770451472510672e+01
-16.62	-2.570028203286043933e+01	5.253739549589737834e+01
-16.60	-2.565782939498154036e+01	5.243178922366335826e+01
-16.58	-2.543814675059655173e+01	5.195796561120906176e+01
-16.56	-2.542959910238107923e+01	5.190892927802679679e+01
-16.54	-2.534549800315765111e+01	5.169905342678836746e+01
-16.52	-2.534919803501702162e+01	5.166182546920276764e+01
-16.50	-2.534835875932532900e+01	5.160836032186156075e+01
-16.48	-2.527161738339983899e+01	5.139406718376793037e+01
-16.46	-2.528074054387829861e+01	5.134837817812901761e+01
-16.44	-2.518094270723107897e+01	5.107560826059908976e+01
-16.42	-2.518545328266505123e+01	5.100922795840934754e+01
-16.40	-2.502758821151867963e+01	5.060958066158465840e+01
-16.38	-2.461448798745016830e+01	4.969061199649841853e+01
-16.36	-2.461721512060940853e+01	4.960925615512041986e+01
-16.34	-2.453272616461027056e+01	4.934897862069667696e+01
-16.32	-2.455321381983349838e+01	4.929738303950505696e+01
-16.30	-2.449926539464232889e+01	4.909400510018407715e+01
-16.28	-2.451762780869584901e+01	4.903389712626635344e+01
-16.26	-2.454390191472088034e+01	4.898782072516320341e+01
-16.24	-2.449609846530323054e+01	4.879273216512427069e+01
-16.22	-2.451856439573770885e+01	4.873683081721777199e+01
-16.20	-2.438416723326749036e+01	4.836859419955771244e+01
-16.18	-2.440067730265926116e+01	4.829970863481680254e+01
-16.16	-2.444604704923353111e+01	4.828710870810368050e+01
-16.14	-2.448886968784033868e+01	4.826844271744543136e+01
-16.12	-2.453808454692078911e+01	4.826126639569861254e+01
-16.10	-2.458760498118671123e+01	4.825351750241758708e+01
-16.08	-2.464476937829428138e+01	4.825921752766326733e+01
-16.06	-2.469737250462909017e+01	4.825443389100593805e+01
-16.04	-2.476392358570810970e+01	4.827507915578505049e+01
-16.02	-2.482069855074358955e+01	4.827462867546680769e+01
-16.00	-2.489973454596038138e+01	4.831527979926880079e+01
-15.98	-2.499874322150673933e+01	4.839226153649715911e+01
-15.96	-2.505696676498289932e+01	4.838768812729934865e+01
-15.94	-2.511702218793084995e+01	4.838440259046686265e+01
-15.92	-2.517513855937805900e+01	4.837520749792670927e+01
-15.90	-2.523451457660997832e+01	4.836629319167259666e+01
-15.88	-2.528940503819518071e+01	4.834701095942617144e+01
-15.86	-2.534936010327324141e+01	4.833586030457753679e+01
-15.84	-2.539817490190678839e+01	4.830228708648847658e+01
-15.82	-2.545587298709303070e+01	4.828489874200639775e+01
-15.80	-2.544864342010895086e+01	4.814428103844704054e+01
-15.78	-2.547840005285232934e+01	4.807433158132254647e+01
-15.76	-2.553443255438806148e+01	4.805483090920466083e+01
-15.74	-2.557512629619046862e+01	4.800775443774667650e+01
-15.72	-2.563171476345257105e+01	4.799241347076772257e+01
-15.70	-2.568562594119801901e+01	4.797435521932244740e+01
-15.68	-2.573140659846770006e+01	4.794384308442503340e+01
-15.66	-2.578402381526199960e+01	4.792945755937184771e+01
-15.64	-2.583176127014446877e+01	4.790959559574145743e+01
-15.62	-2.588185530173290161e+01	4.789803208295266046e+01
-15.60	-2.593858967607772925e+01	4.790321297766452346e+01
-15.58	-2.606954934802023161e+01	4.804960194123111705e+01
-15.56	-2.612625055589002088e+01	4.806346383021706714e+01
-15.54	-2.621663320535785147e+01	4.814407262259325648e+01
-15.52	-2.626754851835519133e+01	4.815698456752806322e+01
-15.50	-2.635547481334213060e+01	4.824249460268878664e+01
-15.48	-2.640695288135042063e+01	4.826664452152132867e+01
-15.46	-2.645044729917988136e+01	4.828102885550406143e+01
-15.44	-2.655286765145930872e+01	4.840818209997721766e+01
-15.42	-2.659801807555360043e+01	4.843608597333562216e+01
-15.40	-2.673919957139915127e+01	4.864410087568823826e+01
-15.38	-2.708808950130454107e+01	4.923486114040618844e+01
-15.36	-2.714117495591650098e+01	4.929294979433400670e+01
-15.34	-2.727637898557405904e+01	4.950579928403053742e+01
-15.32	-2.731353860310892046e+01	4.954630360899488295e+01
-15.30	-2.735591450679449110e+01	4.960265051916515233e+01
-15.28	-2.747313745422117037e+01	4.980075677356124686e+01
-15.26	-2.750311900625532857e+01	4.984707484520254184e+01
-15.24	-2.763586184897837938e+01	5.008633500775650305e+01
-15.22	-2.767253498672578971e+01	5.015801039291984864e+01
-15.20	-2.809029459563666009e+01	5.092745107728109133e+01
-15.18	-2.825493879046740986e+01	5.124523680634416678e+01
-15.16	-2.827436873888602875e+01	5.130581633211853898e+01
-15.14	-2.837665735144375034e+01	5.152351573770955895e+01
-15.12	-2.838134399357256044e+01	5.157026515583778092e+01
-15.10	-2.845209107362590828e+01	5.174293398104820341e+01
-15.08	-2.845471983200314980e+01	5.179703229602039727e+01
-15.06	-2.844816875775364906e+01	5.183934744228169222e+01
-15.04	-2.850804268993244150e+01	5.200701468524182758e+01
-15.02	-2.850011810549527169e+01	5.205459363540091289e+01
-15.00	-2.855991268695882823e+01	5.222911370766455974e+01
-14.98	-2.861667900931823993e+01	5.240054153554263650e+01
-14.96	-2.858475203079861870e+01	5.241120222154660269e+01
-14.94	-2.854144503521354892e+01	5.240186172565758937e+01
-14.92	-2.850359418466090133e+01	5.240286986047585316e+01
-14.90	-2.844696223098729959e+01	5.236921907074506066e+01
-14.88	-2.840431636124732862e+01	5.236078053229716289e+01
-14.86	-2.836542070596874154e+01	5.235861237582705741e+01
-14.84	-2.828636904017247033e+01	5.228131916593783757e+01
-14.82	-2.823918721727319081e+01	5.226195132776300056e+01
-14.80	-2.799685251147190002e+01	5.187984613815739010e+01
-14.78	-2.786260132168542825e+01	5.169669428446945147e+01
-14.76	-2.781212825555370927e+01	5.166817824812083160e+01
-14.74	-2.770552532000726842e+01	5.153464659447841001e+01
-14.72	-2.766041822473739842e+01	5.151498921299295120e+01
-14.70	-2.761004257244283977e+01	5.148505609481497203e+01
-14.68	-2.751607062266860027e+01	5.137319540214132019e+01
-14.66	-2.747075937434281911e+01	5.135145236415633718e+01
-14.64	-2.737014900481092994e+01	5.122508726379631838e+01
-14.62	-2.732305609336582108e+01	5.119727333477195685e+01
-14.60	-2.720312948499270078e+01	5.103054859226474349e+01
-14.58	-2.697174476673045973e+01	5.065065590068004298e+01
-14.56	-2.692649652070262078e+01	5.061624382651118736e+01
-14.54	-2.683535640775101072e+01	5.048991732713958669e+01
-14.52	-2.680132073274054960e+01	5.046411361657845873e+01
-14.50	-2.672277609021028866e+01	5.034637093459579660e+01
-14.48	-2.669184266643551950e+01	5.030881487941306318e+01
-14.46	-2.667300054384208963e+01	5.028264421520073313e+01
-14.44	-2.659159610267705887e+01	5.012617751140621181e+01
-14.42	-2.657455465406637884e+01	5.007760376208508291e+01
-14.40	-2.627545485179498996e+01	4.948171375988297171e+01
-14.38	-2.614472493682593068e+01	4.918887343767300280e+01
-14.36	-2.614674681430438952e+01	4.912963429315124131e+01
-14.34	-2.607007914724491116e+01	4.890610158402792962e+01
-14.32	-2.609639058669511158e+01	4.885976086953505160e+01
-14.30	-2.612265938519963981e+01	4.879734310106732664e+01
-14.28	-2.608808486040359043e+01	4.860484216858012019e+01
-14.26	-2.613729905424674982e+01	4.855504357113188263e+01
-14.24	-2.610691956392648905e+01	4.834360290875729049e+01
-14.22	-2.616283093851401986e+01	4.828006992854845691e+01
-14.20	-2.599624672472758036e+01	4.779667251765953750e+01
-14.18	-2.604083942468048107e+01	4.769459548007875327e+01
-14.16	-2.613748108309571094e+01	4.768055796027397975e+01
-14.14	-2.623773631376845827e+01	4.766745324029624697e+01
-14.12	-2.634704515761891841e+01	4.766666615472649937e+01
-14.10	-2.647782908202353980e+01	4.770210788870784313e+01
-14.08	-2.659791382332844023e+01	4.771718506904964840e+01
-14.06	-2.671263651451373988e+01	4.772310539020055842e+01
-14.04	-2.689065246232362938e+01	4.784349479526626681e+01
-14.02	-2.701530345380815845e+01	4.787110438605485285e+01
-14.00	-2.727252839875832890e+01	4.813631201908872725e+01
-13.98	-2.790672222960542115e+01	4.906756623859944000e+01
-13.96	-2.806813975863812871e+01	4.916730144617883980e+01
-13.94	-2.837947213847460048e+01	4.953353525963650128e+01
-13.92	-2.852016489519204967e+01	4.960534856288366967e+01
-13.90	-2.867391638119799069e+01	4.970432266339899030e+01
-13.88	-2.896643441141928932e+01	5.004757361784957936e+01
-13.86	-2.910555641353598944e+01	5.012904078352971737e+01
-13.84	-2.943395598093175991e+01	5.053951631708329728e+01
-13.82	-2.959349855335367963e+01	5.066212903515692290e+01
-13.80	-3.041987664830793037e+01	5.192748914501680702e+01
-13.78	-3.079826626439255932e+01	5.242546395961451111e+01
-13.76	-3.093818670677577032e+01	5.251862068955467322e+01
-13.74	-3.121754001918253962e+01	5.285043419573870693e+01
-13.72	-3.133953207938834851e+01	5.291704288650336707e+01
-13.70	-3.147414888991731985e+01	5.300701137572342958e+01
-13.68	-3.170247763181959044e+01	5.325648541984603668e+01
-13.66	-3.182175894892504076e+01	5.332369995924702266e+01
-13.64	-3.204821758499551265e+01	5.357190548239133676e+01
-13.62	-3.216791024409719313e+01	5.364246901718090754e+01
-13.60	-3.240050669448456944e+01	5.390213934000305329e+01
-13.58	-3.264034626269278050e+01	5.417389346244725346e+01
-13.56	-3.272697062266652779e+01	5.419143240959768804e+01
-13.54	-3.279680142437217683e+01	5.418174770504990789e+01
-13.52	-3.287303582142654790e+01	5.418301011650292764e+01
-13.50	-3.291633481144324236e+01	5.412991273239398993e+01
-13.48	-3.298246164978233708e+01	5.411406693145934810e+01
-13.46	-3.305587560977691908e+01	5.410921699351042236e+01
-13.44	-3.304778275265160659e+01	5.396975180328936261e+01
-13.42	-3.310097659011397297e+01	5.392924335042309281e+01
-13.40	-3.266562964684585779e+01	5.309201639217822333e+01
-13.38	-3.243575035872922996e+01	5.259061835351359093e+01
-13.36	-3.245375306345128052e+01	5.249241424107226806e+01
-13.34	-3.226786556768462333e+01	5.206487661296972647e+01
-13.32	-3.229436879891635925e+01	5.198266783870572283e+01
-13.30	-3.229944029325812238e+01	5.186833400450188236e+01
-13.28	-3.211089390330315041e+01	5.144718163968053659e+01
-13.26	-3.212108696813110242e+01	5.135066193221695130e+01
-13.24	-3.185752643359364100e+01	5.082262434194809941e+01
-13.22	-3.183571016403028864e+01	5.068857800107876699e+01
-13.20	-3.140814129801772836e+01	4.991573652646395232e+01
-13.18	-3.028733853484045113e+01	4.805136551459330718e+01
-13.16	-3.021666974196826061e+01	4.787128871450467926e+01
-13.14	-2.988211362883154010e+01	4.728385691301713223e+01
-13.12	-2.983158186878840112e+01	4.715861002104112742e+01
-13.10	-2.954085876996433058e+01	4.666371635085639724e+01
-13.08	-2.945676189158750091e+01	4.650778434844963272e+01
-13.06	-2.939089797404139048e+01	4.639058517956168259e+01
-13.04	-2.904933326340330879e+01	4.584888070837300234e+01
-13.02	-2.894963095529816854e+01	4.570183591877744078e+01
-13.00	-2.850994234902245950e+01	4.502707035797789814e+01
-12.98	-2.770377305094692844e+01	4.378605475409698755e+01
-12.96	-2.759974871597071910e+01	4.367210371493482768e+01
-12.94	-2.737003471727383896e+01	4.337286737176052043e+01
-12.92	-2.727757663497495955e+01	4.330521284184590058e+01
-12.90	-2.716381140551099094e+01	4.321771088670914907e+01
-12.88	-2.697419397959466991e+01	4.302020491497094667e+01
-12.86	-2.686150799180284920e+01	4.295594304603829272e+01
-12.84	-2.668047915609626131e+01	4.278983851419828710e+01
-12.82	-2.656387693116193915e+01	4.273307639477687303e+01
-12.80	-2.644001579593923879e+01	4.266899480516894272e+01
-12.78	-2.643717012665331012e+01	4.280402243617466951e+01
-12.76	-2.636253055942320955e+01	4.282485318982102740e+01
-12.74	-2.638214173767343951e+01	4.300094363273346687e+01
-12.72	-2.631012843150671898e+01	4.302853105673001721e+01
-12.70	-2.634754008902278954e+01	4.323599348141259213e+01
-12.68	-2.629469739304600040e+01	4.329543389579735191e+01
-12.66	-2.622638468486129071e+01	4.332887932428899092e+01
-12.64	-2.634208656144517136e+01	4.366715729042905281e+01
-12.62	-2.629829384121673996e+01	4.374030345158701749e+01
-12.60	-2.656241249698960871e+01	4.432687343943648273e+01
-12.58	-2.752805181008795898e+01	4.609171193011862755e+01
-12.56	-2.754374635918323122e+01	4.626548727143376283e+01
-12.54	-2.784252105305812108e+01	4.691372513658166810e+01
-12.52	-2.783588074224076081e+01	4.704325643647474209e+01
-12.50	-2.810318304812474111e+01	4.763204114874792339e+01
-12.48	-2.813286373659970963e+01	4.781112404679222294e+01
-12.46	-2.813631719880909898e+01	4.793729576719899654e+01
-12.44	-2.849151351324465153e+01	4.865484414663008295e+01
-12.42	-2.855551330907423946e+01	4.886353801109026307e+01
-12.40	-2.981318646144400830e+01	5.111059414440386917e+01
-12.38	-3.028475529461223914e+01	5.199719026176691727e+01
-12.36	-3.034138311652494124e+01	5.215500528042670680e+01
-12.34	-3.065736555621079162e+01	5.274388298976644052e+01
-12.32	-3.070449254390457128e+01	5.285350647379304689e+01
-12.30	-3.078602922683921861e+01	5.300536340334159746e+01
-12.28	-3.104308463041084920e+01	5.344604160792175662e+01
-12.26	-3.111731597417626105e+01	5.355652776719834662e+01
-12.24	-3.138989787765932959e+01	5.399718700117811210e+01
-12.22	-3.148043967928193965e+01	5.411418205157394823e+01
-12.20	-3.178211314395467113e+01	5.458705066066673339e+01
-12.18	-3.217855004969589316e+01	5.521726077787865705e+01
-12.16	-3.223836184012935746e+01	5.526608734005436219e+01
-12.14	-3.232381063369047070e+01	5.535898816583016213e+01
-12.12	-3.236860022814808957e+01	5.538441528755451060e+01
-12.10	-3.242425864162358806e+01	5.543169879960988311e+01
-12.08	-3.246223809568530072e+01	5.545255187571194000e+01
-12.06	-3.249860226540022268e+01	5.547349345181140023e+01
-12.04	-3.253146082579448262e+01	5.548861081929904771e+01
-12.02	-3.256692298903730887e+01	5.550328910148289907e+01
-12.00	-3.255828007339641061e+01	5.545546059020254859e+01
-11.98	-3.258305294019732656e+01	5.544118997753982825e+01
-11.96	-3.263452822543644771e+01	5.544108296536685287e+01
-11.94	-3.270504801817274654e+01	5.544644702017164661e+01
-11.92	-3.279203616801547838e+01	5.544920238029901327e+01
-11.90	-3.289270673816457702e+01	5.546485470759520808e+01
-11.88	-3.297881208713366874e+01	5.547113282859623240e+01
-11.86	-3.304693042716728968e+01	5.547509922026320339e+01
-11.84	-3.312170529354809645e+01	5.550621562332838721e+01
-11.82	-3.318636473284546184e+01	5.551521400638335990e+01
-11.80	-3.331537868529510149e+01	5.561104851314703268e+01
-11.78	-3.341168283894476332e+01	5.561500749371705155e+01
-11.76	-3.352838581976919130e+01	5.560885552637137863e+01
-11.74	-3.365933643060625968e+01	5.557882767548807834e+01
-11.72	-3.383088053873792234e+01	5.556660695072380207e+01
-11.70	-3.400862427409452948e+01	5.551248737099521691e+01
-11.68	-3.423242342260804350e+01	5.548866667493000904e+01
-11.66	-3.449043476092389682e+01	5.547278173419427105e+01
-11.64	-3.471243860905403977e+01	5.536006878241393281e+01
-11.62	-3.499977962909041906e+01	5.531924859482457180e+01
-11.60	-3.493689238914745232e+01	5.470341438361611353e+01
-11.58	-3.503400647509717203e+01	5.433246395996496858e+01
-11.56	-3.531849384142469717e+01	5.425448862945612660e+01
-11.54	-3.544247340894401788e+01	5.394185201597627355e+01
-11.52	-3.571198439176419015e+01	5.387272687788310321e+01
-11.50	-3.582108560557065147e+01	5.357903524319571176e+01
-11.48	-3.607807206431664326e+01	5.348457337068956008e+01
-11.46	-3.655434476166689706e+01	5.341708111195688957e+01
-11.44	-3.749390395002102139e+01	5.304571579292198180e+01
-11.42	-3.806318223853435967e+01	5.293226171706170646e+01
-11.40	-3.704073134404995216e+01	5.165064191997608845e+01
-11.38	-3.683228742137590217e+01	5.106367858731454135e+01
-11.36	-3.728631977025330713e+01	5.095168289968005126e+01
-11.34	-3.590300643483629273e+01	5.050997174265572909e+01
-11.32	-3.399705107875109178e+01	5.041808154455428337e+01
-11.30	-3.274740681491520888e+01	5.003015383336551736e+01
-11.28	-3.193747386719050851e+01	4.991015051267468294e+01
-11.26	-3.131649739237727914e+01	4.982359306477580674e+01
-11.24	-3.063997386354822083e+01	4.936449155149725243e+01
-11.22	-3.021184051957104089e+01	4.922747629734173813e+01
-11.20	-2.922497772188041054e+01	4.775446844104988742e+01
-11.18	-2.870697936195967159e+01	4.712472559549271267e+01
-11.16	-2.848875469269373895e+01	4.700949637561935646e+01
-11.14	-2.816321310722115001e+01	4.656163741393378075e+01
-11.12	-2.805602183377109071e+01	4.647271501771844271e+01
-11.10	-2.785813121261108094e+01	4.610165751238324816e+01
-11.08	-2.782842080461396961e+01	4.599236215229547042e+01
-11.06	-2.785413602599745886e+01	4.591212842670549321e+01
-11.04	-2.776376130234941897e+01	4.551533025907067298e+01
-11.02	-2.785095320020226950e+01	4.540329508520788693e+01
-11.00	-2.752092180573367131e+01	4.438863514890871897e+01
-10.98	-2.757449306356544128e+01	4.407597478162894333e+01
-10.96	-2.779594393759010984e+01	4.402994739717870232e+01
-10.94	-2.799458274431572136e+01	4.386451972958008838e+01
-10.92	-2.831714244737550956e+01	4.383892839234601269e+01
-10.90	-2.868262317853460885e+01	4.374039865156805718e+01
-10.88	-2.925448689934675883e+01	4.371899932415151113e+01
-10.86	-3.036926949038817014e+01	4.370130687050737350e+01
-10.84	-3.137702643693473092e+01	4.365267218234890123e+01
-10.82	-2.870664683315517962e+01	4.364254706572201314e+01
-10.80	-2.813271667955588029e+01	4.365257206529658163e+01
-10.78	-2.806845851991501917e+01	4.389652764400926799e+01
-10.76	-2.786425210587287893e+01	4.392847448185907666e+01
-10.74	-2.771491232983440156e+01	4.405124624823579182e+01
-10.72	-2.750931414007261111e+01	4.407551080333124105e+01
-10.70	-2.732016518510884140e+01	4.410893807243005682e+01
-10.68	-2.719604414469671028e+01	4.422712980672581295e+01
-10.66	-2.702972338865880886e+01	4.425425519389298756e+01
-10.64	-2.694831719071438059e+01	4.439619125234292341e+01
-10.62	-2.681880021307870976e+01	4.443139015880530707e+01
-10.60	-2.680013249227257077e+01	4.462611017714831974e+01
-10.58	-2.693983391397070903e+01	4.505795053645191217e+01
-10.56	-2.686185409955735892e+01	4.509542690075694793e+01
-10.54	-2.685578771615409011e+01	4.522390275846012742e+01
-10.52	-2.680571407000834938e+01	4.524682828069438045e+01
-10.50	-2.678072306609949038e+01	4.527926886634884340e+01
-10.48	-2.681873627957341100e+01	4.538901845894495324e+01
-10.46	-2.682669104266102877e+01	4.541384933601079865e+01
-10.44	-2.691433949651754176e+01	4.554345182465797848e+01
-10.42	-2.696254037840463980e+01	4.557549016387879703e+01
-10.40	-2.711965932081631081e+01	4.576126464995012100e+01
-10.38	-2.747429112122630102e+01	4.625055539073542832e+01
-10.36	-2.758668272602594840e+01	4.630027326239483187e+01
-10.34	-2.779360209012522986e+01	4.647951535460529726e+01
-10.32	-2.793257581651155874e+01	4.651469859018465769e+01
-10.30	-2.809548712351137922e+01	4.656313759712742950e+01
-10.28	-2.835192295721910938e+01	4.673508123397981251e+01
-10.26	-2.855182620226835866e+01	4.677514714883888303e+01
-10.24	-2.890004422010461838e+01	4.699209523449881232e+01
-10.22	-2.925966467072748145e+01	4.704719942650682896e+01
-10.20	-3.014150778663796970e+01	4.737664248074887041e+01
-10.18	-3.190865041354086173e+01	4.828772847620457043e+01
-10.16	-3.257185293316194930e+01	4.838334184200648735e+01
-10.14	-3.242509855351549675e+01	4.872688068825579677e+01
-10.12	-3.199757469665753007e+01	4.879577652008404698e+01
-10.10	-3.161534955153323168e+01	4.889004028131707003e+01
-10.08	-3.140470728294894087e+01	4.922327029082406824e+01
-10.06	-3.107630689419944048e+01	4.930188891404583273e+01
-10.04	-3.097509163036033897e+01	4.972393430913231782e+01
-10.02	-3.072954665719194978e+01	4.983231027444603711e+01
-10.00	-3.080541815067815037e+01	5.047216315415472820e+01
-9.98	-3.149641612209160968e+01	5.218233586694221771e+01
-9.96	-3.137579625236994829e+01	5.235418251952165747e+01
-9.94	-3.151933682098090017e+01	5.295387271791170036e+01
-9.92	-3.143910306654056086e+01	5.307842427302772847e+01
-9.90	-3.161114998991241976e+01	5.361104701327401756e+01
-9.88	-3.161689664825840040e+01	5.377449849315124908e+01
-9.86	-3.163006406012529936e+01	5.389202112777132925e+01
-9.84	-3.194642812846350921e+01	5.451961564221041101e+01
-9.82	-3.204679181284282663e+01	5.469102700152304664e+01
-9.80	-3.282454363756860971e+01	5.607845849205298805e+01
-9.78	-3.354292079790265291e+01	5.730489222007643235e+01
-9.76	-3.369441413676293706e+01	5.743494191724803244e+01
-9.74	-3.403799962610278129e+01	5.788797706770100149e+01
-9.72	-3.418909142904548304e+01	5.796267430011536703e+01
-9.70	-3.436557361840473135e+01	5.807022790806895784e+01
-9.68	-3.466176906880627939e+01	5.838549819950703323e+01
-9.66	-3.482033824265214861e+01	5.845081067834419741e+01
-9.64	-3.509638697911213967e+01	5.873221377164966128e+01
-9.62	-3.524878115212555230e+01	5.880066723905363091e+01
-9.60	-3.555299712567470749e+01	5.915000720521238264e+01
-9.58	-3.561038437068899754e+01	5.907608397261663669e+01
-9.56	-3.568361088008205684e+01	5.904314060481156901e+01
-9.54	-3.568426709987294743e+01	5.889750162963599678e+01
-9.52	-3.573902533455446218e+01	5.885942815458621880e+01
-9.50	-3.578307306558065903e+01	5.881040384757918815e+01
-9.48	-3.573408928409477170e+01	5.861238707305518147e+01
-9.46	-3.576882364131616754e+01	5.856388749618049872e+01
-9.44	-3.566303618993310209e+01	5.828101462613889794e+01
-9.42	-3.566674576766809679e+01	5.819001315573346744e+01
-9.40	-3.503623720631659921e+01	5.703850842183724978e+01
-9.38	-3.474578589210563706e+01	5.646726585133261267e+01
-9.36	-3.471188534079868759e+01	5.635659322059772336e+01
-9.34	-3.446385655305932261e+01	5.591519541520740688e+01
-9.32	-3.441281347477801233e+01	5.582950438192489884e+01
-9.30	-3.432474559019343729e+01	5.571146353059727119e+01
-9.28	-3.404634412073699679e+01	5.531314514169400098e+01
-9.26	-3.393541115477456316e+01	5.521922820317674763e+01
-9.24	-3.357709438543940195e+01	5.474223202919519338e+01
-9.22	-3.341147838124226155e+01	5.459894089397941741e+01
-9.20	-3.234649397310163721e+01	5.298194265275036940e+01
-9.18	-3.180733866158510992e+01	5.223353872198050851e+01
-9.16	-3.163342152167135879e+01	5.209031091178310646e+01
-9.14	-3.120595015693539054e+01	5.151796439412154882e+01
-9.12	-3.106755607936317176e+01	5.140732562259246663e+01
-9.10	-3.091656547977720138e+01	5.125475961553542703e+01
-9.08	-3.056688473080028956e+01	5.074028848272102721e+01
-9.06	-3.047223667524060886e+01	5.061919683241990242e+01
-9.04	-3.010428660200082973e+01	5.000611092288620796e+01
-9.02	-3.003347985353639871e+01	4.985058887503375047e+01
-9.00	-2.956515450258504885e+01	4.899278599309675286e+01
-8.98	-2.840791569282804119e+01	4.696102145319367338e+01
-8.96	-2.839641527159065149e+01	4.680485486390097805e+01
-8.94	-2.812194126787753135e+01	4.619011717637300762e+01
-8.92	-2.815769793713349145e+01	4.606948363020305237e+01
-8.90	-2.796305805727589089e+01	4.555680687792415284e+01
-8.88	-2.799144263407152167e+01	4.540638485039672645e+01
-8.86	-2.804068566244001914e+01	4.529717361578467205e+01
-8.84	-2.780173917334978029e+01	4.473789598380817978e+01
-8.82	-2.780130858893314993e+01	4.459907679702318717e+01
-8.80	-2.743035427074734045e+01	4.389183369494160303e+01
-8.78	-2.660446707768857877e+01	4.250538399509890297e+01
-8.76	-2.651359596809243158e+01	4.239613668116840728e+01
-8.74	-2.623468558768642112e+01	4.204867249438221677e+01
-8.72	-2.609124888192000924e+01	4.198713804406619232e+01
-8.70	-2.580652696357917009e+01	4.172699159095981258e+01
-8.68	-2.562468622953824848e+01	4.165755424182317768e+01
-8.66	-2.544702769283239974e+01	4.160611877411078297e+01
-8.64	-2.516558200865589967e+01	4.136487951875977842e+01
-8.62	-2.499332998900845126e+01	4.130796264158632880e+01
-8.60	-2.472238152782972165e+01	4.105652115533362689e+01
-8.58	-2.443953510219316883e+01	4.076836991557617296e+01
-8.56	-2.432107995072302131e+01	4.076356040915060674e+01
-8.54	-2.421906613122311924e+01	4.077225786292832055e+01
-8.52	-2.412869300885071056e+01	4.078414939266581030e+01
-8.50	-2.406978550325872845e+01	4.083479794808489061e+01
-8.48	-2.400836389220297917e+01	4.086094031249218261e+01
-8.46	-2.395398579537247130e+01	4.087836716311800700e+01
-8.44	-2.396935245410362114e+01	4.100500882472535835e+01
-8.42	-2.394945038161397122e+01	4.104177793855077994e+01
-8.40	-2.405957086803800848e+01	4.130292388686539340e+01
-8.38	-2.453519837261053027e+01	4.223336476160420716e+01
-8.36	-2.459322264160925897e+01	4.234315303640087791e+01
-8.34	-2.481538642986899035e+01	4.273739427105265065e+01
-8.32	-2.489279667788141026e+01	4.282637132049119799e+01
-8.30	-2.513732914832393917e+01	4.320317930559348696e+01
-8.28	-2.526582341340242976e+01	4.332647233739032799e+01
-8.26	-2.539529272968858109e+01	4.341448008756481158e+01
-8.24	-2.575413528089688953e+01	4.389991245266394770e+01
-8.22	-2.595188608540242114e+01	4.404975103122063729e+01
-8.20	-2.699220083195558928e+01	4.574792632236591317e+01
-8.18	-2.755876068776725063e+01	4.652039518676121332e+01
-8.16	-2.781336118444342986e+01	4.666642403821799689e+01
-8.14	-2.831650729235121133e+01	4.723655402225590905e+01
-8.12	-2.857646090668048089e+01	4.734583882919839226e+01
-8.10	-2.882905566817973053e+01	4.749659333707791120e+01
-8.08	-2.918502101152795092e+01	4.798441995976744323e+01
-8.06	-2.925407161422532099e+01	4.810095939717245273e+01
-8.04	-2.957082452136225825e+01	4.865949333114801334e+01
-8.02	-2.971212797386920101e+01	4.882413750002522335e+01
-8.00	-3.073329775865014923e+01	5.052029339718553302e+01
-7.98	-3.125927042865363958e+01	5.122562999262356698e+01
-7.96	-3.156982833299941049e+01	5.135618856874099691e+01
-7.94	-3.224397788682890109e+01	5.186382149973751865e+01
-7.92	-3.313559585851751876e+01	5.196046702671832662e+01
-7.90	-3.359318137235892721e+01	5.209414185579775847e+01
-7.88	-3.351067649372234314e+01	5.252700404032751891e+01
-7.86	-3.318053942563589231e+01	5.263036396732155708e+01
-7.84	-3.311656711870512737e+01	5.313012628292093353e+01
-7.82	-3.289001002044462041e+01	5.327912818160280040e+01
-7.80	-3.356063746034146789e+01	5.485896593306336655e+01
-7.78	-3.379686478199827349e+01	5.553982558276427284e+01
-7.76	-3.383343449892284127e+01	5.566630978421010667e+01
-7.74	-3.419186585391417310e+01	5.615815917560303916e+01
-7.72	-3.442015299309053233e+01	5.625113731993627653e+01
-7.70	-3.474821528535967730e+01	5.637958845905340155e+01
-7.68	-3.530706801956782215e+01	5.678889309845197175e+01
-7.66	-3.569992067924390966e+01	5.688621993189367743e+01
-7.64	-3.624920200715119734e+01	5.733975022200804261e+01
-7.62	-3.646257491730592193e+01	5.746919082684477331e+01
-7.60	-3.716338161645933269e+01	5.866554129573601273e+01
-7.58	-3.717455968291960033e+01	5.903513245538300680e+01
-7.56	-3.686709579296020678e+01	5.908752073984008746e+01
-7.54	-3.657738740496993302e+01	5.926945174223614998e+01
-7.52	-3.617241429639788208e+01	5.929249149783490225e+01
-7.50	-3.578711535622632312e+01	5.932839584080763018e+01
-7.48	-3.544413039661751696e+01	5.939166745420236282e+01
-7.46	-3.510625807224357686e+01	5.940495895296928097e+01
-7.44	-3.478851496330125315e+01	5.938839274606449692e+01
-7.42	-3.451499558702072079e+01	5.937946240015441646e+01
-7.40	-3.418277037364973125e+01	5.919595757606712993e+01
-7.38	-3.340346964055562751e+01	5.816850147377285651e+01
-7.36	-3.318263834581217253e+01	5.803542862685662129e+01
-7.34	-3.278778659147359775e+01	5.753371550794911116e+01
-7.32	-3.264972634542375829e+01	5.741978675314845049e+01
-7.30	-3.232356842840007261e+01	5.692443891061312655e+01
-7.28	-3.221735525805384981e+01	5.676248272334556333e+01
-7.26	-3.216053779824642334e+01	5.664817816972553999e+01
-7.24	-3.181661713559017102e+01	5.599485364089350270e+01
-7.22	-3.176639808921770936e+01	5.582630079734897066e+01
-7.20	-3.127410272957949999e+01	5.486277669826399261e+01
-7.18	-3.000833901152621053e+01	5.253756358350450739e+01
-7.16	-2.996328046325317018e+01	5.232536446296222721e+01
-7.14	-2.963788359702683906e+01	5.161544883021213792e+01
-7.12	-2.964830573320234919e+01	5.147701687445690766e+01
-7.10	-2.940710939899397047e+01	5.089416442545437747e+01
-7.08	-2.941193235134053907e+01	5.072527115317792124e+01
-7.06	-2.945006532850322145e+01	5.060146972981149815e+01
-7.04	-2.920692468425345822e+01	4.998591727249169736e+01
-7.02	-2.924395432108394033e+01	4.983330997598226730e+01
-7.00	-2.893908630139792137e+01	4.908769272165905306e+01
-6.98	-2.829024208256290152e+01	4.775058530509622301e+01
-6.96	-2.838895939579647987e+01	4.765201688248024681e+01
-6.94	-2.838182832232251940e+01	4.735338543076483120e+01
-6.92	-2.853885608663659923e+01	4.730222205198572283e+01
-6.90	-2.861340849726988012e+01	4.709167257996897149e+01
-6.88	-2.879544428164248870e+01	4.703666240639172713e+01
-6.86	-2.899530848737548894e+01	4.699505079484649173e+01
-6.84	-2.910834189916554138e+01	4.681415207342190143e+01
-6.82	-2.929457332763501043e+01	4.677082806333317677e+01
-6.80	-2.936672601727237009e+01	4.659122768375919321e+01
-6.78	-2.935884395241755129e+01	4.635714786559555733e+01
-6.76	-2.943462716298935078e+01	4.634334895961418255e+01
-6.74	-2.944033058663528024e+01	4.630807774955331979e+01
-6.72	-2.941872082987474002e+01	4.630271512000380341e+01
-6.70	-2.935796403314607161e+01	4.629497652205986213e+01
-6.68	-2.922313690590080171e+01	4.627814512514314771e+01
-6.66	-2.892416233945420956e+01	4.627412108281215097e+01
-6.64	-2.846998513966263999e+01	4.626405739126415284e+01
-6.62	-2.804692057731026011e+01	4.626156957426695726e+01
-6.60	-2.769948612997054838e+01	4.627517284201191217e+01
-6.58	-2.740870563900352153e+01	4.629151820354103108e+01
-6.56	-2.715482086869797129e+01	4.629378455452270202e+01
-6.54	-2.694468056454158145e+01	4.630638306672054227e+01
-6.52	-2.676242244360544120e+01	4.630747447832884234e+01
-6.50	-2.661131425271409867e+01	4.630940426547473976e+01
-6.48	-2.649236978728355041e+01	4.631693808660538281e+01
-6.46	-2.639779585012459862e+01	4.631743602534216819e+01
-6.44	-2.633147479904539878e+01	4.632015004807821867e+01
-6.42	-2.628883781465717107e+01	4.631795238443643825e+01
-6.40	-2.623827898330038977e+01	4.625137881374521243e+01
-6.38	-2.620830624792597874e+01	4.617443778836277346e+01
-6.36	-2.623366598595800880e+01	4.615379625071692260e+01
-6.34	-2.625313529012554881e+01	4.607273510918678028e+01
-6.32	-2.633164648321024970e+01	4.605294650956580682e+01
-6.30	-2.643586132134814903e+01	4.602728796965735825e+01
-6.28	-2.653686189606203172e+01	4.593738705019364943e+01
-6.26	-2.670835509250535011e+01	4.591411885553515049e+01
-6.24	-2.686968225636669061e+01	4.579759094872739666e+01
-6.22	-2.712062085197083050e+01	4.576117639274937687e+01
-6.20	-2.723805437426337051e+01	4.539852294891422702e+01
-6.18	-2.753548506953367081e+01	4.529185797451454931e+01
-6.16	-2.789628416401551902e+01	4.527962601670699883e+01
-6.14	-2.821435521354058906e+01	4.525062514044370232e+01
-6.12	-2.849017883658537897e+01	4.525133809814054331e+01
-6.10	-2.872858110573201174e+01	4.525021771646510871e+01
-6.08	-2.898973671453262924e+01	4.528745721036595739e+01
-6.06	-2.923429494660589967e+01	4.529623012838227680e+01
-6.04	-2.953814637156304101e+01	4.540611598001355276e+01
-6.02	-2.979644772454209090e+01	4.544961799116605761e+01
-6.00	-3.056514571948281045e+01	4.628949385051753751e+01
-5.98	-3.115631891622190963e+01	4.685623645255105885e+01
-5.96	-3.144663970549775911e+01	4.697618280095031906e+01
-5.94	-3.195466069784223961e+01	4.746919880700531280e+01
-5.92	-3.214929625376407074e+01	4.757610484207622648e+01
-5.90	-3.251622345564837246e+01	4.804284387458199745e+01
-5.88	-3.276550866807804141e+01	4.818995995735924254e+01
-5.86	-3.355074604589098897e+01	4.829432062336289988e+01
-5.84	-3.316276899425754010e+01	4.887620925017137097e+01
-5.82	-3.261958669988746351e+01	4.902355247912065295e+01
-5.80	-3.271569824081645095e+01	4.983093048836789762e+01
-5.78	-3.344136375485668822e+01	5.153905054390357776e+01
-5.76	-3.336919458623948032e+01	5.167382984147668878e+01
-5.74	-3.350875749696116657e+01	5.210128686928037212e+01
-5.72	-3.349877531177445888e+01	5.217423855628606333e+01
-5.70	-3.365601945339997059e+01	5.248031393817426249e+01
-5.68	-3.372424275116087244e+01	5.255767063640296755e+01
-5.66	-3.381899131988242146e+01	5.261612035041989088e+01
-5.64	-3.405754966249825344e+01	5.286739020191546246e+01
-5.62	-3.423085546225117781e+01	5.292485972492011115e+01
-5.60	-3.453782260866943687e+01	5.313498456817615079e+01
-5.58	-3.483853314130242040e+01	5.319857589039990842e+01
-5.56	-3.522049142917955322e+01	5.318152869353296808e+01
-5.54	-3.590531912424901861e+01	5.310320595952479295e+01
-5.52	-3.730766632654602688e+01	5.308127298371523040e+01
-5.50	-3.503505135787560221e+01	5.299130946531494146e+01
-5.48	-3.420676370172836300e+01	5.296013335612585848e+01
-5.46	-3.409194436400846229e+01	5.293755941255970043e+01
-5.44	-3.392441598961247706e+01	5.281868102074209048e+01
-5.42	-3.380293200830467271e+01	5.278707063066966754e+01
-5.40	-3.360103472719122664e+01	5.262981301978914672e+01
-5.38	-3.333147271282908264e+01	5.235817805939984737e+01
-5.36	-3.322799494072452831e+01	5.233919830771530002e+01
-5.34	-3.310877381582773182e+01	5.228880260128953239e+01
-5.32	-3.301861125596371238e+01	5.228063547921183130e+01
-5.30	-3.291441587387659951e+01	5.224988161158353250e+01
-5.28	-3.282214605154136677e+01	5.224130285068333990e+01
-5.26	-3.272601734224681280e+01	5.223446209882647651e+01
-5.24	-3.261185756846837336e+01	5.221017698772728721e+01
-5.22	-3.249934074945831242e+01	5.220263853309913316e+01
-5.20	-3.232921212636927777e+01	5.211780646320074339e+01
-5.18	-3.216145500110088307e+01	5.205390640521626722e+01
-5.16	-3.201365073179820797e+01	5.203801273211396250e+01
-5.14	-3.182743617960213101e+01	5.197506175482322988e+01
-5.12	-3.166360670299339120e+01	5.196044967496244738e+01
-5.10	-3.149254892570482056e+01	5.194086870905479714e+01
-5.08	-3.129093506269828140e+01	5.187300842733036177e+01
-5.06	-3.112237623571871836e+01	5.185664677591986305e+01
-5.04	-3.091960686162029859e+01	5.177158174049665007e+01
-5.02	-3.076271033238387176e+01	5.174569383243412801e+01
-5.00	-3.048936383157514030e+01	5.149425097698365761e+01
-4.98	-3.034133378117924096e+01	5.142419054463292838e+01
-4.96	-3.025406802390195082e+01	5.141684304838693720e+01
-4.94	-3.018479762749585049e+01	5.139504080723923352e+01
-4.92	-3.015661467707395005e+01	5.139468386278579715e+01
-4.90	-3.015830054664724003e+01	5.139325817812132158e+01
-4.88	-3.020162335086915917e+01	5.140657952284603738e+01
-4.86	-3.026919928612786848e+01	5.141011679513834309e+01
-4.84	-3.039257014868821116e+01	5.145335639734035738e+01
-4.82	-3.053025213358361967e+01	5.147060413002324708e+01
-4.80	-3.085529974819622012e+01	5.176114120435413213e+01
-4.78	-3.112853671260279143e+01	5.192076349291617277e+01
-4.76	-3.134526187621678872e+01	5.195024806170575715e+01
-4.74	-3.162889216461692143e+01	5.206500007309067968e+01
-4.72	-3.186730249373009016e+01	5.208537663716739985e+01
-4.70	-3.211781924275351940e+01	5.211372283552744733e+01
-4.68	-3.240468513947097762e+01	5.219738624197609056e+01
-4.66	-3.264979619848180903e+01	5.221702823364032753e+01
-4.64	-3.292335838253627145e+01	5.229213591963822694e+01
-4.62	-3.315153963237362689e+01	5.230908797873078697e+01
-4.60	-3.337242007656082166e+01	5.233424082829490231e+01
-4.58	-3.350100745080528242e+01	5.223998757000070725e+01
-4.56	-3.365432621033154703e+01	5.221273814694100679e+01
-4.54	-3.372537764111419278e+01	5.209451563761417248e+01
-4.52	-3.382010823747204853e+01	5.206660268046717732e+01
-4.50	-3.387549751769616080e+01	5.203016635954722346e+01
-4.48	-3.425443106946057981e+01	5.188706297800113276e+01
-4.46	-3.633865808648518225e+01	5.185222296168286960e+01
-4.44	-3.519458212732971703e+01	5.165344788786575236e+01
-4.42	-3.428582581258319095e+01	5.160164962527196764e+01
-4.40	-3.366764817780062202e+01	5.128202832569881053e+01
-4.38	-3.286643943117436351e+01	5.040549030764945115e+01
-4.36	-3.259669639264618723e+01	5.031768506275391672e+01
-4.34	-3.224815642607064348e+01	5.001003570298041012e+01
-4.32	-3.206838998355779324e+01	4.994584211313264177e+01
-4.30	-3.179152023267452165e+01	4.967079356051978323e+01
-4.28	-3.164051038737274979e+01	4.958631245408899701e+01
-4.26	-3.151509415506243172e+01	4.952596077772712846e+01
-4.24	-3.125052684271292947e+01	4.919388426625931032e+01
-4.22	-3.113336427881539947e+01	4.911020648630132257e+01
-4.20	-3.081662347331737095e+01	4.864510091404316938e+01
-4.18	-3.015443109597534033e+01	4.754380046566586060e+01
-4.16	-3.005173613260230070e+01	4.744252002928377010e+01
-4.14	-2.982307196580951114e+01	4.710038474744261094e+01
-4.12	-2.975192053724407160e+01	4.703337330940512118e+01
-4.10	-2.956653707026607947e+01	4.674649656428069022e+01
-4.08	-2.949891698707047993e+01	4.666308243635663189e+01
-4.06	-2.944936505973632990e+01	4.660251226495550014e+01
-4.04	-2.926921041190083983e+01	4.629109316185868295e+01
-4.02	-2.922285511137422986e+01	4.621414136199827283e+01
-4.00	-2.901517808364651074e+01	4.582889420571589767e+01
-3.98	-2.864793889132052129e+01	4.514098937474884110e+01
-3.96	-2.863509528743612975e+01	4.509439858076478913e+01
-3.94	-2.857903826949135961e+01	4.495815346242456911e+01
-3.92	-2.859292995116230074e+01	4.493864134369579233e+01
-3.90	-2.858020172878162057e+01	4.485634122743569208e+01
-3.88	-2.861139594236972883e+01	4.483985582302035056e+01
-3.86	-2.865415622900273007e+01	4.482695614890967306e+01
-3.84	-2.869271417709230931e+01	4.478361783346451119e+01
-3.82	-2.876464069374251054e+01	4.477630805807900316e+01
-3.80	-2.885784943885947840e+01	4.477738098750258899e+01
-3.78	-2.906029984471109984e+01	4.494064102789185711e+01
-3.76	-2.921208268538287101e+01	4.496154327286451746e+01
-3.74	-2.942944200553068157e+01	4.504316709010615227e+01
-3.72	-2.965493282709961065e+01	4.506088587795233735e+01
-3.70	-2.994181048134507961e+01	4.508407521727306744e+01
-3.68	-3.034361877099118132e+01	4.516092775914380297e+01
-3.66	-3.085512660080845038e+01	4.517859534419787337e+01
-3.64	-3.170357601570113104e+01	4.526791593208667308e+01
-3.62	-3.362396981055284328e+01	4.529139250483540025e+01
-3.60	-3.401640525446008922e+01	4.541238951361015808e+01
-3.58	-2.995601024219650910e+01	4.572683864445396296e+01
-3.56	-3.009310447890835150e+01	4.575920006362301962e+01
-3.54	-3.032229372758036945e+01	4.588939365067584220e+01
-3.52	-3.052379459058505873e+01	4.591880419161093840e+01
-3.50	-3.100384602436954040e+01	4.595801976288751689e+01
-3.48	-3.184320562073449068e+01	4.610493286069665686e+01
-3.46	-3.010263319751263111e+01	4.614115322679121789e+01
-3.44	-2.849045838879317927e+01	4.635057757654769972e+01
-3.42	-2.829034575162877019e+01	4.640704558194588714e+01
-3.40	-2.852811253448447104e+01	4.677611364109041148e+01
-3.38	-2.928948374130505172e+01	4.799048340715378913e+01
-3.36	-2.938976980171912956e+01	4.812954699237280920e+01
-3.34	-2.970621151566906093e+01	4.863206256278100170e+01
-3.32	-2.977820507008780027e+01	4.873633938244053354e+01
-3.30	-2.987032399913037040e+01	4.887735387456476133e+01
-3.28	-3.017364891198320009e+01	4.936694557021959895e+01
-3.26	-3.025035977872943960e+01	4.948463725796685253e+01
-3.24	-3.062727580947298023e+01	5.009199746457399982e+01
-3.22	-3.073367349419268990e+01	5.024880612904730270e+01
-3.20	-3.128109126764924852e+01	5.112149114638059899e+01
-3.18	-3.254053187510506717e+01	5.315428526632022255e+01
-3.16	-3.267383029643880121e+01	5.333632760776522730e+01
-3.14	-3.306116768179929011e+01	5.393218389201054919e+01
-3.12	-3.314917802828494331e+01	5.403886460725711771e+01
-3.10	-3.326176224036836970e+01	5.418918036251974257e+01
-3.08	-3.356283225907606038e+01	5.465069374200972874e+01
-3.06	-3.364623413479054648e+01	5.475868921829479774e+01
-3.04	-3.395511184193558307e+01	5.523629545283520770e+01
-3.02	-3.404924783939740252e+01	5.536673114683849661e+01
-3.00	-3.471960592085982711e+01	5.644039424340157751e+01
-2.98	-3.489181997756829645e+01	5.670658155538283296e+01
-2.96	-3.491702210707136089e+01	5.673847602350120667e+01
-2.94	-3.498508592773160331e+01	5.684529022766061246e+01
-2.92	-3.499177770123551312e+01	5.685618830739843332e+01
-2.90	-3.501151500271023309e+01	5.689049038999152685e+01
-2.88	-3.500932325014009905e+01	5.688939710192484256e+01
-2.86	-3.500884669957159190e+01	5.689154080403230296e+01
-2.84	-3.498128600329204119e+01	5.684826716450920259e+01
-2.82	-3.497314096834851682e+01	5.683413240429594282e+01
-2.80	-3.487939011755558738e+01	5.667746534776171785e+01
-2.78	-3.446913225261574354e+01	5.600247206570171699e+01
-2.76	-3.442607511709068291e+01	5.592231310484908136e+01
-2.74	-3.425140299357291696e+01	5.562395483524574047e+01
-2.72	-3.422146075190092773e+01	5.555772627479880299e+01
-2.70	-3.405694373712263712e+01	5.526987012506226904e+01
-2.68	-3.401211275675660772e+01	5.517700384764859223e+01
-2.66	-3.397956437210172709e+01	5.511134683421102665e+01
-2.64	-3.373838964509815241e+01	5.473447410032736116e+01
-2.62	-3.362823639439248780e+01	5.463788623154962920e+01
-2.60	-3.316966035380733757e+01	5.407678210097306248e+01
-2.58	-3.213913139372323968e+01	5.265006501724455745e+01
-2.56	-3.189849927391570006e+01	5.251256520512051651e+01
-2.54	-3.148788698487886961e+01	5.204102794719283764e+01
-2.52	-3.134007592701950884e+01	5.194592993023468352e+01
-2.50	-3.103138671228767009e+01	5.153911906988022196e+01
-2.48	-3.091110305736787112e+01	5.141679268034930317e+01
-2.46	-3.082217795340579869e+01	5.132851268710585657e+01
-2.44	-3.051706464192028889e+01	5.086587669494313246e+01
-2.42	-3.042625304857669022e+01	5.074979043923990218e+01
-2.40	-3.004779542051706898e+01	5.014321574794421110e+01
-2.38	-2.929176850918343078e+01	4.889530748314726338e+01
-2.36	-2.922614372538494010e+01	4.879312517342940225e+01
-2.34	-2.903075465298364932e+01	4.846435145167716030e+01
-2.32	-2.900420828907181914e+01	4.840813492135966101e+01
-2.30	-2.896972221562405991e+01	4.832815158636852715e+01
-2.28	-2.884331952635927010e+01	4.808514570590516257e+01
-2.26	-2.883584156024195977e+01	4.802937669392092346e+01
-2.24	-2.871912380342682880e+01	4.778148290075547777e+01
-2.22	-2.872042893796843899e+01	4.772144242975564765e+01
-2.20	-2.859282966068825971e+01	4.743850370950649875e+01
-2.18	-2.834707926612462003e+01	4.695255546814608749e+01
-2.16	-2.837566671228221082e+01	4.691658704381816847e+01
-2.14	-2.836080572185980131e+01	4.680445740300314128e+01
-2.12	-2.840336828534868019e+01	4.678475028718739281e+01
-2.10	-2.840723961989083080e+01	4.669996534161249713e+01
-2.08	-2.844797939797744846e+01	4.667659451807857351e+01
-2.06	-2.849106240039559879e+01	4.665965827698281032e+01
-2.04	-2.849053258862157989e+01	4.657521187953351927e+01
-2.02	-2.852410694314250961e+01	4.655210276397536262e+01
-2.00	-2.841605906457930075e+01	4.633585336971310653e+01
-1.98	-2.816307920375989937e+01	4.590504484189354883e+01
-1.96	-2.793065464501232142e+01	4.553327614130088818e+01
-1.94	-2.767142650368685963e+01	4.513822684938669738e+01
-1.92	-2.742431426994058086e+01	4.477225345242973020e+01
-1.90	-2.717069570127966927e+01	4.440418878582182316e+01
-1.88	-2.691198664872467106e+01	4.403409557091632109e+01
-1.86	-2.665470565506761957e+01	4.367062590961010926e+01
-1.84	-2.640321334841010881e+01	4.331954413398393200e+01
-1.82	-2.614862286688753912e+01	4.296476236065259968e+01
-1.80	-2.600864658885448932e+01	4.279870443576265870e+01
-1.78	-2.584669488338408883e+01	4.259502491497170240e+01
-1.76	-2.561000416905488919e+01	4.226508876525314662e+01
-1.74	-2.544413458339636946e+01	4.204869805024141272e+01
-1.72	-2.520831741878093979e+01	4.171215664257262290e+01
-1.70	-2.498242137980415123e+01	4.138669308757120291e+01
-1.68	-2.482530585555170077e+01	4.116996073432991210e+01
-1.66	-2.460072375585360049e+01	4.083578534430822771e+01
-1.64	-2.447358843911301918e+01	4.065854906907812705e+01
-1.62	-2.426151862435702000e+01	4.033506924639868174e+01
-1.60	-2.419251751544247853e+01	4.024588724324416944e+01
-1.58	-2.436331872210714877e+01	4.055431581290159215e+01
-1.56	-2.415415884990338924e+01	4.022831637321211673e+01
-1.54	-2.402798554092046857e+01	4.004073746781360654e+01
-1.52	-2.380187461061624887e+01	3.968737336677676808e+01
-1.50	-2.364565071239729122e+01	3.945208774072816738e+01
-1.48	-2.341971637184293087e+01	3.910125967014595716e+01
-1.46	-2.318716374952018100e+01	3.873952208500268313e+01
-1.44	-2.302192804706017881e+01	3.849042654239701733e+01
-1.42	-2.278988584395424866e+01	3.812976252714756242e+01
-1.40	-2.262623664951842173e+01	3.788407976625180140e+01
-1.38	-2.247497664569819165e+01	3.765942932989508307e+01
-1.36	-2.222147265002405092e+01	3.726342546404511324e+01
-1.34	-2.196712212017418153e+01	3.686614465245217787e+01
-1.32	-2.170881003062434900e+01	3.646242562287517330e+01
-1.30	-2.144440358995660034e+01	3.604872450233378345e+01
-1.28	-2.118505996372901024e+01	3.564150408266691272e+01
-1.26	-2.097387698503732878e+01	3.523643496449353307e+01
-1.24	-2.153022009482019072e+01	3.480669325820070270e+01
-1.22	-2.319577165964372867e+01	3.439721098527545706e+01
-1.20	-2.288311990308339006e+01	3.390637553955507144e+01
-1.18	-2.155766469163942034e+01	3.349849217095947296e+01
-1.16	-2.081633736332016937e+01	3.310302679724524211e+01
-1.14	-2.027281687722468106e+01	3.272237942125607901e+01
-1.12	-1.980799843040189145e+01	3.233016479651355723e+01
-1.10	-1.939264903386639105e+01	3.193942994259581880e+01
-1.08	-1.902815421946042918e+01	3.158096541077766872e+01
-1.06	-1.866795612040034058e+01	3.119131544358922881e+01
-1.04	-1.835918262354843122e+01	3.086089391253640102e+01
-1.02	-1.803654434993676148e+01	3.048384914115154132e+01
-1.00	-1.791584532773270055e+01	3.043843967733900158e+01
-0.98	-1.770504784731588899e+01	3.022477701432751829e+01
-0.96	-1.741046637578648060e+01	2.984864873544242059e+01
-0.94	-1.718517050688073056e+01	2.958137922605613923e+01
-0.92	-1.689693347460001860e+01	2.919294198872864143e+01
-0.90	-1.666698193990340826e+01	2.889752440889946072e+01
-0.88	-1.638972751884544010e+01	2.851109505782833153e+01
-0.86	-1.611169094821509873e+01	2.811550033667770876e+01
-0.84	-1.589149457456363024e+01	2.781640647553155077e+01
-0.82	-1.562273519794583088e+01	2.742521140760312903e+01
-0.80	-1.549158712207876931e+01	2.727485861605336837e+01
-0.78	-1.523771515723666070e+01	2.690175557347335911e+01
-0.76	-1.495563654709632928e+01	2.647246462387160904e+01
-0.74	-1.468084683731404994e+01	2.605195188802811046e+01
-0.72	-1.439981323959644932e+01	2.561638582172131962e+01
-0.70	-1.412119107207617041e+01	2.518177027228367137e+01
-0.68	-1.383786393368515988e+01	2.473542811725614854e+01
-0.66	-1.356104394691505988e+01	2.429768502099495109e+01
-0.64	-1.327153395816321080e+01	2.383384111410910933e+01
-0.62	-1.299570845965089916e+01	2.339200428281879951e+01
-0.60	-1.269346014609302031e+01	2.289834085595748903e+01
-0.58	-1.232577601398593004e+01	2.228254946159421124e+01
-0.56	-1.205440680196008074e+01	2.184041184619691123e+01
-0.54	-1.176174198764065970e+01	2.135679805891063054e+01
-0.52	-1.149846344713552071e+01	2.092484320478276061e+01
-0.50	-1.123415448364571922e+01	2.048844513723384964e+01
-0.48	-1.095598921466650921e+01	2.002418846471946878e+01
-0.46	-1.069804631021225028e+01	1.959492388210620106e+01
-0.44	-1.042308720346957962e+01	1.913162004149080886e+01
-0.42	-1.016784550789376063e+01	1.870251701974821046e+01
-0.40	-9.857380540567387328e+00	1.816790087852579916e+01
-0.38	-9.589548712503013661e+00	1.770989444412258962e+01
-0.36	-9.345251536374252765e+00	1.729410040473920063e+01
-0.34	-9.088666834555299445e+00	1.685307843725455967e+01
-0.32	-8.849330036858171766e+00	1.644219130389008043e+01
-0.30	-8.609884148246756297e+00	1.602875565977912942e+01
-0.28	-8.362531628821997742e+00	1.559823561278967041e+01
-0.26	-8.128106547530322246e+00	1.518978071900533955e+01
-0.24	-7.882573557344051629e+00	1.475791735013896933e+01
-0.22	-7.650788998466998336e+00	1.434971886000604080e+01
-0.20	-7.371910146187323321e+00	1.384944583330019086e+01
-0.18	-7.129365315598760411e+00	1.341554772629134007e+01
-0.16	-6.910792579667275781e+00	1.302577994001311978e+01
-0.14	-6.682945354441408803e+00	1.261633739234565077e+01
-0.12	-6.470612065443075878e+00	1.223461980601878984e+01
-0.10	-6.252261098666246575e+00	1.183945545098115026e+01
-0.08	-6.044748543524278261e+00	1.146315414697517987e+01
-0.06	-5.838451386892855588e+00	1.108755182875185952e+01
-0.04	-5.629310675673629305e+00	1.071548917226547992e+01
-0.02	-5.420993351056300646e+00	1.036756136340897960e+01
-0.00	-5.219270378897392426e+00	1.000000000000001066e+01
