-24.00	-2.171430577320770894e+01	4.999999999999999289e+01
-23.00	-2.199386172752148028e+01	5.001038062248385074e+01
-22.00	-2.235716320250606870e+01	4.997960478186306688e+01
-21.00	-2.276560109393430054e+01	5.002709538908982267e+01
-20.00	-2.303439525291087975e+01	4.968460166260898347e+01
-19.00	-2.397313469134278918e+01	5.085927649582774279e+01
-18.00	-2.388266929576925079e+01	4.954655930156015842e+01
-17.00	-2.532776459575417149e+01	5.178109872910952305e+01
-16.98	-2.539650080473589000e+01	5.190794601949610154e+01
-16.96	-2.541673594818016113e+01	5.193882243593328241e+01
-16.94	-2.546548207066188141e+01	5.202679608742222683e+01
-16.92	-2.548226480533763905e+01	5.205304456525531265e+01
-16.90	-2.551987811824684016e+01	5.212602033140083080e+01
-16.88	-2.553461411190806984e+01	5.215588701551295259e+01
-16.86	-2.554530803448491127e+01	5.218100684315064086e+01
-16.84	-2.557990545385273862e+01	5.225771983132303689e+01
-16.82	-2.559080590710875924e+01	5.228818012625429645e+01
-16.80	-2.566924467727523052e+01	5.245824723328419026e+01
-16.78	-2.568916030599798006e+01	5.250941020372079748e+01
-16.76	-2.569237183517045153e+01	5.252636527257227783e+01
-16.74	-2.569781783323395175e+01	5.254698047498293789e+01
-16.72	-2.569991761318022938e+01	5.255893847067920888e+01
-16.70	-2.569815375477023878e+01	5.256059976819958734e+01
-16.68	-2.570016542093796019e+01	5.256633983084257977e+01
-16.66	-2.570581047087281945e+01	5.257550153966055717e+01
-16.64	-2.569217073278905872e+01	5.254039478073458014e+01
-16.62	-2.569825350528918051e+01	5.254014751979703135e+01
-16.60	-2.565579128332511871e+01	5.243460121988284328e+01
-16.58	-2.543609002705462885e+01	5.196083858813683776e+01
-16.56	-2.542752151420044981e+01	5.191186583462746995e+01
-16.54	-2.534339158922264090e+01	5.170205662750878162e+01
-16.52	-2.534706293355572981e+01	5.166489987346285773e+01
-16.50	-2.534619359866006860e+01	5.161151240272962326e+01
-16.48	-2.526941705725601039e+01	5.139730214660289676e+01
-16.46	-2.527850583804385920e+01	5.135170100435239249e+01
-16.44	-2.517867220454327892e+01	5.107902758485428762e+01
-16.42	-2.518314960314181050e+01	5.101275465150440169e+01
-16.40	-2.502524421071714045e+01	5.061321928959986849e+01
-16.38	-2.461209310189470045e+01	4.969436567505960767e+01
-16.36	-2.461477237616697167e+01	4.961311986381726769e+01
-16.34	-2.453023191161205929e+01	4.935294942076878755e+01
-16.32	-2.455066375567897907e+01	4.930145081126421047e+01
-16.30	-2.449664591144172832e+01	4.909815223684525165e+01
-16.28	-2.451493668003922011e+01	4.903810884189513075e+01
-16.26	-2.454113545090097048e+01	4.899208039587213648e+01
-16.24	-2.449324215187100862e+01	4.879700609141176670e+01
-16.22	-2.451561707153134861e+01	4.874110344997573918e+01
-16.20	-2.438112504100564948e+01	4.837284046955291217e+01
-16.18	-2.439754525787013861e+01	4.830389322739456759e+01
-16.16	-2.444282602429445106e+01	4.829120664916146666e+01
-16.14	-2.448555895909807845e+01	4.827242781167665697e+01
-16.12	-2.453469497178389958e+01	4.826510549210220091e+01
-16.10	-2.458414076232973144e+01	4.825719233679337350e+01
-16.08	-2.464123538533833013e+01	4.826270442703952313e+01
-16.06	-2.469377462310853133e+01	4.825770662759732943e+01
-16.04	-2.476026732592982071e+01	4.827812034344101022e+01
-16.02	-2.481698863942553857e+01	4.827741910433449846e+01
-16.00	-2.489598026885657944e+01	4.831778550473629963e+01
-15.98	-2.499494541886902965e+01	4.839446623026005767e+01
-15.96	-2.505312550760936929e+01	4.838957840045890180e+01
-15.94	-2.511314312763925116e+01	4.838596345344151928e+01
-15.92	-2.517122874398178922e+01	4.837642069090919961e+01
-15.90	-2.523057953871398951e+01	4.836714302915164154e+01
-15.88	-2.528545733425266917e+01	4.834748984221297263e+01
-15.86	-2.534540187536704892e+01	4.833596018779589798e+01
-15.84	-2.539421024152537854e+01	4.830199644181794838e+01
-15.82	-2.545191164792630900e+01	4.828420654757292141e+01
-15.80	-2.544468972910463123e+01	4.814318566810092648e+01
-15.78	-2.547446361981583962e+01	4.807282602954104789e+01
-15.76	-2.553052080380103916e+01	4.805292058275306744e+01
-15.74	-2.557123970662405910e+01	4.800543228001249219e+01
-15.72	-2.562785853306500883e+01	4.798967663340331313e+01
-15.70	-2.568180626598585903e+01	4.797121240369256867e+01
-15.68	-2.572761979729841997e+01	4.794031143055443778e+01
-15.66	-2.578026657552535994e+01	4.792553754115463249e+01
-15.64	-2.582802564883910890e+01	4.790531954707117990e+01
-15.62	-2.587813858477316131e+01	4.789340827237923293e+01
-15.60	-2.593488329155864136e+01	4.789825862007346302e+01
-15.58	-2.606584345197581953e+01	4.804434563367407662e+01
-15.56	-2.612253609973341995e+01	4.805792994274774799e+01
-15.54	-2.621290921096672832e+01	4.813829658269668244e+01
-15.52	-2.626379640017852068e+01	4.815101572653038176e+01
-15.50	-2.635169191629601926e+01	4.823634982445008745e+01
-15.48	-2.640313164227925924e+01	4.826036003598577651e+01
-15.46	-2.644657799748140903e+01	4.827465496227492991e+01
-15.44	-2.654894332282253089e+01	4.840175789130489648e+01
-15.42	-2.659402983027516143e+01	4.842964451435837248e+01
-15.40	-2.673514049897818978e+01	4.863770186053484679e+01
-15.38	-2.708396776939051875e+01	4.922853037100016138e+01
-15.36	-2.713697041729722059e+01	4.928672679333860174e+01
-15.34	-2.727208843401043126e+01	4.949973053528569267e+01
-15.32	-2.730915886801344072e+01	4.954041928437072784e+01
-15.30	-2.735144536809709948e+01	4.959698787210628268e+01
-15.28	-2.746858823067531929e+01	4.979535768952950292e+01
-15.26	-2.749849152320739165e+01	4.984196053459984910e+01
-15.24	-2.763117290692337136e+01	5.008153357930635252e+01
-15.22	-2.766779386436373045e+01	5.015355145371032819e+01
-15.20	-2.808553736170372872e+01	5.092334429928966699e+01
-15.18	-2.825016698435743834e+01	5.124149715791266857e+01
-15.16	-2.826959900828346051e+01	5.130245306161322816e+01
-15.14	-2.837190736976938155e+01	5.152053302586165984e+01
-15.12	-2.837662570318486033e+01	5.156766192627105738e+01
-15.10	-2.844743070940331009e+01	5.174070578114849184e+01
-15.08	-2.845012518364724841e+01	5.179517530716577056e+01
-15.06	-2.844365824718612856e+01	5.183785592290473687e+01
-15.04	-2.850363958384852126e+01	5.200587219815786710e+01
-15.02	-2.849582632453547859e+01	5.205379477945634648e+01
-15.00	-2.855575093672691978e+01	5.222864675954281921e+01
-14.98	-2.861266189284766881e+01	5.240039102106960911e+01
-14.96	-2.858087885103464032e+01	5.241135955077893982e+01
-14.94	-2.853772372876693098e+01	5.240231382350174982e+01
-14.92	-2.850003727524063990e+01	5.240360137700591991e+01
-14.90	-2.844356841210626996e+01	5.237021848744903707e+01
-14.88	-2.840108868846063928e+01	5.236203295366008348e+01
-14.86	-2.836236282992565094e+01	5.236010483094523948e+01
-14.84	-2.828347762449649139e+01	5.228304489234840702e+01
-14.82	-2.823646425984992092e+01	5.226389886039753918e+01
-14.80	-2.799426710927534145e+01	5.188199611188601779e+01
-14.78	-2.786016188330584953e+01	5.169904000561866297e+01
-14.76	-2.780983641412456109e+01	5.167070408071125343e+01
-14.74	-2.770336345055849137e+01	5.153733370936203784e+01
-14.72	-2.765838570358782889e+01	5.151782633055486826e+01
-14.70	-2.760812619053062988e+01	5.148802648945154914e+01
-14.68	-2.751425092920329973e+01	5.137627858215959264e+01
-14.66	-2.746903172438457119e+01	5.135463033478006878e+01
-14.64	-2.736849166541934864e+01	5.122833799972539026e+01
-14.62	-2.732146090298735075e+01	5.120057843249843899e+01
-14.60	-2.720157524957092932e+01	5.103390211164956725e+01
-14.58	-2.697020114166436855e+01	5.065404312097233941e+01
-14.56	-2.692497389664779917e+01	5.061965087465363666e+01
-14.54	-2.683383637276088862e+01	5.049334359874089984e+01
-14.52	-2.679979923998159919e+01	5.046755404507941734e+01
-14.50	-2.672123495139612004e+01	5.034982163360120921e+01
-14.48	-2.669027831718484123e+01	5.031228515675225310e+01
-14.46	-2.667140399622093128e+01	5.028614010283425984e+01
-14.44	-2.658995427701636061e+01	5.012970691832101977e+01
-14.42	-2.657286888184023965e+01	5.008117652634651051e+01
-14.40	-2.627368251224584128e+01	4.948534049021770187e+01
-14.38	-2.614288868578902836e+01	4.919256607915676227e+01
-14.36	-2.614485341168808930e+01	4.913340692439020074e+01
-14.34	-2.606810834137683841e+01	4.890996360686788336e+01
-14.32	-2.609434644987067031e+01	4.886372807106849336e+01
-14.30	-2.612052799545543991e+01	4.880142160065061319e+01
-14.28	-2.608583399533414848e+01	4.860903426156330198e+01
-14.26	-2.613491304277449956e+01	4.855934966578490020e+01
-14.24	-2.610436868892259099e+01	4.834802373365712924e+01
-14.22	-2.616010016297260066e+01	4.828460265872161017e+01
-14.20	-2.599327566339588103e+01	4.780130810621110982e+01
-14.18	-2.603763055890275879e+01	4.769932758959612329e+01
-14.16	-2.613401527168216987e+01	4.768537418693036756e+01
-14.14	-2.623398847664356026e+01	4.767233604048645645e+01
-14.12	-2.634299358866867991e+01	4.767159275567254184e+01
-14.10	-2.647346914779743088e+01	4.770705375527005998e+01
-14.08	-2.659324715198697930e+01	4.772213816939421349e+01
-14.06	-2.670767379323341828e+01	4.772805178214100863e+01
-14.04	-2.688540713989161901e+01	4.784841786962326893e+01
-14.02	-2.700978286225146974e+01	4.787598787502219722e+01
-14.00	-2.726674684928669024e+01	4.814114202970448275e+01
-13.98	-2.790069341322518071e+01	4.907232371191675213e+01
-13.96	-2.806185375241718916e+01	4.917196215762095335e+01
-13.94	-2.837293430811039130e+01	4.953807901426151261e+01
-13.92	-2.851337567937848050e+01	4.960975608732132969e+01
-13.90	-2.866687896050138917e+01	4.970857827382622673e+01
-13.88	-2.895915173704973000e+01	5.005166963793507762e+01
-13.86	-2.909801681716695043e+01	5.013296776246873776e+01
-13.84	-2.942615574431652092e+01	5.054329318257939718e+01
-13.82	-2.958543851232553834e+01	5.066577360886689263e+01
-13.80	-3.041153102353687032e+01	5.193101983784025322e+01
-13.78	-3.078964138953224960e+01	5.242890597463833302e+01
-13.76	-3.092928684081546109e+01	5.252200833834692872e+01
-13.74	-3.120835545224208829e+01	5.285380161690375189e+01
-13.72	-3.133007472882301059e+01	5.292041217643358664e+01
-13.70	-3.146439077843626109e+01	5.301042907187577669e+01
-13.68	-3.169238909260067061e+01	5.325997048399334233e+01
-13.66	-3.181133366907537052e+01	5.332725177921483350e+01
-13.64	-3.203743533292666257e+01	5.357552503907663066e+01
-13.62	-3.215676932501607155e+01	5.364615161863884651e+01
-13.60	-3.238898323901396736e+01	5.390587761556218283e+01
-13.58	-3.262842667458465939e+01	5.417768637167451828e+01
-13.56	-3.271466145717227647e+01	5.419527375883762232e+01
-13.54	-3.278409717695485881e+01	5.418563279877943017e+01
-13.52	-3.285993457915964200e+01	5.418694178541213802e+01
-13.50	-3.290284526699731060e+01	5.413389245127500260e+01
-13.48	-3.296858745291778092e+01	5.411808436547133283e+01
-13.46	-3.304164129044878706e+01	5.411325168439623212e+01
-13.44	-3.303322638410841705e+01	5.397378674766476792e+01
-13.42	-3.308610654493509173e+01	5.393329541324244758e+01
-13.40	-3.265056323387180015e+01	5.309613973675561738e+01
-13.38	-3.242046523642142830e+01	5.259479088172653150e+01
-13.36	-3.243821175433443926e+01	5.249663638130881083e+01
-13.34	-3.225211444687219142e+01	5.206921831182639693e+01
-13.32	-3.227837468612415250e+01	5.198716234632591693e+01
-13.30	-3.228323131953330716e+01	5.187298612996568181e+01
-13.28	-3.209454512298169249e+01	5.145199592934712740e+01
-13.26	-3.210457362819492744e+01	5.135570252304103178e+01
-13.24	-3.184093212731017886e+01	5.082793251713558647e+01
-13.22	-3.181900933121297825e+01	5.069413830735800985e+01
-13.20	-3.139144805902999025e+01	4.992155010376060176e+01
-13.18	-3.027083504364681943e+01	4.805746380283927977e+01
-13.16	-3.020017434982576887e+01	4.787771682091509717e+01
-13.14	-2.986573476768080937e+01	4.729058709782548675e+01
-13.12	-2.981531051852748959e+01	4.716562452992089050e+01
-13.10	-2.952476871158491889e+01	4.667104528468549063e+01
-13.08	-2.944084594526372101e+01	4.651543829886279724e+01
-13.06	-2.937518546565425126e+01	4.639854195157855088e+01
-13.04	-2.903387629173953144e+01	4.585709759529974150e+01
-13.02	-2.893439066738379140e+01	4.571032170661896288e+01
-13.00	-2.849488490749034852e+01	4.503586939168417302e+01
-12.98	-2.768888496464265003e+01	4.379511560738456666e+01
-12.96	-2.758490123279819883e+01	4.368140833248372701e+01
-12.94	-2.735514083082862058e+01	4.338242912739634249e+01
-12.92	-2.726250805522274945e+01	4.331504660406754681e+01
-12.90	-2.714847206510646060e+01	4.322777016368974756e+01
-12.88	-2.695852833272405036e+01	4.303044297344985836e+01
-12.86	-2.684547376595016033e+01	4.296638391229168263e+01
-12.84	-2.666406813763148165e+01	4.280048940314466677e+01
-12.82	-2.654709895946927034e+01	4.274390708216181878e+01
-12.80	-2.642291360847983128e+01	4.267995801017696778e+01
-12.78	-2.641974760407205025e+01	4.281516397136733332e+01
-12.76	-2.634479637186688095e+01	4.283620385007017717e+01
-12.74	-2.636410730651384071e+01	4.301243596409773318e+01
-12.72	-2.629181937729486052e+01	4.304014595855468173e+01
-12.70	-2.632894866894077879e+01	4.324776916467835264e+01
-12.68	-2.627584841022678930e+01	4.330742205731336725e+01
-12.66	-2.620731925758500935e+01	4.334099534843335988e+01
-12.64	-2.632280875172438073e+01	4.367938885864060694e+01
-12.62	-2.627886715569458076e+01	4.375265141342124764e+01
-12.60	-2.654281618233823892e+01	4.433935505018062173e+01
-12.58	-2.750821330698119027e+01	4.610430422139568662e+01
-12.56	-2.752384681660758048e+01	4.627812591973280831e+01
-12.54	-2.782252763153649155e+01	4.692644939187371733e+01
-12.52	-2.781582171461630892e+01	4.705609579903590145e+01
-12.50	-2.808303147929740007e+01	4.764491822460905723e+01
-12.48	-2.811264303000029940e+01	4.782401263038862993e+01
-12.46	-2.811600382081919847e+01	4.795022189619297137e+01
-12.44	-2.847102879188076940e+01	4.866784058750420172e+01
-12.42	-2.853488279124907123e+01	4.887650770921627696e+01
-12.40	-2.979223887125499104e+01	5.112355237423793142e+01
-12.38	-3.026359174576721855e+01	5.201012183640757769e+01
-12.36	-3.032004279291779980e+01	5.216790175811262031e+01
-12.34	-3.063580151592627132e+01	5.275674795451711674e+01
-12.32	-3.068274621554508030e+01	5.286634179338661710e+01
-12.30	-3.076413938044428065e+01	5.301811529043283144e+01
-12.28	-3.102106418870803139e+01	5.345871730930763732e+01
-12.26	-3.109522368274841142e+01	5.356914985709268251e+01
-12.24	-3.136777074411855892e+01	5.400975792818844212e+01
-12.22	-3.145836383458891916e+01	5.412670198289769274e+01
-12.20	-3.176010141080280036e+01	5.459951686926021353e+01
-12.18	-3.215658096239484820e+01	5.522962058035611932e+01
-12.16	-3.221641997499163779e+01	5.527833627427755658e+01
-12.14	-3.230182201023510657e+01	5.537113924556631162e+01
-12.12	-3.234639428012754792e+01	5.539646859649710819e+01
-12.10	-3.240154107141712103e+01	5.544364451079164979e+01
-12.08	-3.243856862664114260e+01	5.546438071963449801e+01
-12.06	-3.247334647569073951e+01	5.548521676136326874e+01
-12.04	-3.250367133835567302e+01	5.550021560870205661e+01
-12.02	-3.253526049336657167e+01	5.551474858123062006e+01
-12.00	-3.252088157080677888e+01	5.546678757316605868e+01
-11.98	-3.253778006908663656e+01	5.545240482275127647e+01
-11.96	-3.257955222566919673e+01	5.545218699316725974e+01
-11.94	-3.264052732717475180e+01	5.545740763725274292e+01
-11.92	-3.272254333423092731e+01	5.546001254790701296e+01
-11.90	-3.282737268202898662e+01	5.547548838300630791e+01
-11.88	-3.292644048493541220e+01	5.548156118656117286e+01
-11.86	-3.301010379692237251e+01	5.548530041097080101e+01
-11.84	-3.309691289132852887e+01	5.551617349123412737e+01
-11.82	-3.316837271724268277e+01	5.552488959251134304e+01
-11.80	-3.330016248696099979e+01	5.562044920990123131e+01
-11.78	-3.339686196197470736e+01	5.562410577728269345e+01
-11.76	-3.351281585575139133e+01	5.561762132822344995e+01
-11.74	-3.364259318148368294e+01	5.558722583362661140e+01
-11.72	-3.381293698165441697e+01	5.557459331075286002e+01
-11.70	-3.398967849358179194e+01	5.551999790851157002e+01
-11.68	-3.421290241094980189e+01	5.549569296225231341e+01
-11.66	-3.447099188744363119e+01	5.547932294236731821e+01
-11.64	-3.469406082053731666e+01	5.536610698277487330e+01
-11.62	-3.498405836116744183e+01	5.532477141313213309e+01
-11.60	-3.492626129509862665e+01	5.470841529566494188e+01
-11.58	-3.503223110816725239e+01	5.433690854538569681e+01
-11.56	-3.533049620850775341e+01	5.425835531029967029e+01
-11.54	-3.547213478738483872e+01	5.394516459344678339e+01
-11.52	-3.575938074410848344e+01	5.387549840609065654e+01
-11.50	-3.587820912443100241e+01	5.358126975447409279e+01
-11.48	-3.611418214095382240e+01	5.348626287091764198e+01
-11.46	-3.639891237051080708e+01	5.341819655758425966e+01
-11.44	-3.673854077985995303e+01	5.304624453565006803e+01
-11.42	-3.779739104293083329e+01	5.293219613731005779e+01
-11.40	-3.731969580685740340e+01	5.164996665199487325e+01
-11.38	-3.691246317086803685e+01	5.106239066056257769e+01
-11.36	-3.730491046692169732e+01	5.094978848632145940e+01
-11.34	-3.592057686712303877e+01	5.050745355620647103e+01
-11.32	-3.399980766281427691e+01	5.041499021400429825e+01
-11.30	-3.274154023982639927e+01	5.002648857613493760e+01
-11.28	-3.192641780169777022e+01	4.990591999074781882e+01
-11.26	-3.130193308697901955e+01	4.981880567218554745e+01
-11.24	-3.062288209035472164e+01	4.935915341476047047e+01
-11.22	-3.019283826230400081e+01	4.922160238383946762e+01
-11.20	-2.920446642010437088e+01	4.774804424841956063e+01
-11.18	-2.868528465355041845e+01	4.711774295411891700e+01
-11.16	-2.846609455272528066e+01	4.700197614015890224e+01
-11.14	-2.813972707637180903e+01	4.655359567868521964e+01
-11.12	-2.803184281008077150e+01	4.646415508326997212e+01
-11.10	-2.783335423353520000e+01	4.609258743901008870e+01
-11.08	-2.780310106490777144e+01	4.598280829707822903e+01
-11.06	-2.782829505228070843e+01	4.590213212839592671e+01
-11.04	-2.773738405260615991e+01	4.550490441980812761e+01
-11.02	-2.782400095200418022e+01	4.539244472064937952e+01
-11.00	-2.749317716176641113e+01	4.437736588194054832e+01
-10.98	-2.754571706883573867e+01	4.406429306646432309e+01
-10.96	-2.776578007780322110e+01	4.401786078259125645e+01
-10.94	-2.796244543066014998e+01	4.385203324629623722e+01
-10.92	-2.828211201720974088e+01	4.382600474675727753e+01
-10.90	-2.864292051329961097e+01	4.372700655863925334e+01
-10.88	-2.920497797333620937e+01	4.370512621518007279e+01
-10.86	-3.027657243614180871e+01	4.368693864976702201e+01
-10.84	-3.144283154779314060e+01	4.363783792541347850e+01
-10.82	-2.873473651497745962e+01	4.362726215054618706e+01
-10.80	-2.810329024843617063e+01	4.363679511631993790e+01
-10.78	-2.803883312657031013e+01	4.388022004165863166e+01
-10.76	-2.783611948461565078e+01	4.391161635655326734e+01
-10.74	-2.768796145460255076e+01	4.403380792520103171e+01
-10.72	-2.748338557105178026e+01	4.405750425407055815e+01
-10.70	-2.729516518435423933e+01	4.409035234675496895e+01
-10.68	-2.717184068486767856e+01	4.420791829741686030e+01
-10.66	-2.700619202295128929e+01	4.423438923211124774e+01
-10.64	-2.692536972016614882e+01	4.437564653495589084e+01
-10.62	-2.679636044797722150e+01	4.441007593387477215e+01
-10.60	-2.677816921762330082e+01	4.460395885058572674e+01
-10.58	-2.691830928011081880e+01	4.503491863386245342e+01
-10.56	-2.684070178181518074e+01	4.507147044831830840e+01
-10.54	-2.683499361973145980e+01	4.519897154086358881e+01
-10.52	-2.678525613309516018e+01	4.522084942787164152e+01
-10.50	-2.676059494779812908e+01	4.525211978706582272e+01
-10.48	-2.679893952390811052e+01	4.536061119727163771e+01
-10.46	-2.680720594397043044e+01	4.538413562364790721e+01
-10.44	-2.689516542817895939e+01	4.551233264806906220e+01
-10.42	-2.694366783473548921e+01	4.554289780816910849e+01
-10.40	-2.710113156595122064e+01	4.572716462886795341e+01
-10.38	-2.745619088427111976e+01	4.621489902228935875e+01
-10.36	-2.756899252567903957e+01	4.626300677390815252e+01
-10.34	-2.777642732873697895e+01	4.644059141084485276e+01
-10.32	-2.791607341853191926e+01	4.647405692527721044e+01
-10.30	-2.807997321441854055e+01	4.652073881918016696e+01
-10.28	-2.833805072954620030e+01	4.669089302186726798e+01
-10.26	-2.854105145668842880e+01	4.672909983426659153e+01
-10.24	-2.889640519039947009e+01	4.694415571512548979e+01
-10.22	-2.927396803135584946e+01	4.699733723380729344e+01
-10.20	-3.018599077947132869e+01	4.732481609675358669e+01
-10.18	-3.192088478660132012e+01	4.823390774760505195e+01
-10.16	-3.249897677366257653e+01	4.832750045647775750e+01
-10.14	-3.235971304329938647e+01	4.866896759246718318e+01
-10.12	-3.194819701519670829e+01	4.873583037616401725e+01
-10.10	-3.157341933033290005e+01	4.882808093875107147e+01
-10.08	-3.136682650689758844e+01	4.915926670134965093e+01
-10.06	-3.104111438671506917e+01	4.923582046571826254e+01
-10.04	-3.094180610744088966e+01	4.965579856633294753e+01
-10.02	-3.069775968420859869e+01	4.976210518453729748e+01
-10.00	-3.077481115716667048e+01	5.039989504110236851e+01
-9.98	-3.146671839245752977e+01	5.210800299971185723e+01
-9.96	-3.134698812546933056e+01	5.227782719250986787e+01
-9.94	-3.149129627185724090e+01	5.287552898537283852e+01
-9.92	-3.141179758209214867e+01	5.299810755576991284e+01
-9.90	-3.158451495967080902e+01	5.352876619240471712e+01
-9.88	-3.159090307810236098e+01	5.369027228389459339e+01
-9.86	-3.160467327072121080e+01	5.380587037758075297e+01
-9.84	-3.192156463511771847e+01	5.443160217962824277e+01
-9.82	-3.202244890484176665e+01	5.460118539293922169e+01
-9.80	-3.280060872554326323e+01	5.598680215735738130e+01
-9.78	-3.351938147801074308e+01	5.721144749118246864e+01
-9.76	-3.367133903655395244e+01	5.733979669875478180e+01
-9.74	-3.401538713328334040e+01	5.779116163046376897e+01
-9.72	-3.416699412149257853e+01	5.786426304107229868e+01
-9.70	-3.434403408618369724e+01	5.797028590421953709e+01
-9.68	-3.464084454160754234e+01	5.828408045089631173e+01
-9.66	-3.480015220155701172e+01	5.834797953434203777e+01
-9.64	-3.507699031401639189e+01	5.862805070720472855e+01
-9.62	-3.523027632619503891e+01	5.869523936338364933e+01
-9.60	-3.553543889842958237e+01	5.904342667664386823e+01
-9.58	-3.559384242770448736e+01	5.896843322441159074e+01
-9.56	-3.566807315315301707e+01	5.893448928845401724e+01
-9.54	-3.566968379997526739e+01	5.878797077710577668e+01
-9.52	-3.572530897433929198e+01	5.874913733133694649e+01
-9.50	-3.577013850019263685e+01	5.869942612876108257e+01
-9.48	-3.572182811770778699e+01	5.850085459264288090e+01
-9.46	-3.575711418797901331e+01	5.845191987213625850e+01
-9.44	-3.565176780736157980e+01	5.816873715523851729e+01
-9.42	-3.565579251821210960e+01	5.807762159089067922e+01
-9.40	-3.502552159476439897e+01	5.692614801355026799e+01
-9.38	-3.473522876092233247e+01	5.635502810222544667e+01
-9.36	-3.470139748089169984e+01	5.624467015125041769e+01
-9.34	-3.445340564351624124e+01	5.580374584746927269e+01
-9.32	-3.440236802148792350e+01	5.571870246372176894e+01
-9.30	-3.431429417642638668e+01	5.560156800385279752e+01
-9.28	-3.403584429236161668e+01	5.520435149860630730e+01
-9.26	-3.392483884105291736e+01	5.511171651232758961e+01
-9.24	-3.356645271179054646e+01	5.463628458264849286e+01
-9.22	-3.340071855715947891e+01	5.449476951378908751e+01
-9.20	-3.233566254301892684e+01	5.287980493333697041e+01
-9.18	-3.179633953981423033e+01	5.213380777718445103e+01
-9.16	-3.162215119781888006e+01	5.199322648441650330e+01
-9.14	-3.119438319100180834e+01	5.142374599941295799e+01
-9.12	-3.105557091486254961e+01	5.131637656083484700e+01
-9.10	-3.090409780515659932e+01	5.116739702689338287e+01
-9.08	-3.055389787850025130e+01	5.065681334509785927e+01
-9.06	-3.045865229737021096e+01	5.053996435473243309e+01
-9.04	-3.009002176865600831e+01	4.993141445771880171e+01
-9.02	-3.001844451818633885e+01	4.978079139109865281e+01
-9.00	-2.954931104463788927e+01	4.892830678231221953e+01
-8.98	-2.839122865174119070e+01	4.690218625162827237e+01
-8.96	-2.837870244321456070e+01	4.675198459471229739e+01
-8.94	-2.810311724840585157e+01	4.614366481178525703e+01
-8.92	-2.813763322556744839e+01	4.602980432094675933e+01
-8.90	-2.794168063760110954e+01	4.552434397562009849e+01
-8.88	-2.796859793599207933e+01	4.538153081036856662e+01
-8.86	-2.801626228552859033e+01	4.528029369390956305e+01
-8.84	-2.777570041498399078e+01	4.472938176593677895e+01
-8.82	-2.777353085030292945e+01	4.459942471766093774e+01
-8.80	-2.740077994030301056e+01	4.390131191411298062e+01
-8.78	-2.657309703261405076e+01	4.252449314427025939e+01
-8.76	-2.648033648386644856e+01	4.242530898905503989e+01
-8.74	-2.619962654806144897e+01	4.208821935744006737e+01
-8.72	-2.605441326455780171e+01	4.203740659243712230e+01
-8.70	-2.576791814458150043e+01	4.178845623723182712e+01
-8.68	-2.558425447559167054e+01	4.173051039864132150e+01
-8.66	-2.540469934917446082e+01	4.169100238363822797e+01
-8.64	-2.512124082535137859e+01	4.146202185851897326e+01
-8.62	-2.494689547070280966e+01	4.141763994228922030e+01
-8.60	-2.467373902943347019e+01	4.117905872021479752e+01
-8.58	-2.438859274749225037e+01	4.090411380546483855e+01
-8.56	-2.426775328878214921e+01	4.091268392070809767e+01
-8.54	-2.416324938823919055e+01	4.093524716052728962e+01
-8.52	-2.407031745223384078e+01	4.096119717863128074e+01
-8.50	-2.400878864937904922e+01	4.102605671681192234e+01
-8.48	-2.394464259626088065e+01	4.106660232530842336e+01
-8.46	-2.388745224773010989e+01	4.109863301685898307e+01
-8.44	-2.390013939389168129e+01	4.123991188702581212e+01
-8.42	-2.387764144478907014e+01	4.129174969891440838e+01
-8.40	-2.398534611931287941e+01	4.156794769895346064e+01
-8.38	-2.445900624125361134e+01	4.251341796593474953e+01
-8.36	-2.451511155049102086e+01	4.263834559904376675e+01
-8.34	-2.473581045905211084e+01	4.304793849423550256e+01
-8.32	-2.481208992453375828e+01	4.315210642482679049e+01
-8.30	-2.505597540926822830e+01	4.354415248308833242e+01
-8.28	-2.518397430978221152e+01	4.368260670463900652e+01
-8.26	-2.531359084529226067e+01	4.378573725198000233e+01
-8.24	-2.567480934895577960e+01	4.428632150149000068e+01
-8.22	-2.587707503554428001e+01	4.445131610557130131e+01
-8.20	-2.692594275511013890e+01	4.616416955546500844e+01
-8.18	-2.750120686075742071e+01	4.695133292584925755e+01
-8.16	-2.776288676734527883e+01	4.711186502559264966e+01
-8.14	-2.826721256289997086e+01	4.769627625451565223e+01
-8.12	-2.850461910461789117e+01	4.781966664668249223e+01
-8.10	-2.869099318251197062e+01	4.798437848563209229e+01
-8.08	-2.896640602442797174e+01	4.848571339084494269e+01
-8.06	-2.901601658516846882e+01	4.861555980199108262e+01
-8.04	-2.933929488608199065e+01	4.918697368538784787e+01
-8.02	-2.948534073684863088e+01	4.936421759376143825e+01
-8.00	-3.050222668515484870e+01	5.107274830204695348e+01
-7.98	-3.101958747140236028e+01	5.179018469251020207e+01
-7.96	-3.131080310132002964e+01	5.193210216097440934e+01
-7.94	-3.193732384997228024e+01	5.245091358859057351e+01
-7.92	-3.266544591046400825e+01	5.255832103422795143e+01
-7.90	-3.347098957156823218e+01	5.270222432710021110e+01
-7.88	-3.344616085043580256e+01	5.314485674965546025e+01
-7.86	-3.310962579336072764e+01	5.325774423749896869e+01
-7.84	-3.303966132482951679e+01	5.376659157320141702e+01
-7.82	-3.280591404657587873e+01	5.392423753143236809e+01
-7.80	-3.346875805556378225e+01	5.551222654965926040e+01
-7.78	-3.369246206488026729e+01	5.620081049204286217e+01
-7.76	-3.371456766091439761e+01	5.633465636319507297e+01
-7.74	-3.405944881987751671e+01	5.683349256079578282e+01
-7.72	-3.427417419298164702e+01	5.693267394211258647e+01
-7.70	-3.458883412833935722e+01	5.706704280093354242e+01
-7.68	-3.513452826640647686e+01	5.748191064025346719e+01
-7.66	-3.551475061974120706e+01	5.758428694857776264e+01
-7.64	-3.605387544397954258e+01	5.804240598013404195e+01
-7.62	-3.625969112580681752e+01	5.817609357145323656e+01
-7.60	-3.695518712392131278e+01	5.937623592588514754e+01
-7.58	-3.696260452575607758e+01	5.974890559614909336e+01
-7.56	-3.665249024400166888e+01	5.980401420705000959e+01
-7.54	-3.636064154391161907e+01	5.998833999916116255e+01
-7.52	-3.595372413660989253e+01	6.001337543993287937e+01
-7.50	-3.556662935250795243e+01	6.005070194480641987e+01
-7.48	-3.522212969988755304e+01	6.011438173559606923e+01
-7.46	-3.488252986699294667e+01	6.012795528492691233e+01
-7.44	-3.456299626433101224e+01	6.011138273229006046e+01
-7.42	-3.428788559736774033e+01	6.010168333621749071e+01
-7.40	-3.395430392545271303e+01	5.991681951694354780e+01
-7.38	-3.317371308285503062e+01	5.888796284572894280e+01
-7.36	-3.295135957494701273e+01	5.875349426073024972e+01
-7.34	-3.255521181608000347e+01	5.824953408968134738e+01
-7.32	-3.241592757615494236e+01	5.813297138110203832e+01
-7.30	-3.208850458584213783e+01	5.763496772788040801e+01
-7.28	-3.198101171236882934e+01	5.747019932347406268e+01
-7.26	-3.192305146209454136e+01	5.735262473627084745e+01
-7.24	-3.157840419392653075e+01	5.669527976207722730e+01
-7.22	-3.152746159387655922e+01	5.652291717944593330e+01
-7.20	-3.103442273674014018e+01	5.555548916498209167e+01
-7.18	-2.976813566280281975e+01	5.322569200799202349e+01
-7.16	-2.972263161031344936e+01	5.300846745830577333e+01
-7.14	-2.939670126326796051e+01	5.229364240551583976e+01
-7.12	-2.940637381083100976e+01	5.215057913923877209e+01
-7.10	-2.916494144106770037e+01	5.156214364481616741e+01
-7.08	-2.916971404533114054e+01	5.138738933842679302e+01
-7.06	-2.920772518621737035e+01	5.125789246589847892e+01
-7.04	-2.896445572362723908e+01	5.063661164044835772e+01
-7.02	-2.900153646117417949e+01	5.047780906670048751e+01
-7.00	-2.869708049345566891e+01	4.972529190756633710e+01
-6.98	-2.804835146043394900e+01	4.838181224707329164e+01
-6.96	-2.814701988530498156e+01	4.827697497905717938e+01
-6.94	-2.813998257859725172e+01	4.797152484540818307e+01
-6.92	-2.829722973608410896e+01	4.791311365727135296e+01
-6.90	-2.837196682460816177e+01	4.769539659332549775e+01
-6.88	-2.855401056653936109e+01	4.763360488757599853e+01
-6.86	-2.875426579196533083e+01	4.758441150177441159e+01
-6.84	-2.886784203743363975e+01	4.739567055780908333e+01
-6.82	-2.905455712649809996e+01	4.734479476601182313e+01
-6.80	-2.912732569495559076e+01	4.715777795470960143e+01
-6.78	-2.912050297848540126e+01	4.691598762402472289e+01
-6.76	-2.919798308947857990e+01	4.689396456877211250e+01
-6.74	-2.920544252080497927e+01	4.685081252423726994e+01
-6.72	-2.918515154812422097e+01	4.683777472219180282e+01
-6.70	-2.912417035420816092e+01	4.682190071325088354e+01
-6.68	-2.898399746096725949e+01	4.679661651590230065e+01
-6.66	-2.867455342695808085e+01	4.678430770694963314e+01
-6.64	-2.821994447543634976e+01	4.676642660352155900e+01
-6.62	-2.780150974487118987e+01	4.675569527415043325e+01
-6.60	-2.745807848909408122e+01	4.676093743001484881e+01
-6.58	-2.717035200215487123e+01	4.676918571279924208e+01
-6.56	-2.691896024856961134e+01	4.676344783452758946e+01
-6.54	-2.671111971063994872e+01	4.676780620485524764e+01
-6.52	-2.653122935499839130e+01	4.676024494082165006e+01
-6.50	-2.638219504937001858e+01	4.675399462223239766e+01
-6.48	-2.626517834826103126e+01	4.675361608531905233e+01
-6.46	-2.617267686047238939e+01	4.674573606556248961e+01
-6.44	-2.610847198056791996e+01	4.673985070793636254e+01
-6.42	-2.606779887661386041e+01	4.672938357192997216e+01
-6.40	-2.601901294269768883e+01	4.665514207461237106e+01
-6.38	-2.599129593450066977e+01	4.656979730770387249e+01
-6.36	-2.601917084471734043e+01	4.654051282798273093e+01
-6.34	-2.604101967317625110e+01	4.645139611804008695e+01
-6.32	-2.612198946887889051e+01	4.642392547865472352e+01
-6.30	-2.622911825139116004e+01	4.639048161946008975e+01
-6.28	-2.633363074982420926e+01	4.629266776228467251e+01
-6.26	-2.650903767906904918e+01	4.626190705072841780e+01
-6.24	-2.667515170120019974e+01	4.613812452257396046e+01
-6.22	-2.693228020580864168e+01	4.609413028062301265e+01
-6.20	-2.705695941572665930e+01	4.572378191521608670e+01
-6.18	-2.736169803166902881e+01	4.560974039701832794e+01
-6.16	-2.772796979106675863e+01	4.559067184558644215e+01
-6.14	-2.804842795007017031e+01	4.555445559549372803e+01
-6.12	-2.832454139467659004e+01	4.554779860882666753e+01
-6.10	-2.856393065944794074e+01	4.553981411113853284e+01
-6.08	-2.882708838722098932e+01	4.557048074352177025e+01
-6.06	-2.907379672634684908e+01	4.557253080723778993e+01
-6.04	-2.937963832631853833e+01	4.567542242779470740e+01
-6.02	-2.963851037527572174e+01	4.571240938335324699e+01
-6.00	-3.040713395130956087e+01	4.654607314534843709e+01
-5.98	-3.099683703342642005e+01	4.710614496459155021e+01
-5.96	-3.128320885348907865e+01	4.721925211663015176e+01
-5.94	-3.178532971609637059e+01	4.770581051728874655e+01
-5.92	-3.197163408586808941e+01	4.780697278983536336e+01
-5.90	-3.233547692417229769e+01	4.826745946171831747e+01
-5.88	-3.262917749250856758e+01	4.840806256507193694e+01
-5.86	-3.340584471597245653e+01	4.850625142922513788e+01
-5.84	-3.289385542373513260e+01	4.908210891935137710e+01
-5.82	-3.239981587196022161e+01	4.922317676064162839e+01
-5.80	-3.251289116414056224e+01	5.002388554921090247e+01
-5.78	-3.324657865877392027e+01	5.172599078235339931e+01
-5.76	-3.317993073201296994e+01	5.185512565438253318e+01
-5.74	-3.332417424467774936e+01	5.227672059916753255e+01
-5.72	-3.331851664702494986e+01	5.234358911082326671e+01
-5.70	-3.347936340280327272e+01	5.264357445362311694e+01
-5.68	-3.355008904291116778e+01	5.271504667211213757e+01
-5.66	-3.364742654964943824e+01	5.276759767561343750e+01
-5.64	-3.388831518855266012e+01	5.301277903882135689e+01
-5.62	-3.406278365517722762e+01	5.306428279080932953e+01
-5.60	-3.436966364892101211e+01	5.326870728943698197e+01
-5.58	-3.466840914442776267e+01	5.332688224625403706e+01
-5.56	-3.504326729808489915e+01	5.330454636202890129e+01
-5.54	-3.569636630875520211e+01	5.322009729439491110e+01
-5.52	-3.718690121646891100e+01	5.319262758925813017e+01
-5.50	-3.501959830133051099e+01	5.309850723129274996e+01
-5.48	-3.407449610206703738e+01	5.306296304166144751e+01
-5.46	-3.395549950911321702e+01	5.303508353742292769e+01
-5.44	-3.379113453860453831e+01	5.291145790657299841e+01
-5.42	-3.367268807392142094e+01	5.287541285845303918e+01
-5.40	-3.347361750581052320e+01	5.271392429511055866e+01
-5.38	-3.320615963922740832e+01	5.243826649424344311e+01
-5.36	-3.310446349465549787e+01	5.241546865926800081e+01
-5.34	-3.298718618148244275e+01	5.236131969347024295e+01
-5.32	-3.289920408886106173e+01	5.234923861884016816e+01
-5.30	-3.279669151561279961e+01	5.231461440734916835e+01
-5.28	-3.270600241642915762e+01	5.230270439825550710e+01
-5.26	-3.261162840494775139e+01	5.229301528736443316e+01
-5.24	-3.249923441424753179e+01	5.226583036646997726e+01
-5.22	-3.238828021117112854e+01	5.225510454055387299e+01
-5.20	-3.221947773970254048e+01	5.216717352354505266e+01
-5.18	-3.205358161247608706e+01	5.210093248193619786e+01
-5.16	-3.190785711105969114e+01	5.208262056611805235e+01
-5.14	-3.172308769811154860e+01	5.201676522197808339e+01
-5.12	-3.156046725466180902e+01	5.199945100022672761e+01
-5.10	-3.139088555994435126e+01	5.197785607886586234e+01
-5.08	-3.119111589565443055e+01	5.190836331253611036e+01
-5.06	-3.102402787505165094e+01	5.188914608971668940e+01
-5.04	-3.082265586897527143e+01	5.180133709846803214e+01
-5.02	-3.066742922994875897e+01	5.177366673790685780e+01
-5.00	-3.039581438154869986e+01	5.152055816147080236e+01
-4.98	-3.024924333819997102e+01	5.144824856913842837e+01
-4.96	-3.016303093892798159e+01	5.143821955237753230e+01
-4.94	-3.009503414237224916e+01	5.141456228379141180e+01
-4.92	-3.006825445782855155e+01	5.141261656235960231e+01
-4.90	-3.007107617866314087e+01	5.140888554292787660e+01
-4.88	-3.011547629472740084e+01	5.141982980776125345e+01
-4.86	-3.018432293279570899e+01	5.142164654768878762e+01
-4.84	-3.030923955572977135e+01	5.146399896448266986e+01
-4.82	-3.044830942676842156e+01	5.147939912111596072e+01
-4.80	-3.077460456434225122e+01	5.176780065353627691e+01
-4.78	-3.104916589096058033e+01	5.192612611281101920e+01
-4.76	-3.126720576975716170e+01	5.195450500094880653e+01
-4.74	-3.155200858824449028e+01	5.206768965572383223e+01
-4.72	-3.179140371508507101e+01	5.208603238605702757e+01
-4.70	-3.204306047278458891e+01	5.211335130255530146e+01
-4.68	-3.233115399263594014e+01	5.219638329312447667e+01
-4.66	-3.257730626238942762e+01	5.221441364772945093e+01
-4.64	-3.285185497127667276e+01	5.228774518046664355e+01
-4.62	-3.308112829687193113e+01	5.230356588258356254e+01
-4.60	-3.330320626492377301e+01	5.232825617185614675e+01
-4.58	-3.343275797150194251e+01	5.223252913836075351e+01
-4.56	-3.358680924889368669e+01	5.220368851539708288e+01
-4.54	-3.365826638701768303e+01	5.208486197000470952e+01
-4.52	-3.375294029289342745e+01	5.205636076615723340e+01
-4.50	-3.381026093730604032e+01	5.201870402038922236e+01
-4.48	-3.423958405553896256e+01	5.187406341544195953e+01
-4.46	-3.632531637210419717e+01	5.183902928444842928e+01
-4.44	-3.507997622798612269e+01	5.164004611009791290e+01
-4.42	-3.420206259620786682e+01	5.158730267468310871e+01
-4.40	-3.359247804243972269e+01	5.126677286751318263e+01
-4.38	-3.279593839383195331e+01	5.038971987384122997e+01
-4.36	-3.252930539245802777e+01	5.030138341803905178e+01
-4.34	-3.218295799867701135e+01	4.999228561465368870e+01
-4.32	-3.200470847000781305e+01	4.992696591635468195e+01
-4.30	-3.172948710557469099e+01	4.965138683829839295e+01
-4.28	-3.158008948792766901e+01	4.956625284747669724e+01
-4.26	-3.145612478163625880e+01	4.950497443698898081e+01
-4.24	-3.119282550529662146e+01	4.917217931478504767e+01
-4.22	-3.107699720155435941e+01	4.908797843812570250e+01
-4.20	-3.076161498186237964e+01	4.862244528325515347e+01
-4.18	-3.010067409929697035e+01	4.752061575778625269e+01
-4.16	-2.999922520983536955e+01	4.741873767857430977e+01
-4.14	-2.977194708626852915e+01	4.707630493735589283e+01
-4.12	-2.970229177170283918e+01	4.700967654131898144e+01
-4.10	-2.951809312363846871e+01	4.672276424066740219e+01
-4.08	-2.945171705492796121e+01	4.663831187084299046e+01
-4.06	-2.940351522052711886e+01	4.657768907914754664e+01
-4.04	-2.922463763845199125e+01	4.626671935377324019e+01
-4.02	-2.917941756966098055e+01	4.618986386798081156e+01
-4.00	-2.897280899796995968e+01	4.580396859964584166e+01
-3.98	-2.860663122692816174e+01	4.511648343672123218e+01
-3.96	-2.859485725533469136e+01	4.507052347157146244e+01
-3.94	-2.853990176908700960e+01	4.493377162673966296e+01
-3.92	-2.855480199401029040e+01	4.491397273228461273e+01
-3.90	-2.854302563453034836e+01	4.483212611673715031e+01
-3.88	-2.857524785847310866e+01	4.481621927417843665e+01
-3.86	-2.861900211368940106e+01	4.480318358635341269e+01
-3.84	-2.865836279774931938e+01	4.476019873112485925e+01
-3.82	-2.873100549122570868e+01	4.475341143752101658e+01
-3.80	-2.882477045041826003e+01	4.475488039297930953e+01
-3.78	-2.902750976246921866e+01	4.491844127901755002e+01
-3.76	-2.917927127920061992e+01	4.493980143242728786e+01
-3.74	-2.939655731636333158e+01	4.502212910038858240e+01
-3.72	-2.962167796361215011e+01	4.504044477054505080e+01
-3.70	-2.990719886409934958e+01	4.506418618938680254e+01
-3.68	-3.030633997712223859e+01	4.514172290488289718e+01
-3.66	-3.081262206878992060e+01	4.516010639695227269e+01
-3.64	-3.164833454695450143e+01	4.524990570878991747e+01
-3.62	-3.341664203172891945e+01	4.527355716984489220e+01
-3.60	-3.417904418670252653e+01	4.539492574413745274e+01
-3.58	-2.991230646826157979e+01	4.570974446151807769e+01
-3.56	-2.999853852134999954e+01	4.574231985864442862e+01
-3.54	-3.018994725321054062e+01	4.587264119225275039e+01
-3.52	-3.031714548137161103e+01	4.590227247004128941e+01
-3.50	-3.057297034734171959e+01	4.594177410968139696e+01
-3.48	-3.136041820076352948e+01	4.608858159168072888e+01
-3.46	-3.152014745125467954e+01	4.612469795095417879e+01
-3.44	-2.940040779886052036e+01	4.633419852942292749e+01
-3.42	-2.829796585692891142e+01	4.639079413968777743e+01
-3.40	-2.844498866351888111e+01	4.675976817759271142e+01
-3.38	-2.920624920321478157e+01	4.797379830504750231e+01
-3.36	-2.931551286080910046e+01	4.811275889041471743e+01
-3.34	-2.964011594480295031e+01	4.861525838263550270e+01
-3.32	-2.971870215349069966e+01	4.871937262898234167e+01
-3.30	-2.981531242486833833e+01	4.886016218431335290e+01
-3.28	-3.012156097870747828e+01	4.934975038872681807e+01
-3.26	-3.020106546661699909e+01	4.946788106887274949e+01
-3.24	-3.058001276100002030e+01	5.007542815983485696e+01
-3.22	-3.068816189002242112e+01	5.023241793563344970e+01
-3.20	-3.123650910119942026e+01	5.110549409105897212e+01
-3.18	-3.249630775604040167e+01	5.313877386992717788e+01
-3.16	-3.263184233499544717e+01	5.332114756799901301e+01
-3.14	-3.302148570542534856e+01	5.391725966306898243e+01
-3.12	-3.311235110010677829e+01	5.402440264090645883e+01
-3.10	-3.322791741677806954e+01	5.417519520973974068e+01
-3.08	-3.353166648640757330e+01	5.463694748888096342e+01
-3.06	-3.361767430917178245e+01	5.474503622570824746e+01
-3.04	-3.392886654559435300e+01	5.522285018343877994e+01
-3.02	-3.402577545007738280e+01	5.535372318558967208e+01
-3.00	-3.469884101200160842e+01	5.642745565923492279e+01
-2.98	-3.487408831703226753e+01	5.669357808829033729e+01
-2.96	-3.490243477551789653e+01	5.672554173341303141e+01
-2.94	-3.497374657285529764e+01	5.683251908327351032e+01
-2.92	-3.498384207584985717e+01	5.684347256663328096e+01
-2.90	-3.500688901742911696e+01	5.687761743108197265e+01
-2.88	-3.500806112278485926e+01	5.687669682318138342e+01
-2.86	-3.501129227664368671e+01	5.687908074609085674e+01
-2.84	-3.498778722154258247e+01	5.683594261968450212e+01
-2.82	-3.498404414782916660e+01	5.682190507645940869e+01
-2.80	-3.489507752090800352e+01	5.666548836213726759e+01
-2.78	-3.449011625344702026e+01	5.599101954556807215e+01
-2.76	-3.445319494483342027e+01	5.591112359521473962e+01
-2.74	-3.428506570280230648e+01	5.561303184821625223e+01
-2.72	-3.426182862853090683e+01	5.554723487681567917e+01
-2.70	-3.410191438024956767e+01	5.525989569653548728e+01
-2.68	-3.405367671130896667e+01	5.516745133211306751e+01
-2.66	-3.399503411867522118e+01	5.510209865960692355e+01
-2.64	-3.368690931607947192e+01	5.472584553653219075e+01
-2.62	-3.348092054572519061e+01	5.462971984730793906e+01
-2.60	-3.296255873147131865e+01	5.406886349572842931e+01
-2.58	-3.194810749101119995e+01	5.264236398486050916e+01
-2.56	-3.175874369292442978e+01	5.250526115997342202e+01
-2.54	-3.140188697446086863e+01	5.203424551858712022e+01
-2.52	-3.129289393870010016e+01	5.193927316747775791e+01
-2.50	-3.100974215970907011e+01	5.153256057326517947e+01
-2.48	-3.090311724839448004e+01	5.141029286183005809e+01
-2.46	-3.081967680590197034e+01	5.132193949166966718e+01
-2.44	-3.051535663160239054e+01	5.085909997631053869e+01
-2.42	-3.042293865712257883e+01	5.074297619866779030e+01
-2.40	-3.004138706107316992e+01	5.013654415041659007e+01
-2.38	-2.928133837438020848e+01	4.888856917618996789e+01
-2.36	-2.921092495740608896e+01	4.878626603496820735e+01
-2.34	-2.901016035954249972e+01	4.845747593681164744e+01
-2.32	-2.897841683425263071e+01	4.840140732963504178e+01
-2.30	-2.894155864226506836e+01	4.832162611572879030e+01
-2.28	-2.881415395878421037e+01	4.807858540154713722e+01
-2.26	-2.880516681554308889e+01	4.802299620277438663e+01
-2.24	-2.868660088018305032e+01	4.777534050400824128e+01
-2.22	-2.868576056848068845e+01	4.771532777812394954e+01
-2.20	-2.855585917300260945e+01	4.743215868948914249e+01
-2.18	-2.830763075873122148e+01	4.694624622257389746e+01
-2.16	-2.833334803332535046e+01	4.691028910115422690e+01
-2.14	-2.831555762177201885e+01	4.679818552768549722e+01
-2.12	-2.835508121267413983e+01	4.677839983113059930e+01
-2.10	-2.835583859280999874e+01	4.669368515112542894e+01
-2.08	-2.839332547643522986e+01	4.667062767483916730e+01
-2.06	-2.843323171612415123e+01	4.665361102986049247e+01
-2.04	-2.842971981889722954e+01	4.656932788016833769e+01
-2.02	-2.846032569688241054e+01	4.654642879502839747e+01
-2.00	-2.835053129436801100e+01	4.633038674496842191e+01
-1.98	-2.809668472467667044e+01	4.589980959082632239e+01
-1.96	-2.786411477073686882e+01	4.552832004028323354e+01
-1.94	-2.760537865884154130e+01	4.513357073881996229e+01
-1.92	-2.735909043331497870e+01	4.476790270576937303e+01
-1.90	-2.710674331156148043e+01	4.440007184836338183e+01
-1.88	-2.684973286150319893e+01	4.403020231978796772e+01
-1.86	-2.659456114203370092e+01	4.366692821780534928e+01
-1.84	-2.634558656829100087e+01	4.331598931948545328e+01
-1.82	-2.609393879809373828e+01	4.296130789921984672e+01
-1.80	-2.595719421352659850e+01	4.279529424164039852e+01
-1.78	-2.579880389666529084e+01	4.259157377216570239e+01
-1.76	-2.556606134996578916e+01	4.226156305993787754e+01
-1.74	-2.540437623619978069e+01	4.204508076061522814e+01
-1.72	-2.517305938295739054e+01	4.170841601035704116e+01
-1.70	-2.495173399979032069e+01	4.138275107223186211e+01
-1.68	-2.479907686789006860e+01	4.116577538157817173e+01
-1.66	-2.457878243455492040e+01	4.083135752477645752e+01
-1.64	-2.445534593340162033e+01	4.065388061053123181e+01
-1.62	-2.424602877322244154e+01	4.033017254087023673e+01
-1.60	-2.417858135803583153e+01	4.024078577007267654e+01
-1.58	-2.434974632171219966e+01	4.054904021298518302e+01
-1.56	-2.414000185544841059e+01	4.022297050349528291e+01
-1.54	-2.401293762856061065e+01	4.003529893516601135e+01
-1.52	-2.378636662625048004e+01	3.968183258676462088e+01
-1.50	-2.363053369542328142e+01	3.944644802558279650e+01
-1.48	-2.340577322251004944e+01	3.909552354994468715e+01
-1.46	-2.317477549445840168e+01	3.873366462828293777e+01
-1.44	-2.301116767565568111e+01	3.848441384864052850e+01
-1.42	-2.278071374786739156e+01	3.812356570105229991e+01
-1.40	-2.261865481988025905e+01	3.787768151172686260e+01
-1.38	-2.246898731344780842e+01	3.765280325861800037e+01
-1.36	-2.221706082704078966e+01	3.725654047287650172e+01
-1.34	-2.196429272635236885e+01	3.685896754183843882e+01
-1.32	-2.170748041656404936e+01	3.645490649104718273e+01
-1.30	-2.144443342417039844e+01	3.604083321332233680e+01
-1.28	-2.119339599879295122e+01	3.563322918756360735e+01
-1.26	-2.118623724321814095e+01	3.522780979562662651e+01
-1.24	-2.275495159738835937e+01	3.479776484953667648e+01
-1.22	-2.376152812323491048e+01	3.438798566072347995e+01
-1.20	-2.227763353495457110e+01	3.389685282012528944e+01
-1.18	-2.132176491159109943e+01	3.348873827695152272e+01
-1.16	-2.069272221581767823e+01	3.309306921617058350e+01
-1.14	-2.019443661610957008e+01	3.271224030764474122e+01
-1.12	-1.975280632951830029e+01	3.231987989286515983e+01
-1.10	-1.935106150809668080e+01	3.192906076848952068e+01
-1.08	-1.899522182058726827e+01	3.157055458358435018e+01
-1.06	-1.864088890769195928e+01	3.118086250859636976e+01
-1.04	-1.833617888505861870e+01	3.085040007647037896e+01
-1.02	-1.801659567625787162e+01	3.047331569197001855e+01
-1.00	-1.789789066440701859e+01	3.042786463421968080e+01
-0.98	-1.768874742756581853e+01	3.021415165781899148e+01
-0.96	-1.739555803837142989e+01	2.983795614437043042e+01
-0.94	-1.717128860900018950e+01	2.957065049008323143e+01
-0.92	-1.688396963715047860e+01	2.918217486860432075e+01
-0.90	-1.665470256135087013e+01	2.888671531645157842e+01
-0.88	-1.637808908678374920e+01	2.850024099737319005e+01
-0.86	-1.610062176802547995e+01	2.810459151703296143e+01
-0.84	-1.588086823565718042e+01	2.780545032660301885e+01
-0.82	-1.561255313283714941e+01	2.741419056549528932e+01
-0.80	-1.548166325870469073e+01	2.726375980502236018e+01
-0.78	-1.522812579773339081e+01	2.689056963311684001e+01
-0.76	-1.494637196477128960e+01	2.646118812400381870e+01
-0.74	-1.467182784454852040e+01	2.604058212434490116e+01
-0.72	-1.439098949869715938e+01	2.560489024240208167e+01
-0.70	-1.411255429912110060e+01	2.517016826492826098e+01
-0.68	-1.382938101827200938e+01	2.472371557240036921e+01
-0.66	-1.355265051377342012e+01	2.428585653985501835e+01
-0.64	-1.326319329718572071e+01	2.382192224273747883e+01
-0.62	-1.298741488114709952e+01	2.338008096058378982e+01
-0.60	-1.268522859248854040e+01	2.288645738141151043e+01
-0.58	-1.231759654235552937e+01	2.227081234667675957e+01
-0.56	-1.204622043903185968e+01	2.182885118461294027e+01
-0.54	-1.175357645968504983e+01	2.134546910055716040e+01
-0.52	-1.149029389288826941e+01	2.091381063548569941e+01
-0.50	-1.122596079118406998e+01	2.047773979614411033e+01
-0.48	-1.094774398657139081e+01	2.001384635467358919e+01
-0.46	-1.068974758714827011e+01	1.958490962600707164e+01
-0.44	-1.041474701227181932e+01	1.912192935579690101e+01
-0.42	-1.015944779274403942e+01	1.869313225060982830e+01
-0.40	-9.848965076101835692e+00	1.815876983656513843e+01
-0.38	-9.581105792449900349e+00	1.770093585252383050e+01
-0.36	-9.336773673319724409e+00	1.728528683454054971e+01
-0.34	-9.080187159483415371e+00	1.684429669670199914e+01
-0.32	-8.840862411876305060e+00	1.643339203328948983e+01
-0.30	-8.601466320901941742e+00	1.601988003491715062e+01
-0.28	-8.354193327462823504e+00	1.558920352857380998e+01
-0.26	-8.119861839484153521e+00	1.518050388025091912e+01
-0.24	-7.874476774483420982e+00	1.474834416119315073e+01
-0.22	-7.642842833254181123e+00	1.433974124581602005e+01
-0.20	-7.364187622414348766e+00	1.383900672898382034e+01
-0.18	-7.121881708723548421e+00	1.340458604599212933e+01
-0.16	-6.903521669839098429e+00	1.301422678429183932e+01
-0.14	-6.675920368148951844e+00	1.260411267716597017e+01
-0.12	-6.463841732582346289e+00	1.222169134203591057e+01
-0.10	-6.245762489343984925e+00	1.182574802715076068e+01
-0.08	-6.038526379926783427e+00	1.144860983466988991e+01
-0.06	-5.832521986509179079e+00	1.107213505005348964e+01
-0.04	-5.626129879033542558e+00	1.070320540570889989e+01
-0.02	-5.425992185130877665e+00	1.036747726133313918e+01
-0.00	-5.224490404848334713e+00	1.000000000000001066e+01
