-24.00	-2.231746023657268907e+01	5.000000000000000000e+01
-23.00	-2.283802682712444110e+01	4.977594889977128645e+01
-22.00	-2.331970178878689026e+01	4.971339108405157958e+01
-21.00	-2.383775614419338140e+01	4.981965441478119061e+01
-20.00	-2.426699693984561890e+01	4.946802740705133772e+01
-19.00	-2.542120893335273024e+01	5.060743260549129729e+01
-18.00	-2.568337369948239868e+01	4.925457700510099812e+01
-17.00	-2.773991509247144904e+01	5.142420173864960020e+01
-16.98	-2.782383575092132943e+01	5.155193157180171681e+01
-16.96	-2.785951957446278016e+01	5.158371345697438670e+01
-16.94	-2.792396922958588945e+01	5.167258536309508088e+01
-16.92	-2.795667062378154100e+01	5.169973840876424021e+01
-16.90	-2.801048783592160873e+01	5.177364172562686662e+01
-16.88	-2.804168603460373888e+01	5.180438514166645803e+01
-16.86	-2.806907635283081959e+01	5.183029611737789111e+01
-16.84	-2.812065424732466923e+01	5.190771373183490311e+01
-16.82	-2.814880398469432876e+01	5.193884081926243823e+01
-16.80	-2.824481845386641155e+01	5.210945010050198789e+01
-16.78	-2.828254401688163000e+01	5.216094368298789163e+01
-16.76	-2.830388670135867102e+01	5.217811731307862999e+01
-16.74	-2.832767746186424063e+01	5.219875829864176353e+01
-16.72	-2.834844316401852993e+01	5.221045113689447703e+01
-16.70	-2.836562315178885996e+01	5.221167949776449291e+01
-16.68	-2.838686638657959094e+01	5.221680583683382082e+01
-16.66	-2.841205745763393864e+01	5.222514168129156786e+01
-16.64	-2.841826606164807956e+01	5.218898238729080674e+01
-16.62	-2.844451657087986973e+01	5.218742226203850265e+01
-16.60	-2.842250031370697982e+01	5.208031609171060694e+01
-16.58	-2.822345256990521989e+01	5.160483878937549207e+01
-16.56	-2.823595123507993065e+01	5.155391931593854338e+01
-16.54	-2.817316372885371933e+01	5.134186884326768308e+01
-16.52	-2.819849590181264887e+01	5.130236082271923692e+01
-16.50	-2.821956948594861103e+01	5.124648607686837920e+01
-16.48	-2.816496117942005029e+01	5.102977425915430842e+01
-16.46	-2.819657626349733093e+01	5.098164920327585747e+01
-16.44	-2.811958641318776131e+01	5.070634477779449156e+01
-16.42	-2.814733504097889849e+01	5.063726722716324247e+01
-16.40	-2.801306991780359112e+01	5.023481790335687691e+01
-16.38	-2.762389393453214836e+01	4.931297085186579210e+01
-16.36	-2.765112702436612935e+01	4.922872200465756976e+01
-16.34	-2.759155345674214033e+01	4.896552952630494815e+01
-16.32	-2.763747664863404907e+01	4.891097959007822737e+01
-16.30	-2.760947688689113022e+01	4.870463025224449183e+01
-16.28	-2.765437367603956886e+01	4.864166427410331295e+01
-16.26	-2.770777118637877123e+01	4.859285921070460290e+01
-16.24	-2.768771458279323028e+01	4.839502681727660871e+01
-16.22	-2.773854172274225860e+01	4.833637730546897160e+01
-16.20	-2.763307998753155914e+01	4.796548879582439184e+01
-16.18	-2.767920990967781947e+01	4.789412396947857076e+01
-16.16	-2.775490407771663115e+01	4.787916097166159801e+01
-16.14	-2.782879402967832050e+01	4.785819057343744021e+01
-16.12	-2.790981662169529898e+01	4.784886215115219699e+01
-16.10	-2.799189900946810994e+01	4.783910206369112217e+01
-16.08	-2.808244257428986046e+01	4.784286198559650671e+01
-16.06	-2.816926992894213910e+01	4.783615492911805234e+01
-16.04	-2.827088148387177924e+01	4.785502466879321304e+01
-16.02	-2.836350890483937093e+01	4.785297981118733190e+01
-16.00	-2.847932814996422124e+01	4.789224801193783776e+01
-15.98	-2.861602942858501919e+01	4.796797395886287774e+01
-15.96	-2.871290211030311923e+01	4.796218251622332218e+01
-15.94	-2.881260900763124866e+01	4.795768832207483712e+01
-15.92	-2.891133440644836128e+01	4.794744602653771182e+01
-15.90	-2.901232145565482057e+01	4.793761015999003661e+01
-15.88	-2.910985552783839836e+01	4.791748200868894259e+01
-15.86	-2.921350121191971994e+01	4.790553183322781194e+01
-15.84	-2.930711569589779941e+01	4.787125144676380017e+01
-15.82	-2.941078110119456923e+01	4.785326898486412261e+01
-15.80	-2.945066861823427828e+01	4.771208359240286256e+01
-15.78	-2.952878767151797135e+01	4.764167272742044901e+01
-15.76	-2.963453901466510843e+01	4.762172702643015754e+01
-15.74	-2.972632275477063857e+01	4.757423058244440028e+01
-15.72	-2.983538445409288897e+01	4.755851514080156761e+01
-15.70	-2.994321277772153067e+01	4.754011892352936286e+01
-15.68	-3.004451926244939131e+01	4.750923406719036990e+01
-15.66	-3.015431013022116957e+01	4.749445185181578921e+01
-15.64	-3.026098720501470041e+01	4.747410453185383261e+01
-15.62	-3.037188653840858166e+01	4.746202282957319341e+01
-15.60	-3.049136341417327856e+01	4.746666097057652678e+01
-15.58	-3.068714498639527832e+01	4.761246169594460298e+01
-15.56	-3.081090180458208039e+01	4.762562548335348112e+01
-15.54	-3.097069780909635028e+01	4.770533595766926993e+01
-15.52	-3.109352458178085854e+01	4.771714818490195142e+01
-15.50	-3.125604111211342939e+01	4.780150804401394282e+01
-15.48	-3.138497889164345978e+01	4.782430347384116942e+01
-15.46	-3.150904729830426021e+01	4.783704692070836728e+01
-15.44	-3.169533494482228875e+01	4.796244153093920204e+01
-15.42	-3.182787773761927141e+01	4.798847688971225978e+01
-15.40	-3.206023185853315738e+01	4.819453560314058649e+01
-15.38	-3.250458160500610916e+01	4.878329978966730351e+01
-15.36	-3.265744728243414841e+01	4.883935381556334221e+01
-15.34	-3.289734758592287989e+01	4.905013414607579847e+01
-15.32	-3.304449594455478945e+01	4.908855414749100277e+01
-15.30	-3.320270958008691053e+01	4.914282313443396077e+01
-15.28	-3.344232149317336678e+01	4.933888810744320352e+01
-15.26	-3.360179245564557249e+01	4.938316256698796280e+01
-15.24	-3.387208882238400776e+01	4.962038516370043340e+01
-15.22	-3.405525404411711321e+01	4.969004773591782964e+01
-15.20	-3.462999918472063143e+01	5.045750675985660649e+01
-15.18	-3.496295317896790777e+01	5.077337590021522118e+01
-15.16	-3.516421198902592238e+01	5.083207511015606883e+01
-15.14	-3.546413794690521115e+01	5.104789726221949309e+01
-15.12	-3.568495816285562228e+01	5.109279039563215008e+01
-15.10	-3.599413304311079287e+01	5.126363651037610225e+01
-15.08	-3.626214559496626322e+01	5.131592007045998116e+01
-15.06	-3.655468800392294781e+01	5.135642946183097024e+01
-15.04	-3.695675692112953215e+01	5.152228276504006033e+01
-15.02	-3.734769778290581144e+01	5.156801500697343243e+01
-15.00	-3.788435056295443104e+01	5.174062976501665645e+01
-14.98	-3.853168960846519298e+01	5.191008884433490778e+01
-14.96	-3.926895413918156663e+01	5.191873798216064273e+01
-14.94	-4.031332631511114073e+01	5.190731982895749042e+01
-14.92	-4.207377601144745682e+01	5.190622596898570151e+01
-14.90	-4.683772027991150111e+01	5.187045517752555668e+01
-14.88	-4.700395719747560719e+01	5.185985237553730798e+01
-14.86	-3.513932117637141772e+01	5.185547037293240180e+01
-14.84	-3.508422562092552255e+01	5.177593831282396764e+01
-14.82	-3.506148795982444710e+01	5.175431267424348647e+01
-14.80	-3.480784337175241916e+01	5.136987003072991342e+01
-14.78	-3.469335048132676036e+01	5.118436818285587719e+01
-14.76	-3.468866483716467286e+01	5.115346564059770884e+01
-14.74	-3.461743601056159036e+01	5.101749443958595265e+01
-14.72	-3.462682025379135098e+01	5.099535760664974049e+01
-14.70	-3.463122277437644669e+01	5.096286795525306701e+01
-14.68	-3.458117025389680776e+01	5.084839315575838725e+01
-14.66	-3.459299302301953816e+01	5.082396891915888659e+01
-14.64	-3.453347618443530109e+01	5.069482076833470785e+01
-14.62	-3.454049834687526044e+01	5.066411983772714223e+01
-14.60	-3.445147907639508844e+01	5.049444045219158284e+01
-14.58	-3.421476126334776069e+01	5.011145867048026048e+01
-14.56	-3.421152989945665723e+01	5.007372669153890143e+01
-14.54	-3.414206911468185268e+01	4.994397686421532967e+01
-14.52	-3.413696780979618239e+01	4.991452319848836794e+01
-14.50	-3.406375211179462781e+01	4.979282320255965288e+01
-14.48	-3.403919093746880264e+01	4.975108147056509722e+01
-14.46	-3.401482414448012292e+01	4.972029544138184320e+01
-14.44	-3.389316939023066766e+01	4.955885936560920157e+01
-14.42	-3.383645345485103206e+01	4.950514454752960347e+01
-14.40	-3.339536973186923774e+01	4.890385294898472779e+01
-14.38	-3.315197516438998093e+01	4.860532568051390712e+01
-14.36	-3.305750362548869958e+01	4.854023971971407292e+01
-14.34	-3.284050972741143681e+01	4.831062991588989775e+01
-14.32	-3.273341920791977344e+01	4.825775827563415277e+01
-14.30	-3.260509407673065141e+01	4.818868715166762229e+01
-14.28	-3.237829533194467757e+01	4.798929232758319330e+01
-14.26	-3.223920195888619133e+01	4.793234791284898222e+01
-14.24	-3.198282468689362901e+01	4.771365418719609153e+01
-14.22	-3.181813785574211906e+01	4.764263817719726291e+01
-14.20	-3.136765694628644141e+01	4.715141831871257949e+01
-14.18	-3.116682748127103864e+01	4.704139053442433038e+01
-14.16	-3.102016588521177098e+01	4.701916407004863174e+01
-14.14	-3.087107903386858965e+01	4.699764279320687166e+01
-14.12	-3.072814670364246936e+01	4.698835985247036007e+01
-14.10	-3.060793778883460092e+01	4.701516546099701799e+01
-14.08	-3.047448029992515828e+01	4.702136568220185353e+01
-14.06	-3.033621539234304976e+01	4.701829815678988211e+01
-14.04	-3.027348276829370022e+01	4.712964463368697210e+01
-14.02	-3.015349491746044919e+01	4.714813935990576255e+01
-14.00	-3.018768447913178932e+01	4.740407996282105074e+01
-13.98	-3.064653630248954030e+01	4.832589312546748772e+01
-13.96	-3.057930286682933030e+01	4.841618380234046271e+01
-13.94	-3.068344059909913923e+01	4.877293975836048645e+01
-13.92	-3.060558491962336092e+01	4.883526577882906849e+01
-13.90	-3.054834920490091932e+01	4.892474425216423839e+01
-13.88	-3.064667141607905876e+01	4.925846891594036236e+01
-13.86	-3.058524322277753882e+01	4.933047923601490936e+01
-13.84	-3.073005280183339138e+01	4.973148178964530075e+01
-13.82	-3.069941822255875863e+01	4.984460446352466079e+01
-13.80	-3.137276220442625174e+01	5.110060534906833141e+01
-13.78	-3.157445033622155961e+01	5.158932134875575315e+01
-13.76	-3.153047991714890941e+01	5.167309985476727974e+01
-13.74	-3.163377305801370909e+01	5.199549753360066973e+01
-13.72	-3.157762765083212031e+01	5.205301417989534229e+01
-13.70	-3.153770218758667099e+01	5.213396245941522267e+01
-13.68	-3.159589894966467938e+01	5.237452387938388654e+01
-13.66	-3.154558785183746039e+01	5.243289648598568675e+01
-13.64	-3.160551196783650951e+01	5.267223215142188053e+01
-13.62	-3.156025863677276888e+01	5.273406189490307838e+01
-13.60	-3.162903052044531904e+01	5.298521217588982779e+01
-13.58	-3.170569600186572146e+01	5.324847642905662326e+01
-13.56	-3.163186403799421953e+01	5.325770512293868109e+01
-13.54	-3.154268456458371972e+01	5.323984633529182986e+01
-13.52	-3.146051963752389113e+01	5.323285257363244938e+01
-13.50	-3.134646526654767840e+01	5.317145624744050281e+01
-13.48	-3.125457563732253163e+01	5.314761121480624695e+01
-13.46	-3.116894353489395897e+01	5.313488125083623004e+01
-13.44	-3.100417396988031982e+01	5.298763195997310049e+01
-13.42	-3.089673481396506105e+01	5.293908032248013740e+01
-13.40	-3.032503785528335172e+01	5.209320731164991258e+01
-13.38	-2.995076168238848879e+01	5.158410913259388764e+01
-13.36	-2.981120299325131029e+01	5.147876100545371258e+01
-13.34	-2.948121799569315016e+01	5.104301804781688645e+01
-13.32	-2.935164857327335142e+01	5.095230364851143889e+01
-13.30	-2.920525672726298083e+01	5.083003010659839305e+01
-13.28	-2.888554346620695057e+01	5.040169088642743134e+01
-13.26	-2.875422736657170120e+01	5.029665393360721737e+01
-13.24	-2.838020708003882930e+01	4.975953101556596891e+01
-13.22	-2.823600097093694927e+01	4.961715663020545719e+01
-13.20	-2.773503226733026139e+01	4.883615627947153115e+01
-13.18	-2.662211413693263040e+01	4.696303514384791100e+01
-13.16	-2.647139147197162146e+01	4.677333165850978958e+01
-13.14	-2.609788365686021905e+01	4.617691247929582232e+01
-13.12	-2.599331893110408132e+01	4.604305310587481870e+01
-13.10	-2.568728876267799066e+01	4.553832680091055352e+01
-13.08	-2.558062797406934052e+01	4.537199144228740266e+01
-13.06	-2.550359210161767010e+01	4.524470750597514268e+01
-13.04	-2.519630523322519977e+01	4.469364915964970209e+01
-13.02	-2.511957324310276007e+01	4.453651490010376079e+01
-13.00	-2.475187194514278843e+01	4.384999848814020140e+01
-12.98	-2.407210041825759106e+01	4.259811942515398897e+01
-12.96	-2.403608148883269990e+01	4.247338484296739125e+01
-12.94	-2.390135635502270972e+01	4.216250795110848770e+01
-12.92	-2.390349586634525991e+01	4.208204385581733220e+01
-12.90	-2.390091063080514999e+01	4.198207156056029277e+01
-12.88	-2.384094421308157052e+01	4.177284071968865220e+01
-12.86	-2.386087450261619125e+01	4.169533147135999229e+01
-12.84	-2.382585904907748997e+01	4.151526863359787001e+01
-12.82	-2.385702810735526924e+01	4.144498584292807664e+01
-12.80	-2.388713373211279034e+01	4.136819038344152233e+01
-12.78	-2.403383713624103990e+01	4.148869917455365197e+01
-12.76	-2.411584818195456137e+01	4.149388498387693858e+01
-12.74	-2.429057528693142132e+01	4.165514554644605738e+01
-12.72	-2.438043228719903155e+01	4.166806061846946108e+01
-12.70	-2.457632168801297112e+01	4.185971195945185030e+01
-12.68	-2.468552575481476907e+01	4.190170689550868843e+01
-12.66	-2.478105487766904957e+01	4.191937571060989143e+01
-12.64	-2.505793831699596907e+01	4.224187220000054310e+01
-12.62	-2.517739976070896901e+01	4.229821159427053345e+01
-12.60	-2.560326257981677145e+01	4.286691450325223229e+01
-12.58	-2.673740141991375907e+01	4.461410301217132712e+01
-12.56	-2.692085781563390867e+01	4.477154895975051829e+01
-12.54	-2.738866711096704876e+01	4.540140467219229237e+01
-12.52	-2.754178980443544944e+01	4.551133215452745162e+01
-12.50	-2.797191769545408135e+01	4.608202930587051327e+01
-12.48	-2.815054449329197084e+01	4.624332056758881748e+01
-12.46	-2.829174579898838005e+01	4.635058054034241337e+01
-12.44	-2.878812205243515976e+01	4.704777504256920651e+01
-12.42	-2.896769858491656890e+01	4.723787122544265316e+01
-12.40	-3.039248459302757155e+01	4.946550616002875245e+01
-12.38	-3.097532879699598141e+01	5.033271151016384692e+01
-12.36	-3.110044923297085973e+01	5.047102198435099751e+01
-12.34	-3.148168625441341106e+01	5.103996969655287330e+01
-12.32	-3.155715534375816134e+01	5.112922228705868832e+01
-12.30	-3.164841473122508120e+01	5.126152162774980781e+01
-12.28	-3.190875821820219826e+01	5.168230190382811173e+01
-12.26	-3.195514812830882079e+01	5.177220942338419007e+01
-12.24	-3.219734704911378032e+01	5.219228607777232298e+01
-12.22	-3.223296516408937151e+01	5.228879327173473968e+01
-12.20	-3.248219229931377328e+01	5.274100421843353104e+01
-12.18	-3.282388519221535716e+01	5.335036819704166078e+01
-12.16	-3.280556686125674304e+01	5.337817943393738318e+01
-12.14	-3.281351249162091932e+01	5.344953514226089908e+01
-12.12	-3.278111857046769728e+01	5.345335372877742230e+01
-12.10	-3.276444516378477800e+01	5.347928377045292336e+01
-12.08	-3.273491915474143354e+01	5.347893130333338263e+01
-12.06	-3.270863350575495332e+01	5.347773326419819995e+01
-12.04	-3.268268215403647758e+01	5.347091546166352316e+01
-12.02	-3.265980573289120770e+01	5.346411383483574298e+01
-12.00	-3.261626198459526194e+01	5.339445530728801970e+01
-11.98	-3.259258472007775254e+01	5.335789381768869077e+01
-11.96	-3.257628289233638696e+01	5.333536305406423850e+01
-11.94	-3.256642652624154266e+01	5.331824747685011090e+01
-11.92	-3.254962892028461852e+01	5.329820664687837706e+01
-11.90	-3.253212595898310866e+01	5.329081457250301668e+01
-11.88	-3.249717050359072346e+01	5.327405134818012300e+01
-11.86	-3.244742163572065863e+01	5.325499359101844732e+01
-11.84	-3.239713404061973989e+01	5.326300826427171131e+01
-11.82	-3.231358308574841232e+01	5.324876296138035769e+01
-11.80	-3.226205771114084087e+01	5.332042255685679777e+01
-11.78	-3.213179204983421045e+01	5.329998434638371663e+01
-11.76	-3.197229137319601833e+01	5.326939871331553178e+01
-11.74	-3.177591122152411884e+01	5.321530520709475809e+01
-11.72	-3.156808561164794824e+01	5.317953774470001349e+01
-11.70	-3.131243753220489978e+01	5.310163005994395746e+01
-11.68	-3.105625587349776140e+01	5.305377532059114998e+01
-11.66	-3.078527610800875891e+01	5.301321748659206179e+01
-11.64	-3.044387824826785049e+01	5.287554116453282660e+01
-11.62	-3.013240584820266932e+01	5.280945826586207659e+01
-11.60	-2.948707369132645084e+01	5.216807228629944149e+01
-11.58	-2.897883711280427832e+01	5.177179143224874736e+01
-11.56	-2.863238085259499144e+01	5.166886938471458279e+01
-11.54	-2.815468924044908050e+01	5.133032667594641651e+01
-11.52	-2.781032510804926972e+01	5.123494785813574026e+01
-11.50	-2.734437483132657931e+01	5.091491943948447840e+01
-11.48	-2.698689919694378858e+01	5.079406402734561254e+01
-11.46	-2.664553137898630908e+01	5.069990282920335289e+01
-11.44	-2.615208804590051983e+01	5.030169543462022830e+01
-11.42	-2.580237943022596170e+01	5.016094030271062110e+01
-11.40	-2.487695173683905026e+01	4.885184914520076660e+01
-11.38	-2.432848701773324862e+01	4.823701797150180681e+01
-11.36	-2.403663540029904055e+01	4.809662879115848710e+01
-11.34	-2.360353706492431058e+01	4.762630809550427813e+01
-11.32	-2.336460414220761095e+01	4.750394805958539024e+01
-11.30	-2.300655666105620156e+01	4.708517887019458215e+01
-11.28	-2.280418406829383926e+01	4.693401766638559280e+01
-11.26	-2.264230486332203895e+01	4.681613084400733982e+01
-11.24	-2.232973840991985170e+01	4.632570072489763646e+01
-11.22	-2.219685475737177072e+01	4.615735686491097312e+01
-11.20	-2.145769640083959828e+01	4.465302040278800177e+01
-11.18	-2.114448087010180899e+01	4.399186316018042220e+01
-11.16	-2.109663856707129881e+01	4.384449767518419350e+01
-11.14	-2.091405284630955919e+01	4.336403463878038167e+01
-11.12	-2.092401590310062076e+01	4.324249970547415955e+01
-11.10	-2.082162823692905107e+01	4.283880393405284792e+01
-11.08	-2.086492340178957150e+01	4.269640782322679939e+01
-11.06	-2.094231357546993166e+01	4.258207082015312750e+01
-11.04	-2.088321411821037898e+01	4.215086476794856196e+01
-11.02	-2.097794532338814122e+01	4.200432528824448752e+01
-11.00	-2.063533072491867060e+01	4.095509393472205062e+01
-10.98	-2.064640048324084987e+01	4.060786215021902024e+01
-10.96	-2.079420152316629000e+01	4.052726334854553869e+01
-10.94	-2.088410872277593100e+01	4.032726426372366291e+01
-10.92	-2.104815946651378056e+01	4.026710150926631826e+01
-10.90	-2.117637721967233944e+01	4.013400035126505117e+01
-10.88	-2.134802146571490056e+01	4.007802960662532143e+01
-10.86	-2.152426224347129136e+01	4.002572935350237771e+01
-10.84	-2.168572513478056862e+01	3.994186652719955788e+01
-10.82	-2.186895573611878874e+01	3.989620082414077729e+01
-10.80	-2.206304500080452158e+01	3.987066561686022226e+01
-10.78	-2.238680039269643984e+01	4.007911275040827803e+01
-10.76	-2.259092845612638101e+01	4.007558895025118773e+01
-10.74	-2.284279113534886108e+01	4.016289072627481715e+01
-10.72	-2.303365310464907978e+01	4.015168529101718775e+01
-10.70	-2.322235755440581073e+01	4.014964256976291779e+01
-10.68	-2.345120839131103097e+01	4.023150020849452346e+01
-10.66	-2.361688171414305160e+01	4.022135240968262337e+01
-10.64	-2.383802643820608935e+01	4.032553470394456241e+01
-10.62	-2.398239124849470016e+01	4.032306702712303093e+01
-10.60	-2.420878745610416161e+01	4.047993967726628739e+01
-10.58	-2.456277627555444099e+01	4.087417354251231671e+01
-10.56	-2.466430259405429126e+01	4.087314340724866213e+01
-10.54	-2.480420069115854176e+01	4.096254147609524665e+01
-10.52	-2.486359853879200088e+01	4.094675573688626713e+01
-10.50	-2.491154418033595164e+01	4.094171625126222835e+01
-10.48	-2.499068368434772935e+01	4.101466906533009649e+01
-10.46	-2.499969117700977961e+01	4.100258242032256817e+01
-10.44	-2.505637045650414052e+01	4.109644928189940316e+01
-10.42	-2.503740025970910921e+01	4.109367887740810943e+01
-10.40	-2.509490576432661868e+01	4.124456835419891121e+01
-10.38	-2.531940164527214066e+01	4.169784579425977711e+01
-10.36	-2.526122613362336011e+01	4.171166266148365764e+01
-10.34	-2.526622857439835101e+01	4.185585475828884228e+01
-10.32	-2.516903040455698104e+01	4.185620398834922185e+01
-10.30	-2.506680404807368134e+01	4.186961378529858280e+01
-10.28	-2.502483846313106142e+01	4.200676326482292211e+01
-10.26	-2.489344622893981906e+01	4.201379484135883047e+01
-10.24	-2.485597353424045153e+01	4.219778801225663756e+01
-10.22	-2.471330551273694098e+01	4.221926360394702016e+01
-10.20	-2.472284735290267932e+01	4.251594362596114252e+01
-10.18	-2.506190332348604954e+01	4.339553273853488236e+01
-10.16	-2.492375459090252932e+01	4.346046883543485961e+01
-10.14	-2.492567036167755035e+01	4.377321672471553171e+01
-10.12	-2.477096697912402945e+01	4.381027666722459202e+01
-10.10	-2.463497629250790055e+01	4.387336643718236218e+01
-10.08	-2.463927883015098175e+01	4.417660357161909701e+01
-10.06	-2.450971211585929055e+01	4.422546637464378705e+01
-10.04	-2.458107215055585115e+01	4.461808247205364353e+01
-10.02	-2.449437866229229144e+01	4.469961163723842645e+01
-10.00	-2.471405685019668041e+01	4.531498853636230706e+01
-9.98	-2.553278082340957056e+01	4.700146291002992172e+01
-9.96	-2.553430448227717164e+01	4.715113281867986927e+01
-9.94	-2.578880445472488958e+01	4.772969266100400176e+01
-9.92	-2.580586837490239915e+01	4.783372914993965708e+01
-9.90	-2.605935113944078907e+01	4.834670683339975739e+01
-9.88	-2.612379869405198107e+01	4.849153012105301741e+01
-9.86	-2.617305512802931844e+01	4.859113520004724052e+01
-9.84	-2.650566988966033932e+01	4.920097911632952048e+01
-9.82	-2.660352287502617941e+01	4.935493822469643987e+01
-9.80	-2.737119281621518141e+01	5.072576137488930215e+01
-9.78	-2.806905111498868877e+01	5.193699470225418224e+01
-9.76	-2.819071279587979006e+01	5.205193138476865755e+01
-9.74	-2.850191159909644156e+01	5.249043431891305289e+01
-9.72	-2.862036896057054847e+01	5.255163205114840252e+01
-9.70	-2.876582172576231144e+01	5.264627596432499246e+01
-9.68	-2.903241072766089914e+01	5.294908100421695707e+01
-9.66	-2.916714785383819830e+01	5.300286382857299827e+01
-9.64	-2.942386975324238918e+01	5.327360390608677676e+01
-9.62	-2.956398243588771990e+01	5.333234110807479311e+01
-9.60	-2.985929689621470828e+01	5.367291329369624009e+01
-9.58	-2.991713152488643956e+01	5.359094861175255176e+01
-9.56	-2.999362151648232100e+01	5.355055852285703111e+01
-9.54	-3.000254349904123075e+01	5.339835907440794216e+01
-9.52	-3.006747403407540986e+01	5.335469742677528870e+01
-9.50	-3.012249233313094976e+01	5.330210204876466662e+01
-9.48	-3.009005875583114076e+01	5.310235445409045951e+01
-9.46	-3.013933790147200042e+01	5.305268016199799064e+01
-9.44	-3.005286145938995901e+01	5.276903634039455682e+01
-9.42	-3.007576407990078948e+01	5.267929031964408892e+01
-9.40	-2.949203597970279844e+01	5.153077816573301106e+01
-9.38	-2.923923177344106961e+01	5.096260137504621213e+01
-9.36	-2.925217767137716862e+01	5.085503899679309825e+01
-9.34	-2.907690500445909976e+01	5.041804777897667833e+01
-9.32	-2.911013237390283948e+01	5.033840371950127235e+01
-9.30	-2.912765553395259133e+01	5.022703630594016744e+01
-9.28	-2.898381162463667948e+01	4.983459287107015712e+01
-9.26	-2.902052750366349088e+01	4.974985576000724308e+01
-9.24	-2.883457927612581884e+01	4.928398206219146260e+01
-9.22	-2.884294755651993114e+01	4.915158397550663238e+01
-9.20	-2.798018519113092140e+01	4.754512310256176733e+01
-9.18	-2.762222293992325106e+01	4.680893473118499770e+01
-9.16	-2.761728298550857019e+01	4.668088403151126187e+01
-9.14	-2.734984779470486060e+01	4.612438316218185008e+01
-9.12	-2.734614352775281887e+01	4.602950869426398128e+01
-9.10	-2.730777764431178056e+01	4.589431593982155988e+01
-9.08	-2.704153838480007011e+01	4.539954283388669154e+01
-9.06	-2.699694238469298924e+01	4.529934640079528663e+01
-9.04	-2.664345299623779084e+01	4.470610475625205993e+01
-9.02	-2.655046489146334920e+01	4.457470696786302256e+01
-9.00	-2.602379733946764162e+01	4.374237448073711221e+01
-8.98	-2.478647301866633867e+01	4.173561909999651931e+01
-8.96	-2.465165953320796177e+01	4.160482495523328339e+01
-8.94	-2.423445955889247827e+01	4.101871793267638822e+01
-8.92	-2.410002667532442899e+01	4.092925837544383683e+01
-8.90	-2.372449231862670871e+01	4.044807206363101670e+01
-8.88	-2.355364771066927077e+01	4.032934035646665905e+01
-8.86	-2.340059661292551851e+01	4.025362127704558901e+01
-8.84	-2.298227656859819845e+01	3.972980261587716910e+01
-8.82	-2.280489248894696885e+01	3.962705499307381984e+01
-8.80	-2.229903664094985061e+01	3.895446757314488195e+01
-8.78	-2.141185569335657135e+01	3.760783487903427158e+01
-8.76	-2.125680584218093117e+01	3.753983842420871753e+01
-8.74	-2.096819634326486081e+01	3.723286548868154711e+01
-8.72	-2.084348188752822040e+01	3.721191747166224673e+01
-8.70	-2.061255463953052924e+01	3.699523924947911269e+01
-8.68	-2.049311416742517977e+01	3.697124087938873771e+01
-8.66	-2.038812369277544079e+01	3.696544904539855736e+01
-8.64	-2.018396277870503042e+01	3.677003125883980772e+01
-8.62	-2.008798026728893049e+01	3.676128421362120235e+01
-8.60	-1.989378797446178027e+01	3.656051038453176005e+01
-8.58	-1.968679370974691167e+01	3.632314390346603972e+01
-8.56	-1.963847560031037176e+01	3.636575090640548069e+01
-8.54	-1.960791077785027881e+01	3.642773145934050660e+01
-8.52	-1.958864848026410854e+01	3.649553134186445646e+01
-8.50	-1.959803847198125126e+01	3.660072368762025974e+01
-8.48	-1.960429035590426139e+01	3.668079929918445714e+01
-8.46	-1.961811932328150831e+01	3.675537101926816774e+01
-8.44	-1.970308059921163846e+01	3.694192980485421884e+01
-8.42	-1.975107485330325829e+01	3.703703704594457946e+01
-8.40	-1.992878576314491923e+01	3.735652908433579000e+01
-8.38	-2.047208428959936910e+01	3.834887776302006301e+01
-8.36	-2.058036618164063114e+01	3.852277731534058347e+01
-8.34	-2.083199499509271035e+01	3.897847876629994346e+01
-8.32	-2.090833958392101977e+01	3.912344181267400245e+01
-8.30	-2.113585784228310871e+01	3.956537785674220231e+01
-8.28	-2.122618170194727938e+01	3.975443728210733951e+01
-8.26	-2.129807206927943852e+01	3.990488433798122259e+01
-8.24	-2.158367393830646108e+01	4.045129268204163964e+01
-8.22	-2.169664246859064960e+01	4.066563751621173850e+01
-8.20	-2.263527951244446967e+01	4.243219131057883686e+01
-8.18	-2.308132308585863868e+01	4.326837834171946184e+01
-8.16	-2.319802294829532130e+01	4.347655745690359197e+01
-8.14	-2.354131555922268859e+01	4.411116494055514181e+01
-8.12	-2.364036856897082117e+01	4.428707450828064651e+01
-8.10	-2.375770548141667149e+01	4.450284932980635233e+01
-8.08	-2.404752192937414890e+01	4.504927195308381727e+01
-8.06	-2.414064054359332090e+01	4.523323270185574785e+01
-8.04	-2.446333678153323987e+01	4.585873987099925131e+01
-8.02	-2.457103359182974955e+01	4.608584733253118770e+01
-8.00	-2.548432114278234906e+01	4.784252158215082318e+01
-7.98	-2.587266241859284932e+01	4.861206611747707029e+01
-7.96	-2.596325552987130081e+01	4.880997132665144278e+01
-7.94	-2.625547145023930895e+01	4.937874725663606768e+01
-7.92	-2.633886753435261951e+01	4.953447223731799909e+01
-7.90	-2.645541597965639014e+01	4.973062505223955299e+01
-7.88	-2.674884337219878105e+01	5.022836082335570751e+01
-7.86	-2.688627732057688036e+01	5.039360964804691889e+01
-7.84	-2.725260502480483993e+01	5.094651277518678256e+01
-7.82	-2.746156543329021105e+01	5.115629162689135256e+01
-7.80	-2.846052805967786981e+01	5.279632916947380750e+01
-7.78	-2.899413607994722142e+01	5.353262690302594251e+01
-7.76	-2.922807809541977164e+01	5.371227651858517760e+01
-7.74	-2.964503426073407866e+01	5.426028441788479739e+01
-7.72	-2.983753389570251002e+01	5.441356611608699012e+01
-7.70	-3.006071128120047931e+01	5.459341107700583251e+01
-7.68	-3.046966223114809935e+01	5.505127157147798300e+01
-7.66	-3.074446476367587877e+01	5.519945594025497826e+01
-7.64	-3.125238616973955885e+01	5.570535400374421897e+01
-7.62	-3.160465897321212836e+01	5.588396211925469714e+01
-7.60	-3.258042062104563286e+01	5.712079776876795734e+01
-7.58	-3.311037701907721242e+01	5.753809902983501701e+01
-7.56	-3.346737339058343252e+01	5.763795564736852839e+01
-7.54	-3.389903071948999980e+01	5.786174107258970167e+01
-7.52	-3.423180976466962733e+01	5.792283429658670713e+01
-7.50	-3.456335388804200193e+01	5.799845470042053108e+01
-7.48	-3.489916715738520736e+01	5.810484888076734222e+01
-7.46	-3.518040227193097280e+01	5.815330560989978181e+01
-7.44	-3.541897708617538143e+01	5.816874437705631351e+01
-7.42	-3.563903490538059771e+01	5.819546744230257218e+01
-7.40	-3.572381307683721730e+01	5.804933320245587680e+01
-7.38	-3.525569034091603271e+01	5.705447843951397147e+01
-7.36	-3.530322399688427026e+01	5.694510872386131695e+01
-7.34	-3.509776942197841265e+01	5.647419064275616307e+01
-7.32	-3.510627985891157010e+01	5.639079475725691282e+01
-7.30	-3.484982197910643720e+01	5.591986367045994655e+01
-7.28	-3.477490015311732208e+01	5.577833711014577744e+01
-7.26	-3.471269989976664050e+01	5.568620381671291852e+01
-7.24	-3.429966361968126165e+01	5.505838178129025096e+01
-7.22	-3.416931598939378745e+01	5.490660982521347933e+01
-7.20	-3.353148715056312312e+01	5.395684021096109717e+01
-7.18	-3.204287912663627935e+01	5.164870978052078954e+01
-7.16	-3.186054903376316005e+01	5.145474079041976267e+01
-7.14	-3.136171594982605981e+01	5.075873657728963906e+01
-7.12	-3.120661545162494122e+01	5.062650928588983845e+01
-7.10	-3.077562334402939825e+01	5.005449228420869190e+01
-7.08	-3.059533754058098864e+01	4.989670876283489775e+01
-7.06	-3.043381346727234060e+01	4.977806073582164004e+01
-7.04	-2.996450234403024027e+01	4.916404883890930932e+01
-7.02	-2.977332323345910936e+01	4.901462207543978877e+01
-7.00	-2.921786535466419110e+01	4.827485680172979698e+01
-6.98	-2.829469222051494981e+01	4.693400417864309304e+01
-6.96	-2.811252754521946073e+01	4.682885682591916776e+01
-6.94	-2.780200193307354084e+01	4.652335196336086653e+01
-6.92	-2.763122924550593140e+01	4.646502595985084838e+01
-6.90	-2.735644250708223169e+01	4.624547987047412789e+01
-6.88	-2.716375659026027023e+01	4.617764467716242649e+01
-6.86	-2.697107990598155070e+01	4.612307388213969261e+01
-6.84	-2.669047653498283879e+01	4.592873994818015149e+01
-6.82	-2.648264283016839826e+01	4.586823299051052771e+01
-6.80	-2.619034584741210026e+01	4.566870542102886787e+01
-6.78	-2.586584915423674857e+01	4.541502344321592943e+01
-6.76	-2.566743222179776041e+01	4.538327433958085777e+01
-6.74	-2.545363157610333005e+01	4.532362512760572315e+01
-6.72	-2.525701943920408965e+01	4.529072799473191679e+01
-6.70	-2.506368509434470937e+01	4.525702447124505312e+01
-6.68	-2.487142631663789061e+01	4.521487597736975772e+01
-6.66	-2.469167123632545824e+01	4.518309076886402664e+01
-6.64	-2.451450478026091062e+01	4.514005021587860256e+01
-6.62	-2.435203438650622942e+01	4.510476880091805896e+01
-6.60	-2.420984130915110910e+01	4.508610107432261316e+01
-6.58	-2.407919959508557994e+01	4.506575423906708266e+01
-6.56	-2.395295012018335967e+01	4.502812192401167124e+01
-6.54	-2.384583136558837069e+01	4.500090679221244017e+01
-6.52	-2.374690374556946892e+01	4.496331625974467983e+01
-6.50	-2.365920451619280840e+01	4.492112750216526251e+01
-6.48	-2.358444686068792961e+01	4.488181172424670251e+01
-6.46	-2.351780514420692114e+01	4.483639138987673789e+01
-6.44	-2.346237295352642960e+01	4.479350912097022075e+01
-6.42	-2.341218276881836857e+01	4.474371947245909098e+01
-6.40	-2.333462457724888850e+01	4.462558858930842831e+01
-6.38	-2.326119295406649101e+01	4.449662360504358105e+01
-6.36	-2.322633474003751886e+01	4.442428564860892948e+01
-6.34	-2.316859613601126000e+01	4.428836582014253764e+01
-6.32	-2.315272357131087944e+01	4.421174554182525185e+01
-6.30	-2.314457699647982025e+01	4.412992204557988885e+01
-6.28	-2.311367096059266046e+01	4.398538478165131238e+01
-6.26	-2.312497507441403855e+01	4.390385471675534745e+01
-6.24	-2.309328251898313056e+01	4.372706228562933717e+01
-6.22	-2.311047160474889850e+01	4.363156159391414235e+01
-6.20	-2.295831799241494053e+01	4.321032365156290211e+01
-6.18	-2.294271320805118108e+01	4.304402431834599696e+01
-6.16	-2.297616330155798892e+01	4.297075259729597718e+01
-6.14	-2.299800691172417899e+01	4.288043081507249354e+01
-6.12	-2.303155743456774118e+01	4.282021276182950231e+01
-6.10	-2.305655077676602005e+01	4.275566356573244775e+01
-6.08	-2.309311809148561068e+01	4.272820363112816011e+01
-6.06	-2.310622532123473150e+01	4.267364326518323026e+01
-6.04	-2.316517222904537121e+01	4.272309798497413880e+01
-6.02	-2.317407537656088934e+01	4.270121182771261914e+01
-6.00	-2.360310771182415834e+01	4.347317559418478794e+01
-5.98	-2.387439752155372830e+01	4.397494328090685656e+01
-5.96	-2.389277797687978833e+01	4.403074496205825739e+01
-5.94	-2.410266844844582934e+01	4.445634375126145699e+01
-5.92	-2.409192645616020911e+01	4.448977878748699766e+01
-5.90	-2.427295706360883898e+01	4.488909793235262669e+01
-5.88	-2.427935901735204993e+01	4.497246967374766768e+01
-5.86	-2.425968613307530930e+01	4.501030404742765256e+01
-5.84	-2.449756404687683897e+01	4.552484601449145885e+01
-5.82	-2.450672618639475075e+01	4.560835077980384256e+01
-5.80	-2.487869148053399115e+01	4.635788323919494758e+01
-5.78	-2.573794777971234993e+01	4.800060554681130753e+01
-5.76	-2.576264119273583120e+01	4.806579399631387162e+01
-5.74	-2.596186558307304892e+01	4.843070991816077964e+01
-5.72	-2.599034140835073003e+01	4.844924362598280254e+01
-5.70	-2.616082464074170844e+01	4.870561518944943202e+01
-5.68	-2.622394595798111894e+01	4.873326806925656030e+01
-5.66	-2.629173841452861993e+01	4.874190409690078241e+01
-5.64	-2.648032457402790030e+01	4.894930259039315246e+01
-5.62	-2.657793780094446845e+01	4.896546722480373148e+01
-5.60	-2.676915253379094040e+01	4.913357881976425290e+01
-5.58	-2.688732481833497090e+01	4.915237213336647670e+01
-5.56	-2.696630622341135108e+01	4.908824918883143340e+01
-5.54	-2.701555058872884985e+01	4.896430315490283647e+01
-5.52	-2.709916996255767074e+01	4.890138165035079254e+01
-5.50	-2.714422448975851054e+01	4.877107546162295648e+01
-5.48	-2.721852068797432977e+01	4.869955668210633348e+01
-5.46	-2.729322093852882958e+01	4.863664006821260699e+01
-5.44	-2.730770949167348860e+01	4.847741900606744281e+01
-5.42	-2.736449326877020027e+01	4.840546594566747274e+01
-5.40	-2.734366917689223087e+01	4.820786566445939769e+01
-5.38	-2.724901071077022152e+01	4.789269056695697913e+01
-5.36	-2.729097113751182135e+01	4.782811728332597312e+01
-5.34	-2.731362994735292915e+01	4.773691742709782915e+01
-5.32	-2.736667028258894874e+01	4.770356289653420134e+01
-5.30	-2.740515156426630128e+01	4.764545111279768719e+01
-5.28	-2.744857340061874140e+01	4.759343064821233327e+01
-5.26	-2.749724527480395864e+01	4.754423645756804007e+01
-5.24	-2.754646524783100858e+01	4.748694728750170668e+01
-5.22	-2.761631908767541077e+01	4.745360953956129180e+01
-5.20	-2.764664762960061850e+01	4.733880470260925222e+01
-5.18	-2.769334804847060028e+01	4.723713038030037836e+01
-5.16	-2.778214695449749883e+01	4.719380800318120350e+01
-5.14	-2.785572626702895960e+01	4.711081124897844319e+01
-5.12	-2.796074735163524849e+01	4.706986787585439913e+01
-5.10	-2.806122791263896943e+01	4.701395951513608651e+01
-5.08	-2.813671728771879899e+01	4.691326254973066767e+01
-5.06	-2.825644746403790109e+01	4.688838382894844159e+01
-5.04	-2.832432191932988985e+01	4.678555473007663323e+01
-5.02	-2.841425385455260155e+01	4.673296911023921751e+01
-5.00	-2.835553488602685945e+01	4.645933823917565775e+01
-4.98	-2.839841209175677861e+01	4.637863648114957726e+01
-4.96	-2.846111919866239148e+01	4.636537772874375918e+01
-4.94	-2.848398913196852078e+01	4.632649482616808712e+01
-4.92	-2.849284067164478174e+01	4.630900118748004957e+01
-4.90	-2.847783855057899061e+01	4.630059225213408780e+01
-4.88	-2.844048038544016066e+01	4.630758685032355260e+01
-4.86	-2.836319362053578885e+01	4.629629107049454007e+01
-4.84	-2.827555533536940047e+01	4.631629027392632736e+01
-4.82	-2.815910157213604847e+01	4.633090738608738945e+01
-4.80	-2.819029739069749851e+01	4.662275534246016662e+01
-4.78	-2.811810193470649111e+01	4.677440995682199798e+01
-4.76	-2.795427298169894925e+01	4.679585106512884352e+01
-4.74	-2.783730150847247842e+01	4.691049798015333749e+01
-4.72	-2.766291912172309964e+01	4.693775189292073691e+01
-4.70	-2.748432990493973094e+01	4.696121631904374993e+01
-4.68	-2.733836490058473956e+01	4.703818103898557013e+01
-4.66	-2.716862359810293981e+01	4.706688622793011945e+01
-4.64	-2.703924500690983024e+01	4.715364965075956860e+01
-4.62	-2.688075408504980146e+01	4.717393007329577870e+01
-4.60	-2.673448259539581073e+01	4.719609517078207972e+01
-4.58	-2.654290758080491841e+01	4.711508620167158057e+01
-4.56	-2.640001022071808023e+01	4.709756785338299778e+01
-4.54	-2.621663485871365040e+01	4.698225616503353308e+01
-4.52	-2.610071880236305830e+01	4.696323370888608650e+01
-4.50	-2.599736002162797988e+01	4.694545258944273769e+01
-4.48	-2.584654823622937059e+01	4.682070129108829093e+01
-4.46	-2.575663687354817100e+01	4.678803060177492767e+01
-4.44	-2.559089181772638000e+01	4.660224799802811901e+01
-4.42	-2.551599303965137011e+01	4.656950777198841251e+01
-4.40	-2.529805927389494968e+01	4.626493566997992701e+01
-4.38	-2.477923418778696885e+01	4.540146350812902654e+01
-4.36	-2.469987845545320937e+01	4.533732714528400720e+01
-4.34	-2.450676102810042067e+01	4.506103194649220711e+01
-4.32	-2.443728607221120086e+01	4.501032681680779035e+01
-4.30	-2.425992727479845001e+01	4.475988428914016737e+01
-4.28	-2.419173397071322995e+01	4.471043846111147957e+01
-4.26	-2.413443367100067860e+01	4.468115649550806268e+01
-4.24	-2.392094161153652010e+01	4.436186913461762060e+01
-4.22	-2.385118413650394942e+01	4.430818908497376185e+01
-4.20	-2.358185147310969043e+01	4.388147954406846196e+01
-4.18	-2.296364809657767125e+01	4.280105673233010322e+01
-4.16	-2.288522812482441893e+01	4.272267682383583320e+01
-4.14	-2.268510480104772853e+01	4.241335669624771754e+01
-4.12	-2.263406369623064052e+01	4.237907890772339670e+01
-4.10	-2.246114890060635005e+01	4.211268396307315243e+01
-4.08	-2.240882824924210937e+01	4.206920282642361286e+01
-4.06	-2.236846512778872054e+01	4.204525386596868231e+01
-4.04	-2.219163766049761932e+01	4.176223216278374650e+01
-4.02	-2.214121592522684878e+01	4.171515288982106284e+01
-4.00	-2.193534435065053145e+01	4.137363192684434665e+01
-3.98	-2.156221340987054091e+01	4.071498842669029017e+01
-3.96	-2.152906325110992114e+01	4.069742455376798773e+01
-3.94	-2.145670473949541091e+01	4.060559858252990040e+01
-3.92	-2.144258135634389006e+01	4.062367409582606825e+01
-3.90	-2.139135973891218967e+01	4.057069033015532256e+01
-3.88	-2.138021948579931930e+01	4.059213063127143073e+01
-3.86	-2.137496541131287842e+01	4.062193330951763670e+01
-3.84	-2.134648381552475982e+01	4.060318089694270327e+01
-3.82	-2.134840499412355896e+01	4.063592686705513302e+01
-3.80	-2.136259863747086030e+01	4.068298793234333033e+01
-3.78	-2.146352845662791964e+01	4.088487251418366242e+01
-3.76	-2.149074752582004066e+01	4.093160848444028943e+01
-3.74	-2.156477042165751001e+01	4.105078772914750829e+01
-3.72	-2.161933122517821104e+01	4.111349459962274722e+01
-3.70	-2.168146759128952894e+01	4.116839810554304790e+01
-3.68	-2.178252378412352996e+01	4.127239341778159343e+01
-3.66	-2.186923940346812145e+01	4.132465255995513331e+01
-3.64	-2.201487842974507103e+01	4.146123441177888935e+01
-3.62	-2.213438267868271936e+01	4.152198994288580280e+01
-3.60	-2.231251583866080068e+01	4.166997382079620849e+01
-3.58	-2.261321458835038101e+01	4.202359704642042004e+01
-3.56	-2.277427926668433145e+01	4.209899162328993327e+01
-3.54	-2.299212764401510967e+01	4.226591261484976769e+01
-3.52	-2.315489044760305859e+01	4.232238310932564218e+01
-3.50	-2.332969914079999896e+01	4.239670899448962871e+01
-3.48	-2.357026524842902049e+01	4.259062340990300299e+01
-3.46	-2.373899521570217175e+01	4.265946701902888805e+01
-3.44	-2.399620032054266971e+01	4.289593089996598252e+01
-3.42	-2.416449596968087832e+01	4.298579641486048075e+01
-3.40	-2.450579270537058107e+01	4.339895533120026272e+01
-3.38	-2.531036387261909937e+01	4.464764377997119738e+01
-3.36	-2.549021643763173017e+01	4.481227358679230832e+01
-3.34	-2.586951171374871095e+01	4.535227042721980695e+01
-3.32	-2.600862852765109068e+01	4.549823005058072312e+01
-3.30	-2.615062521311890009e+01	4.567494905406761774e+01
-3.28	-2.647086132970456163e+01	4.619046242442266248e+01
-3.26	-2.656828311753890048e+01	4.634237907936306300e+01
-3.24	-2.693821484812616163e+01	4.699269622074113073e+01
-3.22	-2.703023774446084104e+01	4.717880752700433078e+01
-3.20	-2.751948011144108008e+01	4.807659498292928646e+01
-3.18	-2.866767185893549907e+01	5.014132794597301057e+01
-3.16	-2.875548934010442892e+01	5.036528445471593329e+01
-3.14	-2.906908938690722977e+01	5.099197693212904170e+01
-3.12	-2.909888734944900079e+01	5.112391131003529665e+01
-3.10	-2.915974874725985089e+01	5.130897163815213702e+01
-3.08	-2.940135163317511058e+01	5.180792949262276181e+01
-3.06	-2.944242735544118972e+01	5.194742042169421836e+01
-3.04	-2.969286024925071032e+01	5.244759422920365921e+01
-3.02	-2.975627972997305903e+01	5.260687543626858798e+01
-3.00	-3.036381188971610001e+01	5.371776909011835244e+01
-2.98	-3.051579353515161941e+01	5.401197007058939903e+01
-2.96	-3.053940425343730070e+01	5.406881876966689049e+01
-2.94	-3.061340473294121978e+01	5.420452923723843242e+01
-2.92	-3.064173495522059909e+01	5.424984435641211888e+01
-2.90	-3.068429147103729093e+01	5.431198914117093324e+01
-2.88	-3.070644956172980855e+01	5.433151977110347985e+01
-2.86	-3.073922180611236854e+01	5.436296658027635686e+01
-2.84	-3.075076539495412931e+01	5.435143753125066013e+01
-2.82	-3.077917660156768065e+01	5.436522500690355741e+01
-2.80	-3.072609842516665069e+01	5.423135362718966235e+01
-2.78	-3.038427157098276155e+01	5.358380563296788779e+01
-2.76	-3.038590066606492002e+01	5.353684940371218914e+01
-2.74	-3.026185327425083926e+01	5.326344550489478280e+01
-2.72	-3.027198904335203977e+01	5.321991038592729240e+01
-2.70	-3.016183569620417870e+01	5.295826921254820263e+01
-2.68	-3.017007487370220176e+01	5.289607244240451678e+01
-2.66	-3.019474803277694974e+01	5.285436091629640742e+01
-2.64	-3.004172056800303992e+01	5.249387622273798826e+01
-2.62	-3.005971579434008945e+01	5.242313067574269780e+01
-2.60	-2.981607881660128001e+01	5.189017797710663160e+01
-2.58	-2.907325506472628973e+01	5.048630424300157671e+01
-2.56	-2.907162159576117944e+01	5.036495858421783112e+01
-2.54	-2.888221195863286894e+01	4.991583846457371010e+01
-2.52	-2.891507994337547061e+01	4.985009839057450165e+01
-2.50	-2.876039408886909143e+01	4.946414902027601102e+01
-2.48	-2.876612289177305115e+01	4.936027462671908239e+01
-2.46	-2.878881515762562060e+01	4.929303277397531247e+01
-2.44	-2.858730880765461890e+01	4.885457743629891780e+01
-2.42	-2.857605630874627067e+01	4.875785075648384037e+01
-2.40	-2.826283953877653943e+01	4.816541085654004206e+01
-2.38	-2.756344625393722936e+01	4.693770860484521279e+01
-2.36	-2.752508552373570083e+01	4.685730184838264023e+01
-2.34	-2.733758109593885877e+01	4.654727448199737694e+01
-2.32	-2.729335724106048033e+01	4.650623347505487715e+01
-2.30	-2.722181685266041029e+01	4.644521705909762943e+01
-2.28	-2.704342749463537032e+01	4.622512777363053260e+01
-2.26	-2.695566984312102932e+01	4.618531431347105354e+01
-2.24	-2.674215691343016132e+01	4.595168435508185922e+01
-2.22	-2.662928821004591029e+01	4.590954318733545847e+01
-2.20	-2.638022840460962115e+01	4.564904942010620204e+01
-2.18	-2.600546310137103134e+01	4.518180865556170289e+01
-2.16	-2.588305260830469123e+01	4.516006102193612293e+01
-2.14	-2.571674596334414886e+01	4.506695345778705075e+01
-2.12	-2.560298063180256989e+01	4.506695045615718698e+01
-2.10	-2.545187682413131114e+01	4.499883982347733991e+01
-2.08	-2.533757297659860086e+01	4.498916057439119243e+01
-2.06	-2.523504026198327921e+01	4.499065739329496694e+01
-2.04	-2.510374612413781037e+01	4.492820585686588686e+01
-2.02	-2.501202768503247142e+01	4.492060313699681728e+01
-2.00	-2.485709260656214070e+01	4.471836884813833279e+01
-1.98	-2.460987368259023000e+01	4.430429969918957767e+01
-1.96	-2.442564440867068143e+01	4.395217090541447647e+01
-1.94	-2.424955746127356093e+01	4.357241794877005248e+01
-1.92	-2.409844512571737951e+01	4.321807374310336769e+01
-1.90	-2.395891707696171125e+01	4.286783559311000147e+01
-1.88	-2.382619050401176963e+01	4.251644294890545694e+01
-1.86	-2.370094094861753931e+01	4.216857558270074691e+01
-1.84	-2.358499719815527840e+01	4.182995967335256182e+01
-1.82	-2.347107655644046886e+01	4.149030131480355266e+01
-1.80	-2.346699916890727167e+01	4.134249007889145844e+01
-1.78	-2.343973383733926141e+01	4.115299718442307864e+01
-1.76	-2.333897167457340061e+01	4.083614871818051739e+01
-1.74	-2.330226044727771040e+01	4.063480999360920976e+01
-1.72	-2.319508391607130093e+01	4.031539187857635653e+01
-1.70	-2.308919903585285027e+01	4.000426408252492649e+01
-1.68	-2.304036088088519918e+01	3.979793906011923355e+01
-1.66	-2.292276472315851876e+01	3.947969171942214217e+01
-1.64	-2.289353419861382832e+01	3.931993806928355895e+01
-1.62	-2.277395012856054990e+01	3.901112099159079349e+01
-1.60	-2.278578980632401141e+01	3.893299535593659755e+01
-1.58	-2.302976599123697099e+01	3.925478296900126907e+01
-1.56	-2.290093455020002011e+01	3.894440259807377203e+01
-1.54	-2.284891052570912962e+01	3.876811299225766305e+01
-1.52	-2.269709426398328134e+01	3.842508028148230892e+01
-1.50	-2.261521123777320952e+01	3.820184609820434929e+01
-1.48	-2.246590633587891972e+01	3.786494561109321211e+01
-1.46	-2.230892068830195996e+01	3.751489232947084673e+01
-1.44	-2.221838236420319035e+01	3.727521832078807762e+01
-1.42	-2.206411954035176137e+01	3.692634937752038127e+01
-1.40	-2.198038080906162861e+01	3.669269229837348689e+01
-1.38	-2.191002063118304832e+01	3.647817952249786799e+01
-1.36	-2.173768343738015929e+01	3.609043387829129301e+01
-1.34	-2.156704720800761876e+01	3.570284986273394878e+01
-1.32	-2.139561199927253909e+01	3.531155328328046750e+01
-1.30	-2.121791044880029986e+01	3.490767184266545087e+01
-1.28	-2.104461988047404120e+01	3.450964100672057810e+01
-1.26	-2.087373675048717914e+01	3.411469350659953648e+01
-1.24	-2.068833733941560027e+01	3.369580664079001053e+01
-1.22	-2.051378433753486163e+01	3.329524052453881211e+01
-1.20	-2.028690894208786943e+01	3.281127678456238783e+01
-1.18	-2.011188871061249017e+01	3.241361020062169018e+01
-1.16	-1.994332222843573987e+01	3.202890344709418713e+01
-1.14	-1.978103512342028125e+01	3.165732021106229865e+01
-1.12	-1.960816675185466096e+01	3.127250857198550094e+01
-1.10	-1.943432124088543844e+01	3.089040663987852042e+01
-1.08	-1.927919004117854840e+01	3.054229897541798877e+01
-1.06	-1.909933945740084127e+01	3.015982732239838171e+01
-1.04	-1.895381388330102013e+01	2.983609283064561879e+01
-1.02	-1.877657013147934961e+01	2.946696591287668099e+01
-1.00	-1.880871922509761163e+01	2.943037261243496161e+01
-0.98	-1.873027702402798056e+01	2.922364420841092070e+01
-0.96	-1.854455210885022964e+01	2.885312021976836050e+01
-0.94	-1.842693592470562081e+01	2.859235560786234842e+01
-0.92	-1.822901962316812075e+01	2.821026172217153061e+01
-0.90	-1.808839793124407080e+01	2.791977944255869915e+01
-0.88	-1.788624906664214009e+01	2.753711716698839851e+01
-0.86	-1.767720992523560142e+01	2.714644293669343966e+01
-0.84	-1.753007757983403891e+01	2.685300092230885127e+01
-0.82	-1.731962933031396901e+01	2.646452580654052156e+01
-0.80	-1.726572094594708062e+01	2.631664057350005947e+01
-0.78	-1.706524967586835118e+01	2.594660927233356063e+01
-0.76	-1.682666752439218882e+01	2.552050884382535045e+01
-0.74	-1.659154841158635918e+01	2.510160632528110014e+01
-0.72	-1.634455962335563939e+01	2.466670304607864850e+01
-0.70	-1.609828069500440151e+01	2.423472813001312076e+01
-0.68	-1.584275414917322955e+01	2.379082626017401836e+01
-0.66	-1.559090622167227913e+01	2.335451335431170961e+01
-0.64	-1.531999562548067040e+01	2.289175192405346948e+01
-0.62	-1.506343557658946963e+01	2.245253588691322832e+01
-0.60	-1.477124114269247990e+01	2.196257284357617934e+01
-0.58	-1.439346887420449050e+01	2.134799845518388040e+01
-0.56	-1.413132494784112936e+01	2.090753821650791977e+01
-0.54	-1.384042349029923002e+01	2.042689010121856086e+01
-0.52	-1.358337147535278966e+01	1.999849988520670863e+01
-0.50	-1.332106262370045080e+01	1.956463496434212956e+01
-0.48	-1.303771822375560951e+01	1.910227577883415861e+01
-0.46	-1.277715497912797993e+01	1.867559006645690900e+01
-0.44	-1.249171939326527081e+01	1.821495518146593895e+01
-0.42	-1.222823687083796962e+01	1.778871481212232908e+01
-0.40	-1.189071026927578068e+01	1.725729347208996955e+01
-0.38	-1.160439453126777920e+01	1.680274808852876944e+01
-0.36	-1.134565771783633004e+01	1.639041068486442043e+01
-0.34	-1.106833399353486058e+01	1.595340266777500027e+01
-0.32	-1.081050360928112930e+01	1.554664942157165086e+01
-0.30	-1.054953210065271030e+01	1.513741733039499060e+01
-0.28	-1.027532854469444068e+01	1.471125029795222083e+01
-0.26	-1.001531062559599050e+01	1.430739461745040053e+01
-0.24	-9.737572546153284492e+00	1.388014590933089920e+01
-0.22	-9.474803227699160502e+00	1.347614303792090062e+01
-0.20	-9.145748468516355700e+00	1.297979963718490914e+01
-0.18	-8.861938689131726221e+00	1.254964853287602011e+01
-0.16	-8.607967244536590457e+00	1.216352342939162945e+01
-0.14	-8.338836845034636625e+00	1.175764619439233982e+01
-0.12	-8.088137065653446811e+00	1.137946379728296975e+01
-0.10	-7.825964765841679771e+00	1.098727152482251945e+01
-0.08	-7.575336793567850613e+00	1.061359445916525068e+01
-0.06	-7.321882777220539928e+00	1.024040734185451917e+01
-0.04	-7.205755534208940993e+00	1.006856248141333943e+01
-0.02	-7.418699924635372867e+00	1.036312994726474024e+01
-0.00	-7.170245798041936069e+00	1.000000000000001066e+01
