-24.00	-2.172116009043021023e+01	4.999999999999999289e+01
-23.00	-2.201514196130948164e+01	5.000823294682653142e+01
-22.00	-2.238685180961124033e+01	4.997769045292469769e+01
-21.00	-2.280133822439065838e+01	5.003212038316694077e+01
-20.00	-2.307448085512768898e+01	4.968460034033451933e+01
-19.00	-2.400651540231838865e+01	5.086593750738636999e+01
-18.00	-2.390275181719356112e+01	4.954391745758157128e+01
-17.00	-2.538382169228574980e+01	5.178093131893295720e+01
-16.98	-2.545249360893545898e+01	5.190771363327269228e+01
-16.96	-2.547265243936470824e+01	5.193853719514333989e+01
-16.94	-2.552135693208908052e+01	5.202647275587978726e+01
-16.92	-2.553809538582125072e+01	5.205269650264038717e+01
-16.90	-2.557569784881599873e+01	5.212565738421528039e+01
-16.88	-2.559042317288911050e+01	5.215552154754171710e+01
-16.86	-2.560111694947597982e+01	5.218064619213411959e+01
-16.84	-2.563573574475671890e+01	5.225736551054026791e+01
-16.82	-2.564663935935373118e+01	5.228783367421338824e+01
-16.80	-2.572511629835453917e+01	5.245789947617200255e+01
-16.78	-2.574501677454465920e+01	5.250904003922833851e+01
-16.76	-2.574818600917972944e+01	5.252595015577856685e+01
-16.74	-2.575357271797889069e+01	5.254648806387267967e+01
-16.72	-2.575559717614935096e+01	5.255834264879990059e+01
-16.70	-2.575374494593438968e+01	5.255988409515804705e+01
-16.68	-2.575566251698050024e+01	5.256549228204256252e+01
-16.66	-2.576121131391471053e+01	5.257451601445063716e+01
-16.64	-2.574746786502662133e+01	5.253927479505485110e+01
-16.62	-2.575346036972004882e+01	5.253888973970789777e+01
-16.60	-2.571089202097164161e+01	5.243321422123837294e+01
-16.58	-2.549099589537810928e+01	5.195932343040715296e+01
-16.56	-2.548233670046602839e+01	5.191022390245397844e+01
-16.54	-2.539807841889426854e+01	5.170029221641092931e+01
-16.52	-2.540165886569819875e+01	5.166301319422188953e+01
-16.50	-2.540069645043346824e+01	5.160950099327411777e+01
-16.48	-2.532379947777284102e+01	5.139516985618514155e+01
-16.46	-2.533281070739383978e+01	5.134944619570112678e+01
-16.44	-2.523286991100541954e+01	5.107664759341525240e+01
-16.42	-2.523730183064856902e+01	5.101024827249614191e+01
-16.40	-2.507932306160411073e+01	5.061058493988212348e+01
-16.38	-2.466602369170437115e+01	4.969160224805612813e+01
-16.36	-2.466870094952178860e+01	4.961024129388582082e+01
-16.34	-2.458412936774146118e+01	4.934996219332486334e+01
-16.32	-2.460456764999218038e+01	4.929836868371774727e+01
-16.30	-2.455055126962133016e+01	4.909499836425845842e+01
-16.28	-2.456887808519025995e+01	4.903490246020250254e+01
-16.26	-2.459512754771764875e+01	4.898884300142292858e+01
-16.24	-2.454729309492324063e+01	4.879377640745231304e+01
-16.22	-2.456975929707526163e+01	4.873789964058701685e+01
-16.20	-2.443534235781183028e+01	4.836969228069101234e+01
-16.18	-2.445187686508437963e+01	4.830084226554524207e+01
-16.16	-2.449727947637842007e+01	4.828828140058716656e+01
-16.14	-2.454014228476534143e+01	4.826965891520418239e+01
-16.12	-2.458941099204448122e+01	4.826253543126716039e+01
-16.10	-2.463900167291165033e+01	4.825484302031946271e+01
-16.08	-2.469625469128791906e+01	4.826060271620512765e+01
-16.06	-2.474896495713493039e+01	4.825588268998748021e+01
-16.04	-2.481564884571153939e+01	4.827659621302404958e+01
-16.02	-2.487258262918897955e+01	4.827621866679049134e+01
-16.00	-2.495180521307647936e+01	4.831694453238196019e+01
-15.98	-2.505103607999690141e+01	4.839400224570771769e+01
-15.96	-2.510951718022423051e+01	4.838950797856197994e+01
-15.94	-2.516987120278674084e+01	4.838630526276030253e+01
-15.92	-2.522832768243603141e+01	4.837719258914209775e+01
-15.90	-2.528808616131505005e+01	4.836835983052105092e+01
-15.88	-2.534340362384791945e+01	4.834915920436873193e+01
-15.86	-2.540383306810398878e+01	4.833808978214611329e+01
-15.84	-2.545316959901380827e+01	4.830459521524365840e+01
-15.82	-2.551143846113880898e+01	4.828728164944070755e+01
-15.80	-2.550482261565899123e+01	4.814673659094555092e+01
-15.78	-2.553524177176007015e+01	4.807685672848881353e+01
-15.76	-2.559197546361496833e+01	4.805741917182061229e+01
-15.74	-2.563340531615476081e+01	4.801040242027725213e+01
-15.72	-2.569076661819536866e+01	4.799511735696093950e+01
-15.70	-2.574548391703681105e+01	4.797711050753130735e+01
-15.68	-2.579209958839003036e+01	4.794664668748079350e+01
-15.66	-2.584558065129452942e+01	4.793230422345401820e+01
-15.64	-2.589420546924166899e+01	4.791248302186124164e+01
-15.62	-2.594520680289206993e+01	4.790095826804449786e+01
-15.60	-2.600286465115241086e+01	4.790617452759104822e+01
-15.58	-2.613478132891876982e+01	4.805259565338742789e+01
-15.56	-2.619244147791780009e+01	4.806649025509815232e+01
-15.54	-2.628380937224448033e+01	4.814713206111822075e+01
-15.52	-2.633571393144855932e+01	4.816007433528623238e+01
-15.50	-2.642465160064476137e+01	4.824561165406297647e+01
-15.48	-2.647713534946383973e+01	4.826978685687880244e+01
-15.46	-2.652163689121611867e+01	4.828419558285673219e+01
-15.44	-2.662507877784630850e+01	4.841137074240113236e+01
-15.42	-2.667121607695721153e+01	4.843928989690223119e+01
-15.40	-2.681340248924146152e+01	4.864731133365057758e+01
-15.38	-2.716338654802286001e+01	4.923807164971832862e+01
-15.36	-2.721745968336292876e+01	4.929615004867832084e+01
-15.34	-2.735369751520602932e+01	4.950897750350760163e+01
-15.32	-2.739185832723364911e+01	4.954944962939305952e+01
-15.30	-2.743523318912640008e+01	4.960575232751416763e+01
-15.28	-2.755348399795711956e+01	4.980379842557759673e+01
-15.26	-2.758443561954992163e+01	4.985004665084225906e+01
-15.24	-2.771816868156802016e+01	5.008922502183222747e+01
-15.22	-2.775574766493717860e+01	5.016080584423340838e+01
-15.20	-2.817456991275470912e+01	5.093014412012489345e+01
-15.18	-2.834012950889448845e+01	5.124781673015321104e+01
-15.16	-2.836043318827123016e+01	5.130827468679637349e+01
-15.14	-2.846366750725105987e+01	5.152584692548897749e+01
-15.12	-2.846927480826884960e+01	5.157246366367935053e+01
-15.10	-2.854099722243631021e+01	5.174499463130066346e+01
-15.08	-2.854458413149941975e+01	5.179895179388380200e+01
-15.06	-2.853901352164091065e+01	5.184112275899929756e+01
-15.04	-2.859993338373017835e+01	5.200864349213833293e+01
-15.02	-2.859305615389126132e+01	5.205607290642453933e+01
-15.00	-2.865398626621045963e+01	5.223044221130810172e+01
-14.98	-2.871198097860342102e+01	5.240171883050363277e+01
-14.96	-2.868134777259988866e+01	5.241222526318453845e+01
-14.94	-2.863945223244184035e+01	5.240272876047554007e+01
-14.92	-2.860315195827537949e+01	5.240357605281020881e+01
-14.90	-2.854819744371571133e+01	5.236976690619712116e+01
-14.88	-2.850739544246825119e+01	5.236116954515667743e+01
-14.86	-2.847052416690180010e+01	5.235883868135311303e+01
-14.84	-2.839367001857711870e+01	5.228137919183455296e+01
-14.82	-2.834893867148687008e+01	5.226184297856204353e+01
-14.80	-2.810915076160510040e+01	5.187956710531287285e+01
-14.78	-2.797775955449143126e+01	5.169624061978019114e+01
-14.76	-2.793039578798192935e+01	5.166754727907184730e+01
-14.74	-2.782705174760668143e+01	5.153383632071132325e+01
-14.72	-2.778549553914665893e+01	5.151399516611490270e+01
-14.70	-2.773892818444637953e+01	5.148387550490760844e+01
-14.68	-2.764899020825714970e+01	5.137182290551397301e+01
-14.66	-2.760807937464955941e+01	5.134989066129809743e+01
-14.64	-2.751213136480716059e+01	5.122333665815938275e+01
-14.62	-2.747017154016047158e+01	5.119533120324084052e+01
-14.60	-2.735570446244895138e+01	5.102841331482247256e+01
-14.58	-2.712993641149812873e+01	5.064832885362861248e+01
-14.56	-2.709102444624540951e+01	5.061372924223911696e+01
-14.54	-2.700654969531018068e+01	5.048721475207845799e+01
-14.52	-2.697980074072592060e+01	5.046122765693152701e+01
-14.50	-2.690898338884959173e+01	5.034330797300359706e+01
-14.48	-2.688653452657057841e+01	5.030557538721347299e+01
-14.46	-2.687690567747361925e+01	5.027923358197598702e+01
-14.44	-2.680527712419830166e+01	5.012260494574434233e+01
-14.42	-2.679913368641167892e+01	5.007387101841243293e+01
-14.40	-2.651072248986374902e+01	4.947782823491211701e+01
-14.38	-2.639222950956103020e+01	4.918484390694371911e+01
-14.36	-2.640781431610455954e+01	4.912546207409347687e+01
-14.34	-2.634514170731981864e+01	4.890179388880758893e+01
-14.32	-2.638697061855823023e+01	4.885532596143625739e+01
-14.30	-2.642985930406619843e+01	4.879278228672139051e+01
-14.28	-2.641256738201609977e+01	4.860015908932167150e+01
-14.26	-2.648092262697597121e+01	4.855024387717630674e+01
-14.24	-2.647036616041408053e+01	4.833869214749834953e+01
-14.22	-2.654832986370864134e+01	4.827504928910923354e+01
-14.20	-2.640319060705898124e+01	4.779154490612131667e+01
-14.18	-2.647290699829346039e+01	4.768936157307209101e+01
-14.16	-2.659702282963785080e+01	4.767522214306371353e+01
-14.14	-2.672709716120690970e+01	4.766201976953755803e+01
-14.12	-2.686921445821054988e+01	4.766113468603680303e+01
-14.10	-2.703671837685816826e+01	4.769648111352921660e+01
-14.08	-2.719793298700103890e+01	4.771146603547988718e+01
-14.06	-2.735955938362237916e+01	4.771729489663510293e+01
-14.04	-2.759351611224685996e+01	4.783759497920838299e+01
-14.02	-2.778368164923652017e+01	4.786511724214106067e+01
-14.00	-2.812503348831683070e+01	4.813023737467118224e+01
-13.98	-2.887838441799878098e+01	4.906140562509889236e+01
-13.96	-2.917561335978261994e+01	4.916105480838788822e+01
-13.94	-2.962239408557886122e+01	4.952720258213732052e+01
-13.92	-2.968032114822603873e+01	4.959892885486033975e+01
-13.90	-2.943940469448592978e+01	4.969781497307256757e+01
-13.88	-2.941224278279592141e+01	5.004097805678677702e+01
-13.86	-2.941250295495932932e+01	5.012235363376286301e+01
-13.84	-2.968605132144073977e+01	5.053273331033162918e+01
-13.82	-2.981775733745240942e+01	5.065524937298482655e+01
-13.80	-3.062532451492671015e+01	5.192050902559154935e+01
-13.78	-3.098475097281410839e+01	5.241837897519744160e+01
-13.76	-3.110577583208267072e+01	5.251142925839766917e+01
-13.74	-3.136589647395097913e+01	5.284313025663944785e+01
-13.72	-3.146861551465952900e+01	5.290962326378620162e+01
-13.70	-3.158372164197798071e+01	5.299947507678309933e+01
-13.68	-3.179211054711640827e+01	5.324882657865592250e+01
-13.66	-3.189142245307490953e+01	5.331591315264998343e+01
-13.64	-3.209720663329598267e+01	5.356399038081716668e+01
-13.62	-3.219653730807799263e+01	5.363442075064246239e+01
-13.60	-3.240791824601691928e+01	5.389395465946679309e+01
-13.58	-3.262647746552549677e+01	5.416557218701966292e+01
-13.56	-3.269288169581461290e+01	5.418297118666504986e+01
-13.54	-3.274279214408579719e+01	5.417314420299486244e+01
-13.52	-3.279926716747453241e+01	5.417426625459479084e+01
-13.50	-3.282333945904302652e+01	5.412102532626308715e+01
-13.48	-3.287030510242693992e+01	5.410503969337892727e+01
-13.46	-3.292470066593330813e+01	5.410005292147675959e+01
-13.44	-3.289882722354246880e+01	5.396045615015209762e+01
-13.42	-3.293382642621494938e+01	5.391981681568670126e+01
-13.40	-3.248701403486084871e+01	5.308245376429972850e+01
-13.38	-3.224409715715893299e+01	5.258094109923354864e+01
-13.36	-3.224613820447559220e+01	5.248262693033362325e+01
-13.34	-3.204818201728787130e+01	5.205497430550772719e+01
-13.32	-3.206054897636653322e+01	5.197265712706293783e+01
-13.30	-3.205320403167156229e+01	5.185822640333422839e+01
-13.28	-3.185699551284731967e+01	5.143698278496088250e+01
-13.26	-3.185812256381316843e+01	5.134037195370918738e+01
-13.24	-3.159227637331568062e+01	5.081224014243539955e+01
-13.22	-3.156584790828683040e+01	5.067811058870651664e+01
-13.20	-3.114281417318543888e+01	4.990519331521048230e+01
-13.18	-3.004096023535532112e+01	4.804074446548119681e+01
-13.16	-2.997252660186981998e+01	4.786058077930749732e+01
-13.14	-2.964702630449276910e+01	4.727307749756936772e+01
-13.12	-2.960167548968696138e+01	4.714775852732680050e+01
-13.10	-2.932163740951160946e+01	4.665278259027923013e+01
-13.08	-2.924526518424345056e+01	4.649676663929211173e+01
-13.06	-2.918721438875664020e+01	4.637948768091195006e+01
-13.04	-2.885948712638419877e+01	4.583770785038331752e+01
-13.02	-2.876998185974652955e+01	4.569058808140925265e+01
-13.00	-2.834862733922399158e+01	4.501573098837486242e+01
-12.98	-2.757031479705187849e+01	4.377463256402410963e+01
-12.96	-2.748407272252611122e+01	4.366060296255532336e+01
-12.94	-2.727830058998479856e+01	4.336128367606963252e+01
-12.92	-2.721105578703254935e+01	4.329353809923149754e+01
-12.90	-2.712718605632937141e+01	4.320595792870361862e+01
-12.88	-2.697253854242523019e+01	4.300838323393860918e+01
-12.86	-2.689722303647106116e+01	4.294404310710245198e+01
-12.84	-2.675789792019816105e+01	4.277786588160344650e+01
-12.82	-2.668464586538366135e+01	4.272104589823158705e+01
-12.80	-2.660655013127001922e+01	4.265691838757342680e+01
-12.78	-2.664969619408045176e+01	4.279189614455580681e+01
-12.76	-2.662384925989962170e+01	4.281267972736470995e+01
-12.74	-2.669277819603096091e+01	4.298874046023740192e+01
-12.72	-2.667231874950210013e+01	4.301631115249058723e+01
-12.70	-2.676156576502120998e+01	4.322375914389738227e+01
-12.68	-2.676146618033768121e+01	4.328318089560995929e+01
-12.66	-2.674721769439722863e+01	4.331663544603492255e+01
-12.64	-2.691758430476496855e+01	4.365493182627510294e+01
-12.62	-2.693026845734411978e+01	4.372809512780565200e+01
-12.60	-2.724851596949752874e+01	4.431468415250971304e+01
-12.58	-2.827570740782629954e+01	4.607955254323287164e+01
-12.56	-2.835271752697423864e+01	4.625337218487567270e+01
-12.54	-2.871784543468633899e+01	4.690164442287147040e+01
-12.52	-2.880055293191986010e+01	4.703121129913964893e+01
-12.50	-2.929957589230624038e+01	4.762004670792573791e+01
-12.48	-3.012551267706276903e+01	4.779918927303069864e+01
-12.46	-3.119762144152965888e+01	4.792541875639191318e+01
-12.44	-3.150977851732952928e+01	4.864301794381223942e+01
-12.42	-3.114930944563012005e+01	4.885177955875924738e+01
-12.40	-3.221728210948185733e+01	5.109890835118447683e+01
-12.38	-3.256626771649646912e+01	5.198558314328992225e+01
-12.36	-3.256383703675849262e+01	5.214348178907042097e+01
-12.34	-3.287254399030899066e+01	5.273244655418680793e+01
-12.32	-3.294130759128851338e+01	5.284216151377746939e+01
-12.30	-3.307482293168124698e+01	5.299412468960719735e+01
-12.28	-3.341718609456979294e+01	5.343491309924756649e+01
-12.26	-3.360555970663882874e+01	5.354551057566865779e+01
-12.24	-3.403189659498922737e+01	5.398628967495608322e+01
-12.22	-3.432075979360916307e+01	5.410341204791836844e+01
-12.20	-3.488526113342990698e+01	5.457640955953028339e+01
-12.18	-3.564378050013670673e+01	5.520675033455997038e+01
-12.16	-3.622075640298530885e+01	5.525571139470577720e+01
-12.14	-3.714488254122270661e+01	5.534874078052464341e+01
-12.12	-3.901356894302018219e+01	5.537429386248791019e+01
-12.10	-4.218979153476819732e+01	5.542170286137722002e+01
-12.08	-3.600205044196526671e+01	5.544267924392285352e+01
-12.06	-3.327370883973444649e+01	5.546372925851044045e+01
-12.04	-3.325017662373778649e+01	5.547895163323442347e+01
-12.02	-3.324188042502213136e+01	5.549373138095465663e+01
-12.00	-3.319695006589736863e+01	5.544599385156094229e+01
-11.98	-3.317277799342718936e+01	5.543180379522385692e+01
-11.96	-3.315750981929671326e+01	5.543177104669921818e+01
-11.94	-3.314557888107079009e+01	5.543719691139757799e+01
-11.92	-3.313216604230750306e+01	5.544000190495295044e+01
-11.90	-3.312655246614421856e+01	5.545569410791733844e+01
-11.88	-3.311558638453831094e+01	5.546199694498159261e+01
-11.86	-3.310356034421622695e+01	5.546597403482635968e+01
-11.84	-3.310828911634612126e+01	5.549709171359138082e+01
-11.82	-3.310076872637694123e+01	5.550607975595769972e+01
-11.80	-3.314597302792427058e+01	5.560188398005382027e+01
-11.78	-3.313817191336281098e+01	5.560580533184659657e+01
-11.76	-3.312637794471432784e+01	5.559961148940467979e+01
-11.74	-3.310274248375876027e+01	5.556954174599149354e+01
-11.72	-3.309233480883759171e+01	5.555728132528894037e+01
-11.70	-3.306011164377643752e+01	5.550311977155220688e+01
-11.68	-3.304812885774047970e+01	5.547925477190496224e+01
-11.66	-3.304261719680845033e+01	5.546332706179705241e+01
-11.64	-3.297826238677677679e+01	5.535057232627303136e+01
-11.62	-3.294945249090268646e+01	5.530971230658118287e+01
-11.60	-3.256025081266540155e+01	5.469384106135181867e+01
-11.58	-3.227388730960616670e+01	5.432285526575866186e+01
-11.56	-3.207464514938180145e+01	5.424484678214849254e+01
-11.54	-3.160307193350438837e+01	5.393220522642094750e+01
-11.52	-3.113250195448890167e+01	5.386308514595000219e+01
-11.50	-3.045713976361540887e+01	5.356940095976194272e+01
-11.48	-2.988371331417416954e+01	5.347495185596586964e+01
-11.46	-2.934453162818686067e+01	5.340749818160004736e+01
-11.44	-2.868147352376788106e+01	5.303618801964338303e+01
-11.42	-2.819340349329938888e+01	5.292281574699514124e+01
-11.40	-2.715475891878055137e+01	5.164128749509914940e+01
-11.38	-2.651883267024662061e+01	5.105443216832029663e+01
-11.36	-2.615849177376382073e+01	5.094256500556698342e+01
-11.34	-2.567328476421079131e+01	5.050098932138646290e+01
-11.32	-2.539673096608170866e+01	5.040928999530463273e+01
-11.30	-2.501259074350767975e+01	5.002158050969231340e+01
-11.28	-2.479392949735071028e+01	4.990182369524777073e+01
-11.26	-2.462422814890452116e+01	4.981552808170901869e+01
-11.24	-2.431098751776563915e+01	4.935668833408784195e+01
-11.22	-2.418404368024642892e+01	4.921993484558969811e+01
-11.20	-2.345600075346947833e+01	4.774718875495523207e+01
-11.18	-2.315988091443945862e+01	4.711771108094281146e+01
-11.16	-2.313561079933550957e+01	4.700277569057457328e+01
-11.14	-2.298246900355168165e+01	4.655523041149569252e+01
-11.12	-2.302831835043438957e+01	4.646662643046722252e+01
-11.10	-2.296825011660488869e+01	4.609589859379843801e+01
-11.08	-2.306153767909975016e+01	4.598694257011477049e+01
-11.06	-2.319760948858705873e+01	4.590706913050504312e+01
-11.04	-2.320644689180479148e+01	4.551062491892803763e+01
-11.02	-2.338053594865640861e+01	4.539892928277595274e+01
-11.00	-2.312848680139316926e+01	4.438459884869234173e+01
-10.98	-2.324601352265225884e+01	4.407226798362810882e+01
-10.96	-2.351739557590860841e+01	4.402657010139341764e+01
-10.94	-2.374820532445253107e+01	4.386147193601036776e+01
-10.92	-2.407284991394750051e+01	4.383621010099184190e+01
-10.90	-2.438163962309612032e+01	4.373800986242944333e+01
-10.88	-2.475283367306681015e+01	4.371694003722844712e+01
-10.86	-2.513470553046791878e+01	4.369957506350223042e+01
-10.84	-2.547134350490625110e+01	4.365123337390843261e+01
-10.82	-2.574886692606360938e+01	4.364138322697905181e+01
-10.80	-2.593301750685008145e+01	4.365164952436340684e+01
-10.78	-2.617184884308003134e+01	4.389580040345394707e+01
-10.76	-2.623455007459531885e+01	4.392790894478500974e+01
-10.74	-2.632440015034626057e+01	4.405084183911282736e+01
-10.72	-2.634309555640189160e+01	4.407526752215937904e+01
-10.70	-2.636236952219836027e+01	4.410885591920929016e+01
-10.68	-2.643125162254995075e+01	4.422726310067106681e+01
-10.66	-2.644703262650464026e+01	4.425467499659868054e+01
-10.64	-2.653325156459088063e+01	4.439694378013034282e+01
-10.62	-2.655849093167941888e+01	4.443246383014424339e+01
-10.60	-2.668083975863936885e+01	4.462734936530276286e+01
-10.58	-2.694670987014294994e+01	4.505932254730043951e+01
-10.56	-2.697985442838450965e+01	4.509689904041704267e+01
-10.54	-2.706884403594802890e+01	4.522545278149525672e+01
-10.52	-2.709635262383901022e+01	4.524844111596708274e+01
-10.50	-2.713070858861100021e+01	4.528091933946682701e+01
-10.48	-2.721211092461249947e+01	4.539068286867453850e+01
-10.46	-2.724364805002899104e+01	4.541551403278865706e+01
-10.44	-2.733801705914617131e+01	4.554509335317531082e+01
-10.42	-2.737385765947745142e+01	4.557709190958062351e+01
-10.40	-2.750058428234441976e+01	4.576281575859592721e+01
-10.38	-2.780680950546040009e+01	4.625203932615230684e+01
-10.36	-2.784506699296760956e+01	4.630167731558975674e+01
-10.34	-2.814945256632514159e+01	4.648083128514438300e+01
-10.32	-3.336298631702000250e+01	4.651591631493234757e+01
-10.30	-3.794925269723665906e+01	4.656425082535105275e+01
-10.28	-3.450183826919693786e+01	4.673608714903335226e+01
-10.26	-3.309041448935595753e+01	4.677604181436068131e+01
-10.24	-3.263767572100861258e+01	4.699287920419745035e+01
-10.22	-3.236589791292566076e+01	4.704787322708578756e+01
-10.20	-3.239919424458680908e+01	4.737721119806405312e+01
-10.18	-3.286286102369726336e+01	4.828819703588396806e+01
-10.16	-3.284402185463336821e+01	4.838371504503251685e+01
-10.14	-3.297713031276656892e+01	4.872716744843320669e+01
-10.12	-3.291940836758937650e+01	4.879598624859487188e+01
-10.10	-3.285353776453302999e+01	4.889018024851728228e+01
-10.08	-3.292105225199644281e+01	4.922335294956447882e+01
-10.06	-3.283080078826628778e+01	4.930192376504417950e+01
-10.04	-3.295810910376089709e+01	4.972392827279538352e+01
-10.02	-3.291794762858693701e+01	4.983227506296878317e+01
-10.00	-3.322617813061965819e+01	5.047210910414967344e+01
-9.98	-3.422862373553314796e+01	5.218226999744371142e+01
-9.96	-3.438263889170571730e+01	5.235411592067506348e+01
-9.94	-3.489073666701251142e+01	5.295381332516181772e+01
-9.92	-3.524361387044383775e+01	5.307837780806580241e+01
-9.90	-3.600241365103624247e+01	5.361102187017460352e+01
-9.88	-3.662238981728887666e+01	5.377450190906691319e+01
-9.86	-3.718398945897313013e+01	5.389205730094047198e+01
-9.84	-3.806386023983485245e+01	5.451969064601716042e+01
-9.82	-3.847997987041468804e+01	5.469114521829879294e+01
-9.80	-3.946604327735219186e+01	5.607862330320042332e+01
-9.78	-4.079274498681129302e+01	5.730510778762239710e+01
-9.76	-3.972573979350485018e+01	5.743521197922520116e+01
-9.74	-3.928389060922128806e+01	5.788830333788850169e+01
-9.72	-3.897471591868674068e+01	5.796305921086536728e+01
-9.70	-3.882391929669501707e+01	5.807067296249765320e+01
-9.68	-3.889377126143987340e+01	5.838600408522624008e+01
-9.66	-3.887332125023628748e+01	5.845137807368831062e+01
-9.64	-3.902630970432122126e+01	5.873284385793014195e+01
-9.62	-3.909999167635236716e+01	5.880135956937316877e+01
-9.60	-3.939554923867068226e+01	5.915076218073492242e+01
-9.58	-3.951113839793754323e+01	5.907690193913298771e+01
-9.56	-3.979598969625214266e+01	5.904402131838907053e+01
-9.54	-4.040144107227610704e+01	5.889844413330796158e+01
-9.52	-4.176263732392700945e+01	5.886043322754856888e+01
-9.50	-3.863277826695352246e+01	5.881147130161822645e+01
-9.48	-3.735512839791589101e+01	5.861351747738557094e+01
-9.46	-3.724635218721105900e+01	5.856508167061971903e+01
-9.44	-3.701402134212124651e+01	5.828227369943026304e+01
-9.42	-3.688592507185084912e+01	5.819133904124085177e+01
-9.40	-3.608565225510542263e+01	5.703990424761752109e+01
-9.38	-3.564097042692724671e+01	5.646873390833751216e+01
-9.36	-3.547721317554731257e+01	5.635813690148067678e+01
-9.34	-3.510391209020460934e+01	5.591681716783386236e+01
-9.32	-3.494658400431060130e+01	5.583120625778281720e+01
-9.30	-3.476499827117101660e+01	5.571324828419466257e+01
-9.28	-3.440804642794640245e+01	5.531501493758290877e+01
-9.26	-3.423535980312254878e+01	5.522118415429056881e+01
-9.24	-3.382808081926434340e+01	5.474427453447839298e+01
-9.22	-3.362562192756566049e+01	5.460106990050068276e+01
-9.20	-3.253375797127846170e+01	5.298415723662581200e+01
-9.18	-3.197713772163196921e+01	5.223583690000654656e+01
-9.16	-3.179425484882291997e+01	5.209268890917665829e+01
-9.14	-3.136348098391015071e+01	5.152041921689946236e+01
-9.12	-3.122292940427438168e+01	5.140985252092942659e+01
-9.10	-3.107021011524446052e+01	5.125735438219943774e+01
-9.08	-3.071790310963523041e+01	5.074294661821934938e+01
-9.06	-3.061749125924421122e+01	5.062191295164240756e+01
-9.04	-3.024140778819170094e+01	5.000887959137146765e+01
-9.02	-3.015737280156023914e+01	4.985340506256231663e+01
-9.00	-2.967286266403937844e+01	4.899564468092744107e+01
-8.98	-2.850107358708300964e+01	4.696391925314784288e+01
-8.96	-2.846999069272527905e+01	4.680778928285751306e+01
-8.94	-2.817899371264913100e+01	4.619308533914239945e+01
-8.92	-2.820017778274002040e+01	4.607248467845886353e+01
-8.90	-2.799794895481149126e+01	4.555984131164890272e+01
-8.88	-2.802684244515895884e+01	4.540945516058967968e+01
-8.86	-2.809096649542777868e+01	4.530028249644819027e+01
-8.84	-2.788546359796193030e+01	4.474104701745827128e+01
-8.82	-2.794246476923936129e+01	4.460227565070999844e+01
-8.80	-2.764578018696136041e+01	4.389508700596515212e+01
-8.78	-2.691561266988972889e+01	4.250869792141376280e+01
-8.76	-2.697442431816442010e+01	4.239951871238198322e+01
-8.74	-2.692455392887287857e+01	4.205212956652820111e+01
-8.72	-2.780417669103547951e+01	4.199067737404263312e+01
-8.70	-2.960158104214592001e+01	4.173062136386104015e+01
-8.68	-2.856447926745471833e+01	4.166128302864908761e+01
-8.66	-2.766144976053100990e+01	4.160995486381406749e+01
-8.64	-2.704909291308072028e+01	4.136883179217343098e+01
-8.62	-2.667502475761472880e+01	4.131203790163235823e+01
-8.60	-2.626149285405552902e+01	4.106072633498057201e+01
-8.58	-2.586906087062267900e+01	4.077271264371042747e+01
-8.56	-2.566313786247322071e+01	4.076805021569290943e+01
-8.54	-2.548709928533206082e+01	4.077690010787134867e+01
-8.52	-2.533166093963136944e+01	4.078895009291750284e+01
-8.50	-2.521398284366360087e+01	4.083976271456147344e+01
-8.48	-2.509763683656094102e+01	4.086607385066160703e+01
-8.46	-2.499076123202965860e+01	4.088367234275847295e+01
-8.44	-2.495546550955562992e+01	4.101048843506745101e+01
-8.42	-2.488450016684052102e+01	4.104743500876224971e+01
-8.40	-2.494385556696074957e+01	4.130875981793565188e+01
-8.38	-2.537067788481614983e+01	4.223937782074305858e+01
-8.36	-2.537291479801936944e+01	4.234934063668077897e+01
-8.34	-2.553711688840098049e+01	4.274375494387904695e+01
-8.32	-2.555009749079760084e+01	4.283290462406645105e+01
-8.30	-2.572486508248985970e+01	4.320987443326564659e+01
-8.28	-2.577334176770517971e+01	4.333332211160160341e+01
-8.26	-2.581058542978662018e+01	4.342147841823331333e+01
-8.24	-2.606446230876946046e+01	4.390705160233029858e+01
-8.22	-2.614468280033865000e+01	4.405701932016697242e+01
-8.20	-2.705133264044910035e+01	4.575530927103476841e+01
-8.18	-2.746748502489791832e+01	4.652788064586157901e+01
-8.16	-2.755365344425193896e+01	4.667400103686607338e+01
-8.14	-2.786639177168472159e+01	4.724420855450291867e+01
-8.12	-2.793292932457041999e+01	4.735355682093602780e+01
-8.10	-2.801980453526403991e+01	4.750436363704945819e+01
-8.08	-2.828564225803911825e+01	4.799223204659462994e+01
-8.06	-2.835101670657741124e+01	4.810879375555376214e+01
-8.04	-2.865095192977209848e+01	4.866733893384311216e+01
-8.02	-2.873942958540157022e+01	4.883198756685779784e+01
-8.00	-2.964641796061371082e+01	5.052814064972479002e+01
-7.98	-3.002429401456165081e+01	5.123346560687058826e+01
-7.96	-3.010214060623703958e+01	5.136400116224645984e+01
-7.94	-3.038921986671816100e+01	5.187161066150004984e+01
-7.92	-3.046786571525819909e+01	5.196823103073815275e+01
-7.90	-3.058019699148017878e+01	5.210187646045727661e+01
-7.88	-3.087072026343847853e+01	5.253470641584755896e+01
-7.86	-3.100669492418679951e+01	5.263803552425021337e+01
-7.84	-3.138073435854590088e+01	5.313777192425398255e+01
-7.82	-3.159554118997814953e+01	5.328674418909005084e+01
-7.80	-3.261666438376006028e+01	5.486655330669866260e+01
-7.78	-3.319213371348494945e+01	5.554738814185959228e+01
-7.76	-3.351317445111782689e+01	5.567384976698337340e+01
-7.74	-3.408404022883838280e+01	5.616567504781218645e+01
-7.72	-3.449227022112614804e+01	5.625862534709946772e+01
-7.70	-3.498080869186424735e+01	5.638705422445602977e+01
-7.68	-3.571037864666468664e+01	5.679633700414967734e+01
-7.66	-3.634686962301346824e+01	5.689363887378696205e+01
-7.64	-3.724930758817244225e+01	5.734714148556270175e+01
-7.62	-3.775345052192488993e+01	5.747655422988521678e+01
-7.60	-3.833964067646174811e+01	5.867287818780275188e+01
-7.58	-3.787108403478278973e+01	5.904243334220846151e+01
-7.56	-3.718278715165047998e+01	5.909478160798604307e+01
-7.54	-3.672170756658923096e+01	5.927667061092139988e+01
-7.52	-3.626266753094746775e+01	5.929966493368363700e+01
-7.50	-3.587285860756679767e+01	5.933551655993449714e+01
-7.48	-3.554313117747935280e+01	5.939872216752179668e+01
-7.46	-3.522274468659119862e+01	5.941194674157583222e+01
-7.44	-3.492157804145355016e+01	5.939530941706878053e+01
-7.42	-3.466178922367843285e+01	5.938629566937436266e+01
-7.40	-3.433935130705211236e+01	5.920269652229075774e+01
-7.38	-3.356494661163895898e+01	5.817514275266117352e+01
-7.36	-3.334727868921188332e+01	5.804196963090736006e+01
-7.34	-3.295204813726343218e+01	5.754014026602693832e+01
-7.32	-3.281192907968250694e+01	5.742608603153294666e+01
-7.30	-3.248104295626527716e+01	5.693060986209305696e+01
-7.28	-3.236886385916783837e+01	5.676852202867153352e+01
-7.26	-3.230491515287665294e+01	5.665407915307132214e+01
-7.24	-3.195190932654287863e+01	5.600060298451109730e+01
-7.22	-3.189252511571541859e+01	5.583190019545298810e+01
-7.20	-3.138933138616901886e+01	5.486822504768662156e+01
-7.18	-3.011108159907482928e+01	5.254285499482313782e+01
-7.16	-3.005552151959648910e+01	5.233049512445369089e+01
-7.14	-2.971876921361030099e+01	5.162041984440344322e+01
-7.12	-2.971770913129718039e+01	5.148183161982490219e+01
-7.10	-2.946421777378412088e+01	5.089881786373077688e+01
-7.08	-2.945609632814452894e+01	5.072976268625014740e+01
-7.06	-2.948029870463287949e+01	5.060580493047628892e+01
-7.04	-2.922233888655755152e+01	4.999009982871923086e+01
-7.02	-2.924301335939291135e+01	4.983733889518609317e+01
-7.00	-2.892099581765484828e+01	4.909156625436506260e+01
-6.98	-2.825442195157484093e+01	4.775431227112530763e+01
-6.96	-2.833132045930319975e+01	4.765560029536987230e+01
-6.94	-2.830042365392671044e+01	4.735682590152178761e+01
-6.92	-2.843133903104121174e+01	4.730552097742661033e+01
-6.90	-2.848092213521890059e+01	4.709483391672537778e+01
-6.88	-2.864354227362699845e+01	4.703969300003492293e+01
-6.86	-2.884230138283864164e+01	4.699795225305800273e+01
-6.84	-2.900027509850108842e+01	4.681692623444499901e+01
-6.82	-2.933129294890724026e+01	4.677348100148820720e+01
-6.80	-2.972340632420706896e+01	4.659376475990600852e+01
-6.78	-3.015715774265528992e+01	4.635957151051435687e+01
-6.76	-3.044903738909986046e+01	4.634566235459924854e+01
-6.74	-3.025084506020541042e+01	4.631028941161360279e+01
-6.72	-2.986259913173435976e+01	4.630483074213221784e+01
-6.70	-2.945063728506854872e+01	4.629700122637262183e+01
-6.68	-2.906075799677345017e+01	4.628008417686844922e+01
-6.66	-2.871467419219181139e+01	4.627597998443815897e+01
-6.64	-2.839749673693492937e+01	4.626584622584864803e+01
-6.62	-2.811283819389063154e+01	4.626329508558919912e+01
-6.60	-2.786217323267378987e+01	4.627683923714300818e+01
-6.58	-2.763570710930144969e+01	4.629313480791388002e+01
-6.56	-2.742309818559813905e+01	4.629535892289742094e+01
-6.54	-2.723754602733707131e+01	4.630791899694064284e+01
-6.52	-2.706713428872044958e+01	4.630897744936734739e+01
-6.50	-2.691777069723432092e+01	4.631088182274825726e+01
-6.48	-2.679222491451008992e+01	4.631839405747344784e+01
-6.46	-2.668369189826502108e+01	4.631887268102376254e+01
-6.44	-2.659665873521883128e+01	4.632156858199372351e+01
-6.42	-2.652666837189375926e+01	4.631935349026758786e+01
-6.40	-2.644174916166074851e+01	4.625276363683941128e+01
-6.38	-2.636981732193408945e+01	4.617580332466359749e+01
-6.36	-2.634448834730849143e+01	4.615514022259746696e+01
-6.34	-2.630277842982870951e+01	4.607405277013572231e+01
-6.32	-2.630724648320564896e+01	4.605423278919094798e+01
-6.30	-2.632124375904895075e+01	4.602853696524996252e+01
-6.28	-2.631181625685490033e+01	4.593858914098613866e+01
-6.26	-2.634582278143962952e+01	4.591526748904787070e+01
-6.24	-2.633637672170709010e+01	4.579868178639578957e+01
-6.22	-2.637408742969292064e+01	4.576220023698066086e+01
-6.20	-2.623879658134687176e+01	4.539947297188472675e+01
-6.18	-2.624035383855240866e+01	4.529273102160806275e+01
-6.16	-2.629012230173485065e+01	4.528041750431999191e+01
-6.14	-2.632755774657324110e+01	4.525133277740786042e+01
-6.12	-2.637634965561814937e+01	4.525196066980763732e+01
-6.10	-2.641792536620511100e+01	4.525075659529827732e+01
-6.08	-2.647423195541277963e+01	4.528791469125022218e+01
-6.06	-2.650763449203448019e+01	4.529660916583775787e+01
-6.04	-2.658960878923211979e+01	4.540642214315135305e+01
-6.02	-2.662822302460153168e+01	4.544985796188780114e+01
-6.00	-2.709631605018826050e+01	4.628967209494977197e+01
-5.98	-2.740683279738027167e+01	4.685636365605424913e+01
-5.96	-2.746747749989054910e+01	4.697626737543463804e+01
-5.94	-2.772681438938662168e+01	4.746924618135017937e+01
-5.92	-2.776967532858466114e+01	4.757612479038876785e+01
-5.90	-2.800622235497622015e+01	4.804284608027710846e+01
-5.88	-2.806483239794845019e+01	4.818995003337577288e+01
-5.86	-2.809972716589734176e+01	4.829430780088758013e+01
-5.84	-2.839582186390066099e+01	4.887620024705010735e+01
-5.82	-2.845839045068042950e+01	4.902355176482812027e+01
-5.80	-2.888388270138991132e+01	4.983094513545985649e+01
-5.78	-2.980799538512344071e+01	5.153908597753130039e+01
-5.76	-2.988879820608389082e+01	5.167388896186682246e+01
-5.74	-3.014141700159482085e+01	5.210137631165616767e+01
-5.72	-3.021513569470500116e+01	5.217435277773527247e+01
-5.70	-3.043028221591129068e+01	5.248044128683397958e+01
-5.68	-3.053512239604924972e+01	5.255781111227317126e+01
-5.66	-3.064326714944839836e+01	5.261627394466916741e+01
-5.64	-3.086960119683483939e+01	5.286755739220055261e+01
-5.62	-3.100054801051507880e+01	5.292504071479780237e+01
-5.60	-3.122360791398991964e+01	5.313517802504250653e+01
-5.58	-3.137280566608514931e+01	5.319877939404229039e+01
-5.56	-3.148024763254021963e+01	5.318174008870104785e+01
-5.54	-3.155397628521437170e+01	5.310342424106215731e+01
-5.52	-3.165734749866154019e+01	5.308149487604534755e+01
-5.50	-3.171843831152002124e+01	5.299153451198407794e+01
-5.48	-3.180857119502408992e+01	5.296036155713397875e+01
-5.46	-3.189780956271809131e+01	5.293779076790683291e+01
-5.44	-3.192703608330128162e+01	5.281891553042820675e+01
-5.42	-3.200286022915774709e+01	5.278730829469478181e+01
-5.40	-3.200393247682904274e+01	5.263005383815328031e+01
-5.38	-3.193336562147004898e+01	5.235842309072833700e+01
-5.36	-3.200986505000921767e+01	5.233944823185129280e+01
-5.34	-3.206685430432852257e+01	5.228905728411945830e+01
-5.32	-3.214738015019472783e+01	5.228089419055263676e+01
-5.30	-3.221055585475210137e+01	5.225014439465518734e+01
-5.28	-3.227970023899891316e+01	5.224157001746115725e+01
-5.26	-3.233581886417177742e+01	5.223473310785408330e+01
-5.24	-3.235994291624125196e+01	5.221045033214446107e+01
-5.22	-3.236556738296477675e+01	5.220291304704520741e+01
-5.20	-3.228887358071069258e+01	5.211808279656658272e+01
-5.18	-3.218644653213380735e+01	5.205418577054920348e+01
-5.16	-3.207717749785432915e+01	5.203829383506013784e+01
-5.14	-3.190636627303636885e+01	5.197534364718742239e+01
-5.12	-3.174064119698514830e+01	5.196073002283483078e+01
-5.10	-3.155595050857433037e+01	5.194114442636187334e+01
-5.08	-3.133363592962798094e+01	5.187327700698649124e+01
-5.06	-3.114114715945535039e+01	5.185689999549847329e+01
-5.04	-3.091349154060037918e+01	5.177181762662163322e+01
-5.02	-3.073254283066122028e+01	5.174591021720362249e+01
-5.00	-3.043716102679983138e+01	5.149444318217641126e+01
-4.98	-3.026966454778884952e+01	5.142435331532591647e+01
-4.96	-3.016634805180963852e+01	5.141697332245585272e+01
-4.94	-3.008455338213522978e+01	5.139513262351138678e+01
-4.92	-3.004756259390615014e+01	5.139473559604420672e+01
-4.90	-3.004438872720971077e+01	5.139326272067240353e+01
-4.88	-3.008705600311251871e+01	5.140653281096869165e+01
-4.86	-3.015773628732662104e+01	5.141001764632621729e+01
-4.84	-3.028830115950362156e+01	5.145320282754592256e+01
-4.82	-3.043693171872433823e+01	5.147039129646054789e+01
-4.80	-3.077589375055672960e+01	5.176086729967907729e+01
-4.78	-3.106550514047679101e+01	5.192042661043913654e+01
-4.76	-3.129886403880843915e+01	5.194984606715743070e+01
-4.74	-3.159656031513637942e+01	5.206453080329409033e+01
-4.72	-3.184131510819452160e+01	5.208483743874762695e+01
-4.70	-3.208265562271225235e+01	5.211310993910272771e+01
-4.68	-3.233325292596821754e+01	5.219669772932611806e+01
-4.66	-3.250100763184104835e+01	5.221625675671789679e+01
-4.64	-3.264218131886271834e+01	5.229127563008866275e+01
-4.62	-3.267653374318604875e+01	5.230813456786682281e+01
-4.60	-3.264642931033458240e+01	5.233319013884582205e+01
-4.58	-3.248826124339827714e+01	5.223883883705151021e+01
-4.56	-3.233768388192483201e+01	5.221149093515008843e+01
-4.54	-3.211725780920028939e+01	5.209316942342182699e+01
-4.52	-3.194784051905772060e+01	5.206516304774886805e+01
-4.50	-3.178098689265899068e+01	5.202864077154492861e+01
-4.48	-3.156184115477446994e+01	5.188545451741877912e+01
-4.46	-3.141752148686655133e+01	5.185053432746907731e+01
-4.44	-3.119191063711247125e+01	5.165169097866768766e+01
-4.42	-3.106137923294933145e+01	5.159983300580152132e+01
-4.40	-3.079169537369336851e+01	5.128016114475534692e+01
-4.38	-3.021573541867141088e+01	5.040358366627601328e+01
-4.36	-3.009155019858559044e+01	5.031575078769886744e+01
-4.34	-2.984989723992455879e+01	5.000808388161919282e+01
-4.32	-2.974993163259507156e+01	4.994387204732864660e+01
-4.30	-2.953594630538236032e+01	4.966881392825776231e+01
-4.28	-2.943215323603715916e+01	4.958433099694879331e+01
-4.26	-2.934434861700858832e+01	4.952397883521732780e+01
-4.24	-2.910937306916904177e+01	4.919189691909954831e+01
-4.22	-2.901450475355322922e+01	4.910822096494449340e+01
-4.20	-2.871344629260003956e+01	4.864312030802990705e+01
-4.18	-2.806419076778724886e+01	4.754181542493083867e+01
-4.16	-2.796851582595654051e+01	4.744052597712286712e+01
-4.14	-2.774288353546085872e+01	4.709837911950506140e+01
-4.12	-2.767085468516264868e+01	4.703134919209716713e+01
-4.10	-2.748119580679475860e+01	4.674443897093883749e+01
-4.08	-2.740551062308538022e+01	4.666098565589790326e+01
-4.06	-2.734458821954373065e+01	4.660036844796837130e+01
-4.04	-2.714969907779343927e+01	4.628889349504976281e+01
-4.02	-2.708503359898580953e+01	4.621188078059741855e+01
-4.00	-2.685531830781303952e+01	4.582657272520887659e+01
-3.98	-2.646254578477755004e+01	4.513859914837149034e+01
-3.96	-2.641983779363734897e+01	4.509194145449553304e+01
-3.94	-2.632947043969605971e+01	4.495564217896973958e+01
-3.92	-2.630413702029566991e+01	4.493607965277030303e+01
-3.90	-2.624673589571055032e+01	4.485373454739303867e+01
-3.88	-2.622703676980507126e+01	4.483721832072985336e+01
-3.86	-2.621179416577286858e+01	4.482430112835797331e+01
-3.84	-2.618405557073834089e+01	4.478094642868519770e+01
-3.82	-2.617982396189388083e+01	4.477364341447346874e+01
-3.80	-2.618497238572993879e+01	4.477473109106080074e+01
-3.78	-2.628456742456351947e+01	4.493800526137047768e+01
-3.76	-2.631482474428585050e+01	4.495892235918685742e+01
-3.74	-2.638612584550055828e+01	4.504057276362082973e+01
-3.72	-2.643209912971262909e+01	4.505833118283032235e+01
-3.70	-2.649126224778110128e+01	4.508156010949907966e+01
-3.68	-2.659020639795834029e+01	4.515845313274795814e+01
-3.66	-2.666715227030869073e+01	4.517616754927544775e+01
-3.64	-2.679240848726032098e+01	4.526554460650802270e+01
-3.62	-2.689034795528377941e+01	4.528907108632697742e+01
-3.60	-2.704928038438443849e+01	4.541011185281263351e+01
-3.58	-2.732153185633282888e+01	4.572460947278211307e+01
-3.56	-2.744117023798428079e+01	4.575701955832334988e+01
-3.54	-2.761629937361033171e+01	4.588725442146282063e+01
-3.52	-2.773309273157373056e+01	4.591669512003704767e+01
-3.50	-2.784888103901968037e+01	4.595594512762580308e+01
-3.48	-2.801723457078037072e+01	4.610289587577714343e+01
-3.46	-2.811127849318146943e+01	4.613914254447801966e+01
-3.44	-2.829130739001001160e+01	4.634858604898307277e+01
-3.42	-2.836835195040100999e+01	4.640507330807884045e+01
-3.40	-2.860664854126565970e+01	4.677416449243582264e+01
-3.38	-2.933749402920171079e+01	4.798854952098238869e+01
-3.36	-2.943376402508571132e+01	4.812761988035038740e+01
-3.34	-2.974032026017045993e+01	4.863014417539798728e+01
-3.32	-2.981463401911258870e+01	4.873442833604448765e+01
-3.30	-2.990857561623385052e+01	4.887544236635496731e+01
-3.28	-3.021745799774511099e+01	4.936502383020889795e+01
-3.26	-3.030929195938815113e+01	4.948270994834749104e+01
-3.24	-3.069343581975608970e+01	5.009006341123053119e+01
-3.22	-3.081332280926694978e+01	5.024685215656580084e+01
-3.20	-3.134687815127009003e+01	5.111950935115085315e+01
-3.18	-3.257904578838712695e+01	5.315227439418386268e+01
-3.16	-3.271980083051205668e+01	5.333428809331432774e+01
-3.14	-3.310563424938347055e+01	5.393009326911496260e+01
-3.12	-3.320355015447572100e+01	5.403671513371438806e+01
-3.10	-3.332438451177090144e+01	5.418696944388175751e+01
-3.08	-3.363202217024448970e+01	5.464841862670110118e+01
-3.06	-3.373134103868898137e+01	5.475634005937575921e+01
-3.04	-3.404890459427146254e+01	5.523385738602416239e+01
-3.02	-3.416406472968601804e+01	5.536420170597928347e+01
-3.00	-3.483853448391776908e+01	5.643777595707391725e+01
-2.98	-3.503768932199594133e+01	5.670386225082381770e+01
-2.96	-3.511214460973229734e+01	5.673565047831137775e+01
-2.94	-3.523884682874349750e+01	5.684236153454909157e+01
-2.92	-3.531772504390961132e+01	5.685316135584424302e+01
-2.90	-3.542047240016796650e+01	5.688735376319264958e+01
-2.88	-3.551467163892625223e+01	5.688614102382150151e+01
-2.86	-3.562488690450614826e+01	5.688817834124417061e+01
-2.84	-3.572692084591910344e+01	5.684480130352491756e+01
-2.82	-3.587236466048950234e+01	5.683055757863616719e+01
-2.80	-3.597464374384757235e+01	5.667377567592493648e+01
-2.78	-3.581250257471973697e+01	5.599867769438324672e+01
-2.76	-3.611114069347250677e+01	5.591842377996182734e+01
-2.74	-3.651690149497736115e+01	5.561996622132718215e+01
-2.72	-3.790508759859586263e+01	5.555364027624059986e+01
-2.70	-3.650754775445186340e+01	5.526570035851503349e+01
-2.68	-3.462372026436082706e+01	5.517276737056747749e+01
-2.66	-3.440883197376182778e+01	5.510703865209403318e+01
-2.64	-3.414258896248190212e+01	5.473009061344814086e+01
-2.62	-3.403758100106566076e+01	5.463345739375468213e+01
-2.60	-3.363004509661259078e+01	5.407231840189997740e+01
-2.58	-3.267897104157034249e+01	5.264556455062123774e+01
-2.56	-3.252150486518161898e+01	5.250802619807471672e+01
-2.54	-3.215491134286060770e+01	5.203647504070829655e+01
-2.52	-3.201916733301104756e+01	5.194138948519754706e+01
-2.50	-3.169315542879517977e+01	5.153458797955119763e+01
-2.48	-3.154502960982645021e+01	5.141227375102265285e+01
-2.46	-3.142262348477073175e+01	5.132402212378371331e+01
-2.44	-3.107992113020814173e+01	5.086143425957939712e+01
-2.42	-3.095970196496745075e+01	5.074539195901615329e+01
-2.40	-3.055353328181491079e+01	5.013885684074074334e+01
-2.38	-2.977356721798300043e+01	4.889100685174606298e+01
-2.36	-2.970531505095313918e+01	4.878888927672620213e+01
-2.34	-2.951637326955296103e+01	4.846017472893959877e+01
-2.32	-2.951060295359812002e+01	4.840400956124305054e+01
-2.30	-2.950896262589084884e+01	4.832408621086827338e+01
-2.28	-2.942440455425952095e+01	4.808114772875332221e+01
-2.26	-2.947225066059244014e+01	4.802542835057961668e+01
-2.24	-2.941775373137539873e+01	4.777757807376094945e+01
-2.22	-2.949202978900672889e+01	4.771758467488800193e+01
-2.20	-2.944065587686609931e+01	4.743469705605909326e+01
-2.18	-2.927169208712081883e+01	4.694878692323297997e+01
-2.16	-2.938833716100408111e+01	4.691284058168920268e+01
-2.14	-2.946159969289129066e+01	4.680073239353446723e+01
-2.12	-2.959415006569621909e+01	4.678104188009117337e+01
-2.10	-2.968449985491045950e+01	4.669625673586548231e+01
-2.08	-2.980970284878199905e+01	4.667286498451966281e+01
-2.06	-2.993241819548011051e+01	4.665590352723783241e+01
-2.04	-3.000304923465693108e+01	4.657142820101952907e+01
-2.02	-3.010162405114693129e+01	4.654824905905216070e+01
-2.00	-3.002095391448643014e+01	4.633190929627581767e+01
-1.98	-2.976955481698552930e+01	4.590099507438176119e+01
-1.96	-2.952087502951455988e+01	4.552910324235163841e+01
-1.94	-2.922836196594877833e+01	4.513389522092990802e+01
-1.92	-2.894106687476839923e+01	4.476772900590204785e+01
-1.90	-2.864054069290000015e+01	4.439945325409564703e+01
-1.88	-2.832967802239949862e+01	4.402913297962315653e+01
-1.86	-2.801653696800396176e+01	4.366540232830364232e+01
-1.84	-2.770653241364793828e+01	4.331402320152586327e+01
-1.82	-2.739128266321034033e+01	4.295893781358586239e+01
-1.80	-2.719467598716784096e+01	4.279256531192280733e+01
-1.78	-2.697407068028205046e+01	4.258852501778252275e+01
-1.76	-2.667521134878294120e+01	4.225820982592357211e+01
-1.74	-2.645019771759163163e+01	4.204143218014635863e+01
-1.72	-2.615295053450303087e+01	4.170449170659311733e+01
-1.70	-2.586684868573911089e+01	4.137859912980253796e+01
-1.68	-2.565263161527922975e+01	4.116140705855892890e+01
-1.66	-2.536975621621065002e+01	4.082680005010944768e+01
-1.64	-2.518823139201408878e+01	4.064914458667615094e+01
-1.62	-2.492043210658136942e+01	4.032523176389941710e+01
-1.60	-2.480074566062323882e+01	4.023560213962957732e+01
-1.58	-2.492747170546224922e+01	4.054361983641572209e+01
-1.56	-2.466723200125050042e+01	4.021724740106755291e+01
-1.54	-2.449409997775079972e+01	4.002928989849424113e+01
-1.52	-2.422154506269320962e+01	3.967556228632314230e+01
-1.50	-2.402199058293033929e+01	3.943995980252204703e+01
-1.48	-2.375277901825167959e+01	3.908886491233936766e+01
-1.46	-2.347729202591536080e+01	3.872686320900707102e+01
-1.44	-2.326962185869827948e+01	3.847750386905875786e+01
-1.42	-2.299382370241752938e+01	3.811664998348373246e+01
-1.40	-2.278602512587999129e+01	3.787079664208725660e+01
-1.38	-2.258954286565565894e+01	3.764598249857593260e+01
-1.36	-2.228916603614858971e+01	3.724982715187376670e+01
-1.34	-2.198696045504607000e+01	3.685243111403836735e+01
-1.32	-2.167997504713722989e+01	3.644864590927664239e+01
-1.30	-2.136643712643423143e+01	3.603488586100988300e+01
-1.28	-2.105641419949235171e+01	3.562761162168747120e+01
-1.26	-2.074759773914199101e+01	3.522251597690709701e+01
-1.24	-2.042462161903803874e+01	3.479277447754446229e+01
-1.22	-2.011439152558795129e+01	3.438327972596844262e+01
-1.20	-1.975819560972054134e+01	3.389242312266824797e+01
-1.18	-1.945186508740319908e+01	3.348458102717118123e+01
-1.16	-1.915472679475520934e+01	3.308917615703271764e+01
-1.14	-1.886849726616285139e+01	3.270858572462648084e+01
-1.12	-1.857827890023148854e+01	3.231642677099033278e+01
-1.10	-1.829175121853436892e+01	3.192577546873269156e+01
-1.08	-1.802649675327532108e+01	3.156742839713881921e+01
-1.06	-1.774679220971383131e+01	3.117788078947821973e+01
-1.04	-1.750377529387439068e+01	3.084756689912640937e+01
-1.02	-1.723738644873096959e+01	3.047066064247379913e+01
-1.00	-1.716047252790228939e+01	3.042542104636519085e+01
-0.98	-1.699120285310493017e+01	3.021192183555612942e+01
-0.96	-1.673349278069846946e+01	2.983595540889276165e+01
-0.94	-1.653904933395893906e+01	2.956890481541616111e+01
-0.92	-1.627937044034831970e+01	2.918070283412325949e+01
-0.90	-1.607349199412146135e+01	2.888552963384995920e+01
-0.88	-1.581913677183587019e+01	2.849936394898439929e+01
-0.86	-1.556145828623860083e+01	2.810407461718849831e+01
-0.84	-1.535846758139557977e+01	2.780531226607613959e+01
-0.82	-1.510619852969922050e+01	2.741445767118204913e+01
-0.80	-1.498709696949156012e+01	2.726444970548541136e+01
-0.78	-1.474679513730925962e+01	2.689170919873962973e+01
-0.76	-1.447685961621296080e+01	2.646279446487949016e+01
-0.74	-1.421280579176170988e+01	2.604264280109632068e+01
-0.72	-1.394160471110111033e+01	2.560742366573839846e+01
-0.70	-1.367185409434669019e+01	2.517316432399033133e+01
-0.68	-1.339676124282195957e+01	2.472716108756203113e+01
-0.66	-1.312735103837245987e+01	2.428973328341330173e+01
-0.64	-1.284495133715211956e+01	2.382618611756547011e+01
-0.62	-1.257537501493663079e+01	2.338463383704397103e+01
-0.60	-1.227915425100266944e+01	2.289124125019683831e+01
-0.58	-1.191916186434598046e+01	2.227567656475955005e+01
-0.56	-1.165302830530965039e+01	2.183374500085542991e+01
-0.54	-1.136600726266556016e+01	2.135033006051769888e+01
-0.52	-1.110754492009844974e+01	2.091856405987524070e+01
-0.50	-1.084791137803036065e+01	2.048232725852193070e+01
-0.48	-1.057481940802590081e+01	2.001822984129944061e+01
-0.46	-1.032131517728696046e+01	1.958910085720696159e+01
-0.44	-1.005117910011014004e+01	1.912592767162121987e+01
-0.42	-9.800146471710519336e+00	1.869695038393160047e+01
-0.40	-9.495408016784930183e+00	1.816245286729644093e+01
-0.38	-9.231885873160342371e+00	1.770455921439195990e+01
-0.36	-8.991476135276593951e+00	1.728887902332552073e+01
-0.34	-8.739189744884271249e+00	1.684795947273778083e+01
-0.32	-8.503634521110686961e+00	1.643717287035194019e+01
-0.30	-8.267917224496811102e+00	1.602383566230798095e+01
-0.28	-8.024612094778813542e+00	1.559341012335961985e+01
-0.26	-7.793764167142009036e+00	1.518504498033827055e+01
-0.24	-7.552166607830613998e+00	1.475326890023725923e+01
-0.22	-7.323796976519221680e+00	1.434515627463479959e+01
-0.20	-7.050014876609052017e+00	1.384496834164490053e+01
-0.18	-6.811139860970039095e+00	1.341115582105910953e+01
-0.16	-6.595692409858584071e+00	1.302147673851104948e+01
-0.14	-6.371483012460840811e+00	1.261212922513071000e+01
-0.12	-6.162308947014288663e+00	1.223050892494229913e+01
-0.10	-5.947523028119488409e+00	1.183544135712494949e+01
-0.08	-5.743248041392948977e+00	1.145923878881050051e+01
-0.06	-5.540392797127375424e+00	1.108373652592879921e+01
-0.04	-5.334578082529715104e+00	1.071262511648101068e+01
-0.02	-5.128842813684681090e+00	1.036754174077347912e+01
-0.00	-4.933112535312954350e+00	1.000000000000001066e+01
