-24.00	-2.172057715256752886e+01	4.999999999999999289e+01
-23.00	-2.202012322829460089e+01	5.000200868162109202e+01
-22.00	-2.239223819153324868e+01	4.997214122229806321e+01
-21.00	-2.280561366574274018e+01	5.002809721947230059e+01
-20.00	-2.307914682690660158e+01	4.968382089441733740e+01
-19.00	-2.400868132307029157e+01	5.086524762161430857e+01
-18.00	-2.390456756348660150e+01	4.954548817740637645e+01
-17.00	-2.538601467694909886e+01	5.177856330773595772e+01
-16.98	-2.545470782605189086e+01	5.190532078274640071e+01
-16.96	-2.547488436020226032e+01	5.193613296038886773e+01
-16.94	-2.552360780738003854e+01	5.202406528335134794e+01
-16.92	-2.554036288005613997e+01	5.205029500807364684e+01
-16.90	-2.557798623617791023e+01	5.212327398231249731e+01
-16.88	-2.559273113806498046e+01	5.215316423804382140e+01
-16.86	-2.560344582012620052e+01	5.217832497600056030e+01
-16.84	-2.563808955692228153e+01	5.225509193180879208e+01
-16.82	-2.564901876080789123e+01	5.228561241131424708e+01
-16.80	-2.572753263863933881e+01	5.245573632362589933e+01
-16.78	-2.574746300657540132e+01	5.250694289741006315e+01
-16.76	-2.575066260217165137e+01	5.252391945448106725e+01
-16.74	-2.575607994917579902e+01	5.254453173342393768e+01
-16.72	-2.575813723935306143e+01	5.255646199204984015e+01
-16.70	-2.575631894142676970e+01	5.255808090183730741e+01
-16.68	-2.575827282067337975e+01	5.256376775299869308e+01
-16.66	-2.576386015909706018e+01	5.257286963824341086e+01
-16.64	-2.575015342731337853e+01	5.253770451472510672e+01
-16.62	-2.575618280263000059e+01	5.253739549589737834e+01
-16.60	-2.571364094239100950e+01	5.243178922366335826e+01
-16.58	-2.549374190977125920e+01	5.195796561120906176e+01
-16.56	-2.548510863261451931e+01	5.190892927802679679e+01
-16.54	-2.540086771078694028e+01	5.169905342678836746e+01
-16.52	-2.540447406251431062e+01	5.166182546920276764e+01
-16.50	-2.540353559396058003e+01	5.160836032186156075e+01
-16.48	-2.532664538197365900e+01	5.139406718376793037e+01
-16.46	-2.533567286834771082e+01	5.134837817812901761e+01
-16.44	-2.523572990259642168e+01	5.107560826059908976e+01
-16.42	-2.524016080938401885e+01	5.100922795840934754e+01
-16.40	-2.508215356839108878e+01	5.060958066158465840e+01
-16.38	-2.466877853620767169e+01	4.969061199649841853e+01
-16.36	-2.467144581611346155e+01	4.960925615512041986e+01
-16.34	-2.458686044290710981e+01	4.934897862069667696e+01
-16.32	-2.460729984203499043e+01	4.929738303950505696e+01
-16.30	-2.455327457543269887e+01	4.909400510018407715e+01
-16.28	-2.457160639855731077e+01	4.903389712626635344e+01
-16.26	-2.459785998653426020e+01	4.898782072516320341e+01
-16.24	-2.455002246448599124e+01	4.879273216512427069e+01
-16.22	-2.457249362369611134e+01	4.873683081721777199e+01
-16.20	-2.443805853365041969e+01	4.836859419955771244e+01
-16.18	-2.445460642784368943e+01	4.829970863481680254e+01
-16.16	-2.450003189457319053e+01	4.828710870810368050e+01
-16.14	-2.454292302225518085e+01	4.826844271744543136e+01
-16.12	-2.459222412885404907e+01	4.826126639569861254e+01
-16.10	-2.464184956580017882e+01	4.825351750241758708e+01
-16.08	-2.469914271594916855e+01	4.825921752766326733e+01
-16.06	-2.475189709816037009e+01	4.825443389100593805e+01
-16.04	-2.481862865345479108e+01	4.827507915578505049e+01
-16.02	-2.487561050961971176e+01	4.827462867546680769e+01
-16.00	-2.495488862412695141e+01	4.831527979926880079e+01
-15.98	-2.505418131114899083e+01	4.839226153649715911e+01
-15.96	-2.511271630353524031e+01	4.838768812729934865e+01
-15.94	-2.517312350315911118e+01	4.838440259046686265e+01
-15.92	-2.523163342541636922e+01	4.837520749792670927e+01
-15.90	-2.529144678276929881e+01	4.836629319167259666e+01
-15.88	-2.534681781435222092e+01	4.834701095942617144e+01
-15.86	-2.540730004142625020e+01	4.833586030457753679e+01
-15.84	-2.545668586715521897e+01	4.830228708648847658e+01
-15.82	-2.551500164676157922e+01	4.828489874200639775e+01
-15.80	-2.550841627084059127e+01	4.814428103844704054e+01
-15.78	-2.553887317717457961e+01	4.807433158132254647e+01
-15.76	-2.559564854223113173e+01	4.805483090920466083e+01
-15.74	-2.563711894826488091e+01	4.800775443774667650e+01
-15.72	-2.569452288218830915e+01	4.799241347076772257e+01
-15.70	-2.574928266374292107e+01	4.797435521932244740e+01
-15.68	-2.579593927078671101e+01	4.794384308442503340e+01
-15.66	-2.584946317565000840e+01	4.792945755937184771e+01
-15.64	-2.589813149470623088e+01	4.790959559574145743e+01
-15.62	-2.594918060499191981e+01	4.789803208295266046e+01
-15.60	-2.600689291351073962e+01	4.790321297766452346e+01
-15.58	-2.613888392744629030e+01	4.804960194123111705e+01
-15.56	-2.619660728291886898e+01	4.806346383021706714e+01
-15.54	-2.628804225278964068e+01	4.814407262259325648e+01
-15.52	-2.634001158079495042e+01	4.815698456752806322e+01
-15.50	-2.642902417658397951e+01	4.824249460268878664e+01
-15.48	-2.648157715905885112e+01	4.826664452152132867e+01
-15.46	-2.652615318864319960e+01	4.828102885550406143e+01
-15.44	-2.662968760188725170e+01	4.840818209997721766e+01
-15.42	-2.667593083810767851e+01	4.843608597333562216e+01
-15.40	-2.681825318149892823e+01	4.864410087568823826e+01
-15.38	-2.716843732237262898e+01	4.923486114040618844e+01
-15.36	-2.722265167710590106e+01	4.929294979433400670e+01
-15.34	-2.735903609485581001e+01	4.950579928403053742e+01
-15.32	-2.739733102866640024e+01	4.954630360899488295e+01
-15.30	-2.744084497597964045e+01	4.960265051916515233e+01
-15.28	-2.755926807380125965e+01	4.980075677356124686e+01
-15.26	-2.759038723335861931e+01	4.984707484520254184e+01
-15.24	-2.772432531394311894e+01	5.008633500775650305e+01
-15.22	-2.776213139928051987e+01	5.015801039291984864e+01
-15.20	-2.818131160399060064e+01	5.092745107728109133e+01
-15.18	-2.834716977409944860e+01	5.124523680634416678e+01
-15.16	-2.836773770835408115e+01	5.130581633211853898e+01
-15.14	-2.847124551947489124e+01	5.152351573770955895e+01
-15.12	-2.847711302935368138e+01	5.157026515583778092e+01
-15.10	-2.854912654615586831e+01	5.174293398104820341e+01
-15.08	-2.855299479639283078e+01	5.179703229602039727e+01
-15.06	-2.854771967954966172e+01	5.183934744228169222e+01
-15.04	-2.860896819946076874e+01	5.200701468524182758e+01
-15.02	-2.860242190976423160e+01	5.205459363540091289e+01
-15.00	-2.866371978492290040e+01	5.222911370766455974e+01
-14.98	-2.872209389641417943e+01	5.240054153554263650e+01
-14.96	-2.869180315952063154e+01	5.241120222154660269e+01
-14.94	-2.865025082754759111e+01	5.240186172565758937e+01
-14.92	-2.861430384829386142e+01	5.240286986047585316e+01
-14.90	-2.855971488503205080e+01	5.236921907074506066e+01
-14.88	-2.851930481126093042e+01	5.236078053229716289e+01
-14.86	-2.848284380089713963e+01	5.235861237582705741e+01
-14.84	-2.840640093958575108e+01	5.228131916593783757e+01
-14.82	-2.836210302988884990e+01	5.226195132776300056e+01
-14.80	-2.812264088991592104e+01	5.187984613815739010e+01
-14.78	-2.799165923716601156e+01	5.169669428446945147e+01
-14.76	-2.794480396353463902e+01	5.166817824812083160e+01
-14.74	-2.784198804167607122e+01	5.153464659447841001e+01
-14.72	-2.780103849796399018e+01	5.151498921299295120e+01
-14.70	-2.775512333225782058e+01	5.148505609481497203e+01
-14.68	-2.766585636575603147e+01	5.137319540214132019e+01
-14.66	-2.762571429541966950e+01	5.135145236415633718e+01
-14.64	-2.753056155794457993e+01	5.122508726379631838e+01
-14.62	-2.748949595477657937e+01	5.119727333477195685e+01
-14.60	-2.737590637446205122e+01	5.103054859226474349e+01
-14.58	-2.715099330888950036e+01	5.065065590068004298e+01
-14.56	-2.711323037368013900e+01	5.061624382651118736e+01
-14.54	-2.702998003291211049e+01	5.048991732713958669e+01
-14.52	-2.700463108163565096e+01	5.046411361657845873e+01
-14.50	-2.693529629267321113e+01	5.034637093459579660e+01
-14.48	-2.691453471288981092e+01	5.030881487941306318e+01
-14.46	-2.690677967558398009e+01	5.028264421520073313e+01
-14.44	-2.683713429595913880e+01	5.012617751140621181e+01
-14.42	-2.683324759496435874e+01	5.007760376208508291e+01
-14.40	-2.654678469933896068e+01	4.948171375988297171e+01
-14.38	-2.643073161387290071e+01	4.918887343767300280e+01
-14.36	-2.644934758035646993e+01	4.912963429315124131e+01
-14.34	-2.638993337361842961e+01	4.890610158402792962e+01
-14.32	-2.643563695517667966e+01	4.885976086953505160e+01
-14.30	-2.648289900796529039e+01	4.879734310106732664e+01
-14.28	-2.647041658584065971e+01	4.860484216858012019e+01
-14.26	-2.654452667090793128e+01	4.855504357113188263e+01
-14.24	-2.654036670569335143e+01	4.834360290875729049e+01
-14.22	-2.662601030465048879e+01	4.828006992854845691e+01
-14.20	-2.648900759740667965e+01	4.779667251765953750e+01
-14.18	-2.656928803022735153e+01	4.769459548007875327e+01
-14.16	-2.670646758211114857e+01	4.768055796027397975e+01
-14.14	-2.685247357601231855e+01	4.766745324029624697e+01
-14.12	-2.701404272754179914e+01	4.766666615472649937e+01
-14.10	-2.720501350153818976e+01	4.770210788870784313e+01
-14.08	-2.739229968143057903e+01	4.771718506904964840e+01
-14.06	-2.757517313291333139e+01	4.772310539020055842e+01
-14.04	-2.779916204277898117e+01	4.784349479526626681e+01
-14.02	-2.788608087984827932e+01	4.787110438605485285e+01
-14.00	-2.799181353857462895e+01	4.813631201908872725e+01
-13.98	-2.844131877275642140e+01	4.906756623859944000e+01
-13.96	-2.846255205186653114e+01	4.916730144617883980e+01
-13.94	-2.869680734877531947e+01	4.953353525963650128e+01
-13.92	-2.879559002237871823e+01	4.960534856288366967e+01
-13.90	-2.892444867962365151e+01	4.970432266339899030e+01
-13.88	-2.919962682377125063e+01	5.004757361784957936e+01
-13.86	-2.932332160554130951e+01	5.012904078352971737e+01
-13.84	-2.963706221450626899e+01	5.053951631708329728e+01
-13.82	-2.978144347993568886e+01	5.066212903515692290e+01
-13.80	-3.059257714865411160e+01	5.192748914501680702e+01
-13.78	-3.095417017494985856e+01	5.242546395961451111e+01
-13.76	-3.107742382589600894e+01	5.251862068955467322e+01
-13.74	-3.133975455068209115e+01	5.285043419573870693e+01
-13.72	-3.144496375958259904e+01	5.291704288650336707e+01
-13.70	-3.156289560947800155e+01	5.300701137572342958e+01
-13.68	-3.177457528183105140e+01	5.325648541984603668e+01
-13.66	-3.187774396842840119e+01	5.332369995924702266e+01
-13.64	-3.208769711109219713e+01	5.357190548239133676e+01
-13.62	-3.219141282243486302e+01	5.364246901718090754e+01
-13.60	-3.240721512378171099e+01	5.390213934000305329e+01
-13.58	-3.263016978688993674e+01	5.417389346244725346e+01
-13.56	-3.270084126835477178e+01	5.419143240959768804e+01
-13.54	-3.275488407050281836e+01	5.418174770504990789e+01
-13.52	-3.281537486108302915e+01	5.418301011650292764e+01
-13.50	-3.284334295539309068e+01	5.412991273239398993e+01
-13.48	-3.289412670287440221e+01	5.411406693145934810e+01
-13.46	-3.295225046194226337e+01	5.410921699351042236e+01
-13.44	-3.292993468274608659e+01	5.396975180328936261e+01
-13.42	-3.296848147210742752e+01	5.392924335042309281e+01
-13.40	-3.252462951562552718e+01	5.309201639217822333e+01
-13.38	-3.228491084413968792e+01	5.259061835351359093e+01
-13.36	-3.229046086807392157e+01	5.249241424107226806e+01
-13.34	-3.209572878936828744e+01	5.206487661296972647e+01
-13.32	-3.211158720466990246e+01	5.198266783870572283e+01
-13.30	-3.210763688762055779e+01	5.186833400450188236e+01
-13.28	-3.191434334804757000e+01	5.144718163968053659e+01
-13.26	-3.191855429188819926e+01	5.135066193221695130e+01
-13.24	-3.165505698431989146e+01	5.082262434194809941e+01
-13.22	-3.163121470894003906e+01	5.068857800107876699e+01
-13.20	-3.120975460531343870e+01	4.991573652646395232e+01
-13.18	-3.010769330606785132e+01	4.805136551459330718e+01
-13.16	-3.004095750407723031e+01	4.787128871450467926e+01
-13.14	-2.971634543683936869e+01	4.728385691301713223e+01
-13.12	-2.967228434927466907e+01	4.715861002104112742e+01
-13.10	-2.939277441009011937e+01	4.666371635085639724e+01
-13.08	-2.931719030288185124e+01	4.650778434844963272e+01
-13.06	-2.925978993001801953e+01	4.639058517956168259e+01
-13.04	-2.893185541838208152e+01	4.584888070837300234e+01
-13.02	-2.884249334035557055e+01	4.570183591877744078e+01
-13.00	-2.842034011901520074e+01	4.502707035797789814e+01
-12.98	-2.764004261721013123e+01	4.378605475409698755e+01
-12.96	-2.755316918441310037e+01	4.367210371493482768e+01
-12.94	-2.734621500370331049e+01	4.337286737176052043e+01
-12.92	-2.727786699607725041e+01	4.330521284184590058e+01
-12.90	-2.719263375795380000e+01	4.321771088670914907e+01
-12.88	-2.703629889844183865e+01	4.302020491497094667e+01
-12.86	-2.695931009833617864e+01	4.295594304603829272e+01
-12.84	-2.681801667478599072e+01	4.278983851419828710e+01
-12.82	-2.674272475644682956e+01	4.273307639477687303e+01
-12.80	-2.666228078201184104e+01	4.266899480516894272e+01
-12.78	-2.670284639499402957e+01	4.280402243617466951e+01
-12.76	-2.667374000744461071e+01	4.282485318982102740e+01
-12.74	-2.673900097442356127e+01	4.300094363273346687e+01
-12.72	-2.671437827609332061e+01	4.302853105673001721e+01
-12.70	-2.679962599746320961e+01	4.323599348141259213e+01
-12.68	-2.679572162650194045e+01	4.329543389579735191e+01
-12.66	-2.677816150259015160e+01	4.332887932428899092e+01
-12.64	-2.694568202112202115e+01	4.366715729042905281e+01
-12.62	-2.695569653420362144e+01	4.374030345158701749e+01
-12.60	-2.727171664946191143e+01	4.432687343943648273e+01
-12.58	-2.829773866857757980e+01	4.609171193011862755e+01
-12.56	-2.837406779378418165e+01	4.626548727143376283e+01
-12.54	-2.873590437413160004e+01	4.691372513658166810e+01
-12.52	-2.879352867496661972e+01	4.704325643647474209e+01
-12.50	-2.913221376563529930e+01	4.763204114874792339e+01
-12.48	-2.924339253652685144e+01	4.781112404679222294e+01
-12.46	-2.939271702172142042e+01	4.793729576719899654e+01
-12.44	-3.015293901321102865e+01	4.865484414663008295e+01
-12.42	-3.108167435947678925e+01	4.886353801109026307e+01
-12.40	-3.297036274603912176e+01	5.111059414440386917e+01
-12.38	-3.321234525868801057e+01	5.199719026176691727e+01
-12.36	-3.302424841973663661e+01	5.215500528042670680e+01
-12.34	-3.324031131413629225e+01	5.274388298976644052e+01
-12.32	-3.326166754229164013e+01	5.285350647379304689e+01
-12.30	-3.337717526565835158e+01	5.300536340334159746e+01
-12.28	-3.372486803534729205e+01	5.344604160792175662e+01
-12.26	-3.393712451913126671e+01	5.355652776719834662e+01
-12.24	-3.441330262207763013e+01	5.399718700117811210e+01
-12.22	-3.478746642895836771e+01	5.411418205157394823e+01
-12.20	-3.550328384392644665e+01	5.458705066066673339e+01
-12.18	-3.656314980470565246e+01	5.521726077787865705e+01
-12.16	-3.789299906359047299e+01	5.526608734005436219e+01
-12.14	-4.184503445049053738e+01	5.535898816583016213e+01
-12.12	-3.805942181671107249e+01	5.538441528755451060e+01
-12.10	-3.331810329447048247e+01	5.543169879960988311e+01
-12.08	-3.319850244028331332e+01	5.545255187571194000e+01
-12.06	-3.319666725554071718e+01	5.547349345181140023e+01
-12.04	-3.319143643069946847e+01	5.548861081929904771e+01
-12.02	-3.318660277513252765e+01	5.550328910148289907e+01
-12.00	-3.314409252501680214e+01	5.545546059020254859e+01
-11.98	-3.312198721520248768e+01	5.544118997753982825e+01
-11.96	-3.310847916756824816e+01	5.544108296536685287e+01
-11.94	-3.309778416356918029e+01	5.544644702017164661e+01
-11.92	-3.308567205253058319e+01	5.544920238029901327e+01
-11.90	-3.308164673538981049e+01	5.546485470759520808e+01
-11.88	-3.307279720953270186e+01	5.547113282859623240e+01
-11.86	-3.306355920482526756e+01	5.547509922026320339e+01
-11.84	-3.307201604298325748e+01	5.550621562332838721e+01
-11.82	-3.306941297847517802e+01	5.551521400638335990e+01
-11.80	-3.312070859522425081e+01	5.561104851314703268e+01
-11.78	-3.312048154613120232e+01	5.561500749371705155e+01
-11.76	-3.311773484252225330e+01	5.560885552637137863e+01
-11.74	-3.310462830343473684e+01	5.557882767548807834e+01
-11.72	-3.310626567646510665e+01	5.556660695072380207e+01
-11.70	-3.308772674076868725e+01	5.551248737099521691e+01
-11.68	-3.309098993052501214e+01	5.548866667493000904e+01
-11.66	-3.310258719000344740e+01	5.547278173419427105e+01
-11.64	-3.305714431408180332e+01	5.536006878241393281e+01
-11.62	-3.304953816785859289e+01	5.531924859482457180e+01
-11.60	-3.268254630577845177e+01	5.470341438361611353e+01
-11.58	-3.241968045839094259e+01	5.433246395996496858e+01
-11.56	-3.224006652456498756e+01	5.425448862945612660e+01
-11.54	-3.177019980109297137e+01	5.394185201597627355e+01
-11.52	-3.127924982409435017e+01	5.387272687788310321e+01
-11.50	-3.057594350956762952e+01	5.357903524319571176e+01
-11.48	-2.998058686069624912e+01	5.348457337068956008e+01
-11.46	-2.942607178062118933e+01	5.341708111195688957e+01
-11.44	-2.875236469028378039e+01	5.304571579292198180e+01
-11.42	-2.825654793340910942e+01	5.293226171706170646e+01
-11.40	-2.721213033212029941e+01	5.165064191997608845e+01
-11.38	-2.657161121861363995e+01	5.106367858731454135e+01
-11.36	-2.620759153164121003e+01	5.095168289968005126e+01
-11.34	-2.571942064791403126e+01	5.050997174265572909e+01
-11.32	-2.544044011000949013e+01	5.041808154455428337e+01
-11.30	-2.505433241539205014e+01	5.003015383336551736e+01
-11.28	-2.483406458153724827e+01	4.991015051267468294e+01
-11.26	-2.466308097903361940e+01	4.982359306477580674e+01
-11.24	-2.434885050391962835e+01	4.936449155149725243e+01
-11.22	-2.422116811837562977e+01	4.922747629734173813e+01
-11.20	-2.349265489315125066e+01	4.775446844104988742e+01
-11.18	-2.319626875862043036e+01	4.712472559549271267e+01
-11.16	-2.317195468912969147e+01	4.700949637561935646e+01
-11.14	-2.301900265484445995e+01	4.656163741393378075e+01
-11.12	-2.306526706528850923e+01	4.647271501771844271e+01
-11.10	-2.300586716756821914e+01	4.610165751238324816e+01
-11.08	-2.310007467299655914e+01	4.599236215229547042e+01
-11.06	-2.323735712504227990e+01	4.591212842670549321e+01
-11.04	-2.324774231785731970e+01	4.551533025907067298e+01
-11.02	-2.342375207155289019e+01	4.540329508520788693e+01
-11.00	-2.317413375446126977e+01	4.438863514890871897e+01
-10.98	-2.329462655618862854e+01	4.407597478162894333e+01
-10.96	-2.356972474638554971e+01	4.402994739717870232e+01
-10.94	-2.380532038716631149e+01	4.386451972958008838e+01
-10.92	-2.413636223433618966e+01	4.383892839234601269e+01
-10.90	-2.445425797924583122e+01	4.374039865156805718e+01
-10.88	-2.483896690130055873e+01	4.371899932415151113e+01
-10.86	-2.524013223720843868e+01	4.370130687050737350e+01
-10.84	-2.559813499980822016e+01	4.365267218234890123e+01
-10.82	-2.588776645251029862e+01	4.364254706572201314e+01
-10.80	-2.606933643044764892e+01	4.365257206529658163e+01
-10.78	-2.629729944725222879e+01	4.389652764400926799e+01
-10.76	-2.634555939185219131e+01	4.392847448185907666e+01
-10.74	-2.642102225314236108e+01	4.405124624823579182e+01
-10.72	-2.642584056486134969e+01	4.407551080333124105e+01
-10.70	-2.643223500523966152e+01	4.410893807243005682e+01
-10.68	-2.648932034031101068e+01	4.422712980672581295e+01
-10.66	-2.649403337800379887e+01	4.425425519389298756e+01
-10.64	-2.657010622987121096e+01	4.439619125234292341e+01
-10.62	-2.658589002056845985e+01	4.443139015880530707e+01
-10.60	-2.669956839802904014e+01	4.462611017714831974e+01
-10.58	-2.695768419281912998e+01	4.505795053645191217e+01
-10.56	-2.698392481830169842e+01	4.509542690075694793e+01
-10.54	-2.706710132061105867e+01	4.522390275846012742e+01
-10.52	-2.708990391640794115e+01	4.524682828069438045e+01
-10.50	-2.712060750445132840e+01	4.527926886634884340e+01
-10.48	-2.719910017739346131e+01	4.538901845894495324e+01
-10.46	-2.722845830149098134e+01	4.541384933601079865e+01
-10.44	-2.732114512575381937e+01	4.554345182465797848e+01
-10.42	-2.735594985593328943e+01	4.557549016387879703e+01
-10.40	-2.748251613397320980e+01	4.576126464995012100e+01
-10.38	-2.778998569662012841e+01	4.625055539073542832e+01
-10.36	-2.783262186727719012e+01	4.630027326239483187e+01
-10.34	-2.794776322611486918e+01	4.647951535460529726e+01
-10.32	-2.800093101659643935e+01	4.651469859018465769e+01
-10.30	-3.117069858768708102e+01	4.656313759712742950e+01
-10.28	-3.707304672604662699e+01	4.673508123397981251e+01
-10.26	-3.535419999111682188e+01	4.677514714883888303e+01
-10.24	-3.357799206004297332e+01	4.699209523449881232e+01
-10.22	-3.291303360419117752e+01	4.704719942650682896e+01
-10.20	-3.276536880734469293e+01	4.737664248074887041e+01
-10.18	-3.313274103373640145e+01	4.828772847620457043e+01
-10.16	-3.306108641320537345e+01	4.838334184200648735e+01
-10.14	-3.316953996609908017e+01	4.872688068825579677e+01
-10.12	-3.310629926041139726e+01	4.879577652008404698e+01
-10.10	-3.304802133979273293e+01	4.889004028131707003e+01
-10.08	-3.313172632343403734e+01	4.922327029082406824e+01
-10.06	-3.306113071637803813e+01	4.930188891404583273e+01
-10.04	-3.321455963353331242e+01	4.972393430913231782e+01
-10.02	-3.320428846998360939e+01	4.983231027444603711e+01
-10.00	-3.355563627445508246e+01	5.047216315415472820e+01
-9.98	-3.462887309992564866e+01	5.218233586694221771e+01
-9.96	-3.486420394085570251e+01	5.235418251952165747e+01
-9.94	-3.548287049078466993e+01	5.295387271791170036e+01
-9.92	-3.593160313124450767e+01	5.307842427302772847e+01
-9.90	-3.669632030750207008e+01	5.361104701327401756e+01
-9.88	-3.728671457542623102e+01	5.377449849315124908e+01
-9.86	-3.782452544072423706e+01	5.389202112777132925e+01
-9.84	-3.848289477784204848e+01	5.451961564221041101e+01
-9.82	-3.872696800976464004e+01	5.469102700152304664e+01
-9.80	-3.981051802531479211e+01	5.607845849205298805e+01
-9.78	-3.908929198504487346e+01	5.730489222007643235e+01
-9.76	-3.861445390239847342e+01	5.743494191724803244e+01
-9.74	-3.855073039986889682e+01	5.788797706770100149e+01
-9.72	-3.839331076461807868e+01	5.796267430011536703e+01
-9.70	-3.832007849862058890e+01	5.807022790806895784e+01
-9.68	-3.842623456298588280e+01	5.838549819950703323e+01
-9.66	-3.842125724703924305e+01	5.845081067834419741e+01
-9.64	-3.856801483890816939e+01	5.873221377164966128e+01
-9.62	-3.861537970159626099e+01	5.880066723905363091e+01
-9.60	-3.885180526940777668e+01	5.915000720521238264e+01
-9.58	-3.886083587600079170e+01	5.907608397261663669e+01
-9.56	-3.892843243540244913e+01	5.904314060481156901e+01
-9.54	-3.897163683883840690e+01	5.889750162963599678e+01
-9.52	-3.915873933440627042e+01	5.885942815458621880e+01
-9.50	-3.951523855973790234e+01	5.881040384757918815e+01
-9.48	-4.036097325250634782e+01	5.861238707305518147e+01
-9.46	-4.032428476229397774e+01	5.856388749618049872e+01
-9.44	-3.736294275282782706e+01	5.828101462613889794e+01
-9.42	-3.680355825174878248e+01	5.819001315573346744e+01
-9.40	-3.602619136600593919e+01	5.703850842183724978e+01
-9.38	-3.561246839826097244e+01	5.646726585133261267e+01
-9.36	-3.546811467068720702e+01	5.635659322059772336e+01
-9.34	-3.510571216000945327e+01	5.591519541520740688e+01
-9.32	-3.495413781315023982e+01	5.582950438192489884e+01
-9.30	-3.477592476005774103e+01	5.571146353059727119e+01
-9.28	-3.442165394447869176e+01	5.531314514169400098e+01
-9.26	-3.425202487315831235e+01	5.521922820317674763e+01
-9.24	-3.384828985097084342e+01	5.474223202919519338e+01
-9.22	-3.365004801536603907e+01	5.459894089397941741e+01
-9.20	-3.256203025516666827e+01	5.298194265275036940e+01
-9.18	-3.200976409139524748e+01	5.223353872198050851e+01
-9.16	-3.183155016559138062e+01	5.209031091178310646e+01
-9.14	-3.140500058989967158e+01	5.151796439412154882e+01
-9.12	-3.126881284102399050e+01	5.140732562259246663e+01
-9.10	-3.112016097053529862e+01	5.125475961553542703e+01
-9.08	-3.077112695340061066e+01	5.074028848272102721e+01
-9.06	-3.067392773857681121e+01	5.061919683241990242e+01
-9.04	-3.029989277564378014e+01	5.000611092288620796e+01
-9.02	-3.021773343525476108e+01	4.985058887503375047e+01
-9.00	-2.973343925678031141e+01	4.899278599309675286e+01
-8.98	-2.855919724468093079e+01	4.696102145319367338e+01
-8.96	-2.852702675700864177e+01	4.680485486390097805e+01
-8.94	-2.823311294979783170e+01	4.619011717637300762e+01
-8.92	-2.825059033092015071e+01	4.606948363020305237e+01
-8.90	-2.804267123580391896e+01	4.555680687792415284e+01
-8.88	-2.806466090526695112e+01	4.540638485039672645e+01
-8.86	-2.812011649422040094e+01	4.529717361578467205e+01
-8.84	-2.790356628987456844e+01	4.473789598380817978e+01
-8.82	-2.794698083415104151e+01	4.459907679702318717e+01
-8.80	-2.763542991335362942e+01	4.389183369494160303e+01
-8.78	-2.691608704943089947e+01	4.250538399509890297e+01
-8.76	-2.731492156708154084e+01	4.239613668116840728e+01
-8.74	-2.884104504227531862e+01	4.204867249438221677e+01
-8.72	-2.955432419664472121e+01	4.198713804406619232e+01
-8.70	-2.814882795911375979e+01	4.172699159095981258e+01
-8.68	-2.752582016510918095e+01	4.165755424182317768e+01
-8.66	-2.710728404863777996e+01	4.160611877411078297e+01
-8.64	-2.666701747592512106e+01	4.136487951875977842e+01
-8.62	-2.638069690731547823e+01	4.130796264158632880e+01
-8.60	-2.602045159411824926e+01	4.105652115533362689e+01
-8.58	-2.566401031677931144e+01	4.076836991557617296e+01
-8.56	-2.548380735499155136e+01	4.076356040915060674e+01
-8.54	-2.532715108517491132e+01	4.077225786292832055e+01
-8.52	-2.518687028529286920e+01	4.078414939266581030e+01
-8.50	-2.508138252050122929e+01	4.083479794808489061e+01
-8.48	-2.497507845873732890e+01	4.086094031249218261e+01
-8.46	-2.487662231262083168e+01	4.087836716311800700e+01
-8.44	-2.484848190034351134e+01	4.100500882472535835e+01
-8.42	-2.478369268600820874e+01	4.104177793855077994e+01
-8.40	-2.484841343441829054e+01	4.130292388686539340e+01
-8.38	-2.527987735862143026e+01	4.223336476160420716e+01
-8.36	-2.528627148947861158e+01	4.234315303640087791e+01
-8.34	-2.545412873099186868e+01	4.273739427105265065e+01
-8.32	-2.547037610519587858e+01	4.282637132049119799e+01
-8.30	-2.564803111521732859e+01	4.320317930559348696e+01
-8.28	-2.569910541113797109e+01	4.332647233739032799e+01
-8.26	-2.573867281680206887e+01	4.341448008756481158e+01
-8.24	-2.599460260530970857e+01	4.389991245266394770e+01
-8.22	-2.607669245696273919e+01	4.404975103122063729e+01
-8.20	-2.698489227840347127e+01	4.574792632236591317e+01
-8.18	-2.740249498366953063e+01	4.652039518676121332e+01
-8.16	-2.748996922765653039e+01	4.666642403821799689e+01
-8.14	-2.780379993776168135e+01	4.723655402225590905e+01
-8.12	-2.787131819658032938e+01	4.734583882919839226e+01
-8.10	-2.795902688968250871e+01	4.749659333707791120e+01
-8.08	-2.822551137731388948e+01	4.798441995976744323e+01
-8.06	-2.829144316383606039e+01	4.810095939717245273e+01
-8.04	-2.859174003660531937e+01	4.865949333114801334e+01
-8.02	-2.868050826998523917e+01	4.882413750002522335e+01
-8.00	-2.958739188526314123e+01	5.052029339718553302e+01
-7.98	-2.996518626431699062e+01	5.122562999262356698e+01
-7.96	-3.004291522617688059e+01	5.135618856874099691e+01
-7.94	-3.032968492948947059e+01	5.186382149973751865e+01
-7.92	-3.040802938818134038e+01	5.196046702671832662e+01
-7.90	-3.052001342205381107e+01	5.209414185579775847e+01
-7.88	-3.081012884002403140e+01	5.252700404032751891e+01
-7.86	-3.094585044711296007e+01	5.263036396732155708e+01
-7.84	-3.131964970916828150e+01	5.313012628292093353e+01
-7.82	-3.153445934711416143e+01	5.327912818160280040e+01
-7.80	-3.255533157627832708e+01	5.485896593306336655e+01
-7.78	-3.313085518807523044e+01	5.553982558276427284e+01
-7.76	-3.345196640103905139e+01	5.566630978421010667e+01
-7.74	-3.402239314223619715e+01	5.615815917560303916e+01
-7.72	-3.442942296499934685e+01	5.625113731993627653e+01
-7.70	-3.491535364091121352e+01	5.637958845905340155e+01
-7.68	-3.563970750145239208e+01	5.678889309845197175e+01
-7.66	-3.626653141832670713e+01	5.688621993189367743e+01
-7.64	-3.715127351710327019e+01	5.733975022200804261e+01
-7.62	-3.764244989931859919e+01	5.746919082684477331e+01
-7.60	-3.826640817484668844e+01	5.866554129573601273e+01
-7.58	-3.786492626912586701e+01	5.903513245538300680e+01
-7.56	-3.720240796864092658e+01	5.908752073984008746e+01
-7.54	-3.673980960809746676e+01	5.926945174223614998e+01
-7.52	-3.627400999278471261e+01	5.929249149783490225e+01
-7.50	-3.587825240785043235e+01	5.932839584080763018e+01
-7.48	-3.554399841824817230e+01	5.939166745420236282e+01
-7.46	-3.522024712133337232e+01	5.940495895296928097e+01
-7.44	-3.491658348899390774e+01	5.938839274606449692e+01
-7.42	-3.465495491230579006e+01	5.937946240015441646e+01
-7.40	-3.433123386016819722e+01	5.919595757606712993e+01
-7.38	-3.355608346792399743e+01	5.816850147377285651e+01
-7.36	-3.333785248734840678e+01	5.803542862685662129e+01
-7.34	-3.294237467594847857e+01	5.753371550794911116e+01
-7.32	-3.280213579330148832e+01	5.741978675314845049e+01
-7.30	-3.247134842128693322e+01	5.692443891061312655e+01
-7.28	-3.235934400296150670e+01	5.676248272334556333e+01
-7.26	-3.229565254907291916e+01	5.664817816972553999e+01
-7.24	-3.194308162837344867e+01	5.599485364089350270e+01
-7.22	-3.188412152150532108e+01	5.582630079734897066e+01
-7.20	-3.138154638283286957e+01	5.486277669826399261e+01
-7.18	-3.010411983590318030e+01	5.253756358350450739e+01
-7.16	-3.004909509861511907e+01	5.232536446296222721e+01
-7.14	-2.971296122636375969e+01	5.161544883021213792e+01
-7.12	-2.971247957714549059e+01	5.147701687445690766e+01
-7.10	-2.945964978055011940e+01	5.089416442545437747e+01
-7.08	-2.945220762145915927e+01	5.072527115317792124e+01
-7.06	-2.947716494007057975e+01	5.060146972981149815e+01
-7.04	-2.922009315337356128e+01	4.998591727249169736e+01
-7.02	-2.924177810023768131e+01	4.983330997598226730e+01
-7.00	-2.892096848984715152e+01	4.908769272165905306e+01
-6.98	-2.825579790375558176e+01	4.775058530509622301e+01
-6.96	-2.833444812688254899e+01	4.765201688248024681e+01
-6.94	-2.830577144588459149e+01	4.735338543076483120e+01
-6.92	-2.843966924501154026e+01	4.730222205198572283e+01
-6.90	-2.849335761836118053e+01	4.709167257996897149e+01
-6.88	-2.866201569374833014e+01	4.703666240639172713e+01
-6.86	-2.886994403088617034e+01	4.699505079484649173e+01
-6.84	-2.904128529100603018e+01	4.681415207342190143e+01
-6.82	-2.938631001483107852e+01	4.677082806333317677e+01
-6.80	-2.976658034491084948e+01	4.659122768375919321e+01
-6.78	-3.012541338531593027e+01	4.635714786559555733e+01
-6.76	-3.033838866985744076e+01	4.634334895961418255e+01
-6.74	-3.014056709613016949e+01	4.630807774955331979e+01
-6.72	-2.977653652109307103e+01	4.630271512000380341e+01
-6.70	-2.938112697731439837e+01	4.629497652205986213e+01
-6.68	-2.900131642691900069e+01	4.627814512514314771e+01
-6.66	-2.866169568382568045e+01	4.627412108281215097e+01
-6.64	-2.834896315236685993e+01	4.626405739126415284e+01
-6.62	-2.806753399434542118e+01	4.626156957426695726e+01
-6.60	-2.781930135207447918e+01	4.627517284201191217e+01
-6.58	-2.759471455545946839e+01	4.629151820354103108e+01
-6.56	-2.738358084223917999e+01	4.629378455452270202e+01
-6.54	-2.719919984433958149e+01	4.630638306672054227e+01
-6.52	-2.702973673919169073e+01	4.630747447832884234e+01
-6.50	-2.688115115264345079e+01	4.630940426547473976e+01
-6.48	-2.675625135998255999e+01	4.631693808660538281e+01
-6.46	-2.664827975271341032e+01	4.631743602534216819e+01
-6.44	-2.656174574415729950e+01	4.632015004807821867e+01
-6.42	-2.649220611729586139e+01	4.631795238443643825e+01
-6.40	-2.640771213994165123e+01	4.625137881374521243e+01
-6.38	-2.633619842862643168e+01	4.617443778836277346e+01
-6.36	-2.631127444158704876e+01	4.615379625071692260e+01
-6.34	-2.626997319918008955e+01	4.607273510918678028e+01
-6.32	-2.627484860546375955e+01	4.605294650956580682e+01
-6.30	-2.628925901716102942e+01	4.602728796965735825e+01
-6.28	-2.628026219899802030e+01	4.593738705019364943e+01
-6.26	-2.631469771230469945e+01	4.591411885553515049e+01
-6.24	-2.630568655101138020e+01	4.579759094872739666e+01
-6.22	-2.634383358631487937e+01	4.576117639274937687e+01
-6.20	-2.620900009554679144e+01	4.539852294891422702e+01
-6.18	-2.621098916818527869e+01	4.529185797451454931e+01
-6.16	-2.626117331693799883e+01	4.527962601670699883e+01
-6.14	-2.629901531307124074e+01	4.525062514044370232e+01
-6.12	-2.634819858789569125e+01	4.525133809814054331e+01
-6.10	-2.639014438044678101e+01	4.525021771646510871e+01
-6.08	-2.644679524190065933e+01	4.528745721036595739e+01
-6.06	-2.648052408109633049e+01	4.529623012838227680e+01
-6.04	-2.656279567637377070e+01	4.540611598001355276e+01
-6.02	-2.660168144793878042e+01	4.544961799116605761e+01
-6.00	-2.706997599493918827e+01	4.628949385051753751e+01
-5.98	-2.738069613700731963e+01	4.685623645255105885e+01
-5.96	-2.744153685679438937e+01	4.697618280095031906e+01
-5.94	-2.770103013961827898e+01	4.746919880700531280e+01
-5.92	-2.774404487549563925e+01	4.757610484207622648e+01
-5.90	-2.798071134067295063e+01	4.804284387458199745e+01
-5.88	-2.803945204813739878e+01	4.818995995735924254e+01
-5.86	-2.807446644973521899e+01	4.829432062336289988e+01
-5.84	-2.837065330808948005e+01	4.887620925017137097e+01
-5.82	-2.843333739834156049e+01	4.902355247912065295e+01
-5.80	-2.885892324715507939e+01	4.983093048836789762e+01
-5.78	-2.978309040360720061e+01	5.153905054390357776e+01
-5.76	-2.986403315540598058e+01	5.167382984147668878e+01
-5.74	-3.011680398320460128e+01	5.210128686928037212e+01
-5.72	-3.019069847275680019e+01	5.217423855628606333e+01
-5.70	-3.040600597592250054e+01	5.248031393817426249e+01
-5.68	-3.051102358381719171e+01	5.255767063640296755e+01
-5.66	-3.061934686702932140e+01	5.261612035041989088e+01
-5.64	-3.084586001937895006e+01	5.286739020191546246e+01
-5.62	-3.097698869246339015e+01	5.292485972492011115e+01
-5.60	-3.120021636689601152e+01	5.313498456817615079e+01
-5.58	-3.134956960938355053e+01	5.319857589039990842e+01
-5.56	-3.145715274754688906e+01	5.318152869353296808e+01
-5.54	-3.153100844006715064e+01	5.310320595952479295e+01
-5.52	-3.163449997751562037e+01	5.308127298371523040e+01
-5.50	-3.169569868877020014e+01	5.299130946531494146e+01
-5.48	-3.178591368921176041e+01	5.296013335612585848e+01
-5.46	-3.187521797453671013e+01	5.293755941255970043e+01
-5.44	-3.190450102669435850e+01	5.281868102074209048e+01
-5.42	-3.198035006773077882e+01	5.278707063066966754e+01
-5.40	-3.198142107693676905e+01	5.262981301978914672e+01
-5.38	-3.191090132299977000e+01	5.235817805939984737e+01
-5.36	-3.198738128872230035e+01	5.233919830771530002e+01
-5.34	-3.204433600514128244e+01	5.228880260128953239e+01
-5.32	-3.212479263892107895e+01	5.228063547921183130e+01
-5.30	-3.218790534653483348e+01	5.224988161158353250e+01
-5.28	-3.225700054794101135e+01	5.224130285068333990e+01
-5.26	-3.231314247784523985e+01	5.223446209882647651e+01
-5.24	-3.233743422585045835e+01	5.221017698772728721e+01
-5.22	-3.234343415311271741e+01	5.220263853309913316e+01
-5.20	-3.226744862957082205e+01	5.211780646320074339e+01
-5.18	-3.216603575242667290e+01	5.205390640521626722e+01
-5.16	-3.205801457661900855e+01	5.203801273211396250e+01
-5.14	-3.188861591280279839e+01	5.197506175482322988e+01
-5.12	-3.172428321253805095e+01	5.196044967496244738e+01
-5.10	-3.154087402192644873e+01	5.194086870905479714e+01
-5.08	-3.131967125538985997e+01	5.187300842733036177e+01
-5.06	-3.112805555181743955e+01	5.185664677591986305e+01
-5.04	-3.090109721012661126e+01	5.177158174049665007e+01
-5.02	-3.072065489134860883e+01	5.174569383243412801e+01
-5.00	-3.042569839901150175e+01	5.149425097698365761e+01
-4.98	-3.025845163468365939e+01	5.142419054463292838e+01
-4.96	-3.015526616743665045e+01	5.141684304838693720e+01
-4.94	-3.007352103668167942e+01	5.139504080723923352e+01
-4.92	-3.003650177706991897e+01	5.139468386278579715e+01
-4.90	-3.003322671683756084e+01	5.139325817812132158e+01
-4.88	-3.007572004282667066e+01	5.140657952284603738e+01
-4.86	-3.014614501566443039e+01	5.141011679513834309e+01
-4.84	-3.027635236613271985e+01	5.145335639734035738e+01
-4.82	-3.042451298453296005e+01	5.147060413002324708e+01
-4.80	-3.076277188198447021e+01	5.176114120435413213e+01
-4.78	-3.105152683816234926e+01	5.192076349291617277e+01
-4.76	-3.128386307115086140e+01	5.195024806170575715e+01
-4.74	-3.158026787860596940e+01	5.206500007309067968e+01
-4.72	-3.182352738371955070e+01	5.208537663716739985e+01
-4.70	-3.206318939779121280e+01	5.211372283552744733e+01
-4.68	-3.231204433767044293e+01	5.219738624197609056e+01
-4.66	-3.247824954484777749e+01	5.221702823364032753e+01
-4.64	-3.261821768812394140e+01	5.229213591963822694e+01
-4.62	-3.265188940630263659e+01	5.230908797873078697e+01
-4.60	-3.262156749036763870e+01	5.233424082829490231e+01
-4.58	-3.246354646403177213e+01	5.223998757000070725e+01
-4.56	-3.231324588071814219e+01	5.221273814694100679e+01
-4.54	-3.209314871342846232e+01	5.209451563761417248e+01
-4.52	-3.192400847027148103e+01	5.206660268046717732e+01
-4.50	-3.175737116914686098e+01	5.203016635954722346e+01
-4.48	-3.153840802504181084e+01	5.188706297800113276e+01
-4.46	-3.139420520254585156e+01	5.185222296168286960e+01
-4.44	-3.116868062778690884e+01	5.165344788786575236e+01
-4.42	-3.103819321753618965e+01	5.160164962527196764e+01
-4.40	-3.076851946366408086e+01	5.128202832569881053e+01
-4.38	-3.019259313384382892e+01	5.040549030764945115e+01
-4.36	-3.006839065734109084e+01	5.031768506275391672e+01
-4.34	-2.982671807977051159e+01	5.001003570298041012e+01
-4.32	-2.972670865167181020e+01	4.994584211313264177e+01
-4.30	-2.951268331419282021e+01	4.967079356051978323e+01
-4.28	-2.940883682760308915e+01	4.958631245408899701e+01
-4.26	-2.932097410719751096e+01	4.952596077772712846e+01
-4.24	-2.908593768715223860e+01	4.919388426625931032e+01
-4.22	-2.899100489352247934e+01	4.911020648630132257e+01
-4.20	-2.868988533163512855e+01	4.864510091404316938e+01
-4.18	-2.804058641455019085e+01	4.754380046566586060e+01
-4.16	-2.794484806972701918e+01	4.744252002928377010e+01
-4.14	-2.771916403948716834e+01	4.710038474744261094e+01
-4.12	-2.764707905424818080e+01	4.703337330940512118e+01
-4.10	-2.745736677339374054e+01	4.674649656428069022e+01
-4.08	-2.738164406863081979e+01	4.666308243635663189e+01
-4.06	-2.732068684857578944e+01	4.660251226495550014e+01
-4.04	-2.712576608023584868e+01	4.629109316185868295e+01
-4.02	-2.706106970846957083e+01	4.621414136199827283e+01
-4.00	-2.683134269940250149e+01	4.582889420571589767e+01
-3.98	-2.643856935397639063e+01	4.514098937474884110e+01
-3.96	-2.639585375904612974e+01	4.509439858076478913e+01
-3.94	-2.630549362324569884e+01	4.495815346242456911e+01
-3.92	-2.628016818140912036e+01	4.493864134369579233e+01
-3.90	-2.622277913125504867e+01	4.485634122743569208e+01
-3.88	-2.620309899447467927e+01	4.483985582302035056e+01
-3.86	-2.618788440090954950e+01	4.482695614890967306e+01
-3.84	-2.616017521127283985e+01	4.478361783346451119e+01
-3.82	-2.615597954666298008e+01	4.477630805807900316e+01
-3.80	-2.616116669527287897e+01	4.477738098750258899e+01
-3.78	-2.626079587590061948e+01	4.494064102789185711e+01
-3.76	-2.629109113658329022e+01	4.496154327286451746e+01
-3.74	-2.636243432187020019e+01	4.504316709010615227e+01
-3.72	-2.640845221311668922e+01	4.506088587795233735e+01
-3.70	-2.646765302540337927e+01	4.508407521727306744e+01
-3.68	-2.656662856652679139e+01	4.516092775914380297e+01
-3.66	-2.664360263929841111e+01	4.517859534419787337e+01
-3.64	-2.676887791619223123e+01	4.526791593208667308e+01
-3.62	-2.686682732649499883e+01	4.529139250483540025e+01
-3.60	-2.702576020030404891e+01	4.541238951361015808e+01
-3.58	-2.729798057852740101e+01	4.572683864445396296e+01
-3.56	-2.741758110757217892e+01	4.575920006362301962e+01
-3.54	-2.759264964116326979e+01	4.588939365067584220e+01
-3.52	-2.770935843622158856e+01	4.591880419161093840e+01
-3.50	-2.782504830461278900e+01	4.595801976288751689e+01
-3.48	-2.799326527067056958e+01	4.610493286069665686e+01
-3.46	-2.808717732877783035e+01	4.614115322679121789e+01
-3.44	-2.826705849062637910e+01	4.635057757654769972e+01
-3.42	-2.834399605358935048e+01	4.640704558194588714e+01
-3.40	-2.858226049980019923e+01	4.677611364109041148e+01
-3.38	-2.931269918167284061e+01	4.799048340715378913e+01
-3.36	-2.940881869088244116e+01	4.812954699237280920e+01
-3.34	-2.971507439363124092e+01	4.863206256278100170e+01
-3.32	-2.978915287786541910e+01	4.873633938244053354e+01
-3.30	-2.988284298245327975e+01	4.887735387456476133e+01
-3.28	-3.019121265315962077e+01	4.936694557021959895e+01
-3.26	-3.028263475541173122e+01	4.948463725796685253e+01
-3.24	-3.066613436013296834e+01	5.009199746457399982e+01
-3.22	-3.078552939413459910e+01	5.024880612904730270e+01
-3.20	-3.131852644000122154e+01	5.112149114638059899e+01
-3.18	-3.254943316580418156e+01	5.315428526632022255e+01
-3.16	-3.268947511397310279e+01	5.333632760776522730e+01
-3.14	-3.307436812291930295e+01	5.393218389201054919e+01
-3.12	-3.317140447085822075e+01	5.403886460725711771e+01
-3.10	-3.329130705422903702e+01	5.418918036251974257e+01
-3.08	-3.359773850346483215e+01	5.465069374200972874e+01
-3.06	-3.369587675713753327e+01	5.475868921829479774e+01
-3.04	-3.401202526474767751e+01	5.523629545283520770e+01
-3.02	-3.412570976831720060e+01	5.536673114683849661e+01
-3.00	-3.479819353433205009e+01	5.644039424340157751e+01
-2.98	-3.499549006227434944e+01	5.670658155538283296e+01
-2.96	-3.506767511735039733e+01	5.673847602350120667e+01
-2.94	-3.519164908403251246e+01	5.684529022766061246e+01
-2.92	-3.526727990636231169e+01	5.685618830739843332e+01
-2.90	-3.536602894196830960e+01	5.689049038999152685e+01
-2.88	-3.545523295225785176e+01	5.688939710192484256e+01
-2.86	-3.555899371265272890e+01	5.689154080403230296e+01
-2.84	-3.565239958892102834e+01	5.684826716450920259e+01
-2.82	-3.578562792500771650e+01	5.683413240429594282e+01
-2.80	-3.586937427040191295e+01	5.667746534776171785e+01
-2.78	-3.567784829511084155e+01	5.600247206570171699e+01
-2.76	-3.591824887785198683e+01	5.592231310484908136e+01
-2.74	-3.617435986729425679e+01	5.562395483524574047e+01
-2.72	-3.702587940767851649e+01	5.555772627479880299e+01
-2.70	-3.768911152399432751e+01	5.526987012506226904e+01
-2.68	-3.515206045747088837e+01	5.517700384764859223e+01
-2.66	-3.440682473509367156e+01	5.511134683421102665e+01
-2.64	-3.411959010352229171e+01	5.473447410032736116e+01
-2.62	-3.401971669644667173e+01	5.463788623154962920e+01
-2.60	-3.361576718978253808e+01	5.407678210097306248e+01
-2.58	-3.266690783893749739e+01	5.265006501724455745e+01
-2.56	-3.251077625277927297e+01	5.251256520512051651e+01
-2.54	-3.214530915042850268e+01	5.204102794719283764e+01
-2.52	-3.201041411869732656e+01	5.194592993023468352e+01
-2.50	-3.168509725101651142e+01	5.153911906988022196e+01
-2.48	-3.153749940441279165e+01	5.141679268034930317e+01
-2.46	-3.141557182455746045e+01	5.132851268710585657e+01
-2.44	-3.107338139006764166e+01	5.086587669494313246e+01
-2.42	-3.095361757856836959e+01	5.074979043923990218e+01
-2.40	-3.054790869716039126e+01	5.014321574794421110e+01
-2.38	-2.976836526406091110e+01	4.889530748314726338e+01
-2.36	-2.970031240548291862e+01	4.879312517342940225e+01
-2.34	-2.951144433732653027e+01	4.846435145167716030e+01
-2.32	-2.950557019346021903e+01	4.840813492135966101e+01
-2.30	-2.950366428057131074e+01	4.832815158636852715e+01
-2.28	-2.941871149974182131e+01	4.808514570590516257e+01
-2.26	-2.946599842027308824e+01	4.802937669392092346e+01
-2.24	-2.941083784671587154e+01	4.778148290075547777e+01
-2.22	-2.948432823640121114e+01	4.772144242975564765e+01
-2.20	-2.943213544223391054e+01	4.743850370950649875e+01
-2.18	-2.926236172860325979e+01	4.695255546814608749e+01
-2.16	-2.937812556414689880e+01	4.691658704381816847e+01
-2.14	-2.945057383178236066e+01	4.680445740300314128e+01
-2.12	-2.958238071689651960e+01	4.678475028718739281e+01
-2.10	-2.967213777255253149e+01	4.669996534161249713e+01
-2.08	-2.979690734276814013e+01	4.667659451807857351e+01
-2.06	-2.991939161146703086e+01	4.665965827698281032e+01
-2.04	-2.999003865140135972e+01	4.657521187953351927e+01
-2.02	-3.008883515309423018e+01	4.655210276397536262e+01
-2.00	-3.000870405140829078e+01	4.633585336971310653e+01
-1.98	-2.975804539172982999e+01	4.590504484189354883e+01
-1.96	-2.951016434694868096e+01	4.553327614130088818e+01
-1.94	-2.921847172058567921e+01	4.513822684938669738e+01
-1.92	-2.893196029368989031e+01	4.477225345242973020e+01
-1.90	-2.863214347070205079e+01	4.440418878582182316e+01
-1.88	-2.832192255261433900e+01	4.403409557091632109e+01
-1.86	-2.800934479947351008e+01	4.367062590961010926e+01
-1.84	-2.769981768906982111e+01	4.331954413398393200e+01
-1.82	-2.738496613578208994e+01	4.296476236065259968e+01
-1.80	-2.718865699328116037e+01	4.279870443576265870e+01
-1.78	-2.696828920623805104e+01	4.259502491497170240e+01
-1.76	-2.666963672661368889e+01	4.226508876525314662e+01
-1.74	-2.644477550246038078e+01	4.204869805024141272e+01
-1.72	-2.614766362247112852e+01	4.171215664257262290e+01
-1.70	-2.586167370517776121e+01	4.138669308757120291e+01
-1.68	-2.564754166479593067e+01	4.116996073432991210e+01
-1.66	-2.536474538056774009e+01	4.083578534430822771e+01
-1.64	-2.518327146166592101e+01	4.065854906907812705e+01
-1.62	-2.491552064166780056e+01	4.033506924639868174e+01
-1.60	-2.479584586748237029e+01	4.024588724324416944e+01
-1.58	-2.492254906225304012e+01	4.055431581290159215e+01
-1.56	-2.466233314069409133e+01	4.022831637321211673e+01
-1.54	-2.448919591951474928e+01	4.004073746781360654e+01
-1.52	-2.421663652581113979e+01	3.968737336677676808e+01
-1.50	-2.401706520249463139e+01	3.945208774072816738e+01
-1.48	-2.374784099922473146e+01	3.910125967014595716e+01
-1.46	-2.347233115000014081e+01	3.873952208500268313e+01
-1.44	-2.326461828324465131e+01	3.849042654239701733e+01
-1.42	-2.298879885765359887e+01	3.812976252714756242e+01
-1.40	-2.278097438032623856e+01	3.788407976625180140e+01
-1.38	-2.258446647371161831e+01	3.765942932989508307e+01
-1.36	-2.228407552947046000e+01	3.726342546404511324e+01
-1.34	-2.198186888011158047e+01	3.686614465245217787e+01
-1.32	-2.167489941504864959e+01	3.646242562287517330e+01
-1.30	-2.136138939747529975e+01	3.604872450233378345e+01
-1.28	-2.105139949343594097e+01	3.564150408266691272e+01
-1.26	-2.074263737925156903e+01	3.523643496449353307e+01
-1.24	-2.041974055744312011e+01	3.480669325820070270e+01
-1.22	-2.010959546871541903e+01	3.439721098527545706e+01
-1.20	-1.975349987517718020e+01	3.390637553955507144e+01
-1.18	-1.944729814326267103e+01	3.349849217095947296e+01
-1.16	-1.915030027947666014e+01	3.310302679724524211e+01
-1.14	-1.886421509808090846e+01	3.272237942125607901e+01
-1.12	-1.857414607854959954e+01	3.233016479651355723e+01
-1.10	-1.828778447399652052e+01	3.193942994259581880e+01
-1.08	-1.802271314839508065e+01	3.158096541077766872e+01
-1.06	-1.774319506783519884e+01	3.119131544358922881e+01
-1.04	-1.750036826200406992e+01	3.086089391253640102e+01
-1.02	-1.723417963517371021e+01	3.048384914115154132e+01
-1.00	-1.715749597376760960e+01	3.043843967733900158e+01
-0.98	-1.698845150531743897e+01	3.022477701432751829e+01
-0.96	-1.673095829698236869e+01	2.984864873544242059e+01
-0.94	-1.653676801818205178e+01	2.958137922605613923e+01
-0.92	-1.627734038324710042e+01	2.919294198872864143e+01
-0.90	-1.607172320170219137e+01	2.889752440889946072e+01
-0.88	-1.581762986064505050e+01	2.851109505782833153e+01
-0.86	-1.556021862339454032e+01	2.811550033667770876e+01
-0.84	-1.535750820610932088e+01	2.781640647553155077e+01
-0.82	-1.510550521565867044e+01	2.742521140760312903e+01
-0.80	-1.498668703230523036e+01	2.727485861605336837e+01
-0.78	-1.474664679164465930e+01	2.690175557347335911e+01
-0.76	-1.447696248716209944e+01	2.647246462387160904e+01
-0.74	-1.421314905372418913e+01	2.605195188802811046e+01
-0.72	-1.394217845460337024e+01	2.561638582172131962e+01
-0.70	-1.367263761150826085e+01	2.518177027228367137e+01
-0.68	-1.339774096492844002e+01	2.473542811725614854e+01
-0.66	-1.312850824678858963e+01	2.429768502099495109e+01
-0.64	-1.284626126236540955e+01	2.383384111410910933e+01
-0.62	-1.257682327355754914e+01	2.339200428281879951e+01
-0.60	-1.228071972573970072e+01	2.289834085595748903e+01
-0.58	-1.192079417487141058e+01	2.228254946159421124e+01
-0.56	-1.165473130860383044e+01	2.184041184619691123e+01
-0.54	-1.136775778713395013e+01	2.135679805891063054e+01
-0.52	-1.110933200677565047e+01	2.092484320478276061e+01
-0.50	-1.084971369445852041e+01	2.048844513723384964e+01
-0.48	-1.057662017184055081e+01	2.002418846471946878e+01
-0.46	-1.032309677651564961e+01	1.959492388210620106e+01
-0.44	-1.005292526430766920e+01	1.913162004149080886e+01
-0.42	-9.801850871405456189e+00	1.870251701974821046e+01
-0.40	-9.497039678460385659e+00	1.816790087852579916e+01
-0.38	-9.233452099162962057e+00	1.770989444412258962e+01
-0.36	-8.992975882076429173e+00	1.729410040473920063e+01
-0.34	-8.740614914845005856e+00	1.685307843725455967e+01
-0.32	-8.504988247249279709e+00	1.644219130389008043e+01
-0.30	-8.269197546513138875e+00	1.602875565977912942e+01
-0.28	-8.025815234006342891e+00	1.559823561278967041e+01
-0.26	-7.794897013104551853e+00	1.518978071900533955e+01
-0.24	-7.553217736649974867e+00	1.475791735013896933e+01
-0.22	-7.324776851294916291e+00	1.434971886000604080e+01
-0.20	-7.050896282851557118e+00	1.384944583330019086e+01
-0.18	-6.811936152246085285e+00	1.341554772629134007e+01
-0.16	-6.596412783101561317e+00	1.302577994001311978e+01
-0.14	-6.372121653150255582e+00	1.261633739234565077e+01
-0.12	-6.162867594125041038e+00	1.223461980601878984e+01
-0.10	-5.947995110285347664e+00	1.183945545098115026e+01
-0.08	-5.743638392839396367e+00	1.146315414697517987e+01
-0.06	-5.540699785343996986e+00	1.108755182875185952e+01
-0.04	-5.335311883326734339e+00	1.071548917226547992e+01
-0.02	-5.131155413048620773e+00	1.036756136340897960e+01
-0.00	-4.935376163695622154e+00	1.000000000000001066e+01
