-24.00	-2.172116234397115164e+01	4.999999999999999289e+01
-23.00	-2.201414594031713889e+01	5.000980384651246169e+01
-22.00	-2.238543752017610089e+01	4.998106364085828801e+01
-21.00	-2.279926717290663163e+01	5.003528490239268223e+01
-20.00	-2.307307112946310923e+01	4.969126204915409772e+01
-19.00	-2.400275519577882122e+01	5.087413779458407248e+01
-18.00	-2.389799195065183923e+01	4.955551959714104981e+01
-17.00	-2.537904670436961041e+01	5.179078267218721976e+01
-16.98	-2.544772996458782899e+01	5.191750661760656271e+01
-16.96	-2.546789838899787028e+01	5.194828535705835293e+01
-16.94	-2.551661187338802961e+01	5.203618528060155768e+01
-16.92	-2.553335841015330132e+01	5.206238316667052146e+01
-16.90	-2.557096711769598940e+01	5.213533026702579320e+01
-16.88	-2.558569736299606134e+01	5.216519110343614329e+01
-16.86	-2.559639524182124148e+01	5.219032597112548189e+01
-16.84	-2.563101643761618931e+01	5.226707049042857989e+01
-16.82	-2.564192113596874023e+01	5.229757005241948065e+01
-16.80	-2.572039802599978131e+01	5.246767722787154753e+01
-16.78	-2.574029752498428891e+01	5.251887390480391105e+01
-16.76	-2.574346437286877887e+01	5.253584366625356239e+01
-16.74	-2.574884958019693926e+01	5.255645495531297939e+01
-16.72	-2.575087197136683059e+01	5.256839340084830070e+01
-16.70	-2.574901787807515063e+01	5.257002577783981678e+01
-16.68	-2.575093407705481141e+01	5.257573195700437907e+01
-16.66	-2.575648180051931035e+01	5.258486025744865344e+01
-16.64	-2.574273703109814093e+01	5.254972941567112343e+01
-16.62	-2.574872825991761971e+01	5.254946353844424323e+01
-16.60	-2.570615788236450072e+01	5.244390898683415259e+01
-16.58	-2.548625944514877162e+01	5.197014239816883929e+01
-16.56	-2.547759676282656116e+01	5.192117100085742720e+01
-16.54	-2.539333307437392051e+01	5.171137013656493764e+01
-16.52	-2.539690737879680071e+01	5.167422080184012856e+01
-16.50	-2.539593791317562932e+01	5.162083874410271278e+01
-16.48	-2.531903353053708017e+01	5.140662900875460650e+01
-16.46	-2.532803682675042012e+01	5.136102400484809039e+01
-16.44	-2.522808582784927012e+01	5.108834148414406684e+01
-16.42	-2.523250421650698883e+01	5.102205419052128121e+01
-16.40	-2.507451164339655136e+01	5.062250351531665160e+01
-16.38	-2.466119844321064036e+01	4.970363410493403933e+01
-16.36	-2.466385779413866075e+01	4.962237802237776663e+01
-16.34	-2.457926700934010000e+01	4.936220100326192295e+01
-16.32	-2.459968568404095990e+01	4.931070729638184247e+01
-16.30	-2.454564887020451991e+01	4.910743181907854904e+01
-16.28	-2.456395324598215879e+01	4.904742239703058715e+01
-16.26	-2.459017818824278123e+01	4.900144008773074233e+01
-16.24	-2.454231883436127859e+01	4.880644614263626124e+01
-16.22	-2.456476061711022041e+01	4.875063955900220947e+01
-16.20	-2.443032021865096937e+01	4.838249438589333806e+01
-16.18	-2.444683172164513962e+01	4.831369431293190075e+01
-16.16	-2.449220996847449072e+01	4.830117587142927249e+01
-16.14	-2.453504645500672865e+01	4.828258934310088790e+01
-16.12	-2.458428782725415118e+01	4.827548723171744882e+01
-16.10	-2.463385020239331169e+01	4.826780768995988780e+01
-16.08	-2.469107460144968869e+01	4.827357461532073302e+01
-16.06	-2.474375626737895928e+01	4.826885730348482895e+01
-16.04	-2.481040967301969857e+01	4.828956379326753279e+01
-16.02	-2.486731282879122062e+01	4.828916829147644307e+01
-16.00	-2.494650454399947037e+01	4.832986710228021110e+01
-15.98	-2.504570442085578108e+01	4.840689214262248186e+01
-15.96	-2.510415314004142928e+01	4.840236073457783306e+01
-15.94	-2.516447313781167949e+01	4.839911687558380748e+01
-15.92	-2.522289730904607907e+01	4.838995789349183951e+01
-15.90	-2.528262562530181867e+01	4.838107536517888718e+01
-15.88	-2.533791387307483944e+01	4.836182230255504777e+01
-15.86	-2.539831528951076933e+01	4.835069921738269727e+01
-15.84	-2.544762490144944067e+01	4.831715038441002719e+01
-15.82	-2.550586805145361069e+01	4.829978252673542727e+01
-15.80	-2.549922876132971084e+01	4.815918439865546219e+01
-15.78	-2.552962576816981866e+01	4.808925085214674766e+01
-15.76	-2.558633782714152005e+01	4.806976552585206264e+01
-15.74	-2.562774715646295931e+01	4.802270353620537691e+01
-15.72	-2.568509095913173823e+01	4.800737548214586781e+01
-15.70	-2.573979448623823885e+01	4.798932888469462910e+01
-15.68	-2.578639750878638992e+01	4.795882960226072100e+01
-15.66	-2.583986815886031962e+01	4.794445775618412853e+01
-15.64	-2.588848345484597857e+01	4.792461252897894752e+01
-15.62	-2.593947606531683903e+01	4.791306688479333786e+01
-15.60	-2.599712787918014101e+01	4.791826649515031278e+01
-15.58	-2.612904127955626166e+01	4.806467574279272270e+01
-15.56	-2.618669641725091068e+01	4.807856170424685160e+01
-15.54	-2.627805862412603943e+01	4.815920147310787769e+01
-15.52	-2.632995871929665910e+01	4.817215133934274718e+01
-15.50	-2.641889306230772050e+01	4.825770103574654257e+01
-15.48	-2.647137210602170043e+01	4.828189766109650805e+01
-15.46	-2.651586618809972862e+01	4.829633857739356273e+01
-15.44	-2.661930035349598000e+01	4.842355246442681249e+01
-15.42	-2.666542996547946842e+01	4.845152076932264151e+01
-15.40	-2.680761034348273952e+01	4.865960312646573982e+01
-15.38	-2.715758889192175829e+01	4.925043222146616273e+01
-15.36	-2.721165815879717087e+01	4.930859103498126927e+01
-15.34	-2.734789410194219172e+01	4.952151187499450202e+01
-15.32	-2.738605400950077140e+01	4.956208807318466114e+01
-15.30	-2.742942877424285086e+01	4.961850663588001709e+01
-15.28	-2.754768106094610047e+01	4.981668327928945672e+01
-15.26	-2.757863485688238114e+01	4.986307182031340091e+01
-15.24	-2.771237010015163094e+01	5.010240224375843354e+01
-15.22	-2.774995093155039072e+01	5.017414703626474903e+01
-15.20	-2.816877448980677912e+01	5.094365605374400019e+01
-15.18	-2.833433450356767125e+01	5.126150787207276238e+01
-15.16	-2.835463506862824090e+01	5.132215223632415046e+01
-15.14	-2.845786331437010830e+01	5.153991637479541765e+01
-15.12	-2.846346114290734164e+01	5.158672980274141651e+01
-15.10	-2.853516976023036023e+01	5.175946148003689729e+01
-15.08	-2.853873767152972007e+01	5.181362237276385230e+01
-15.06	-2.853314178380295019e+01	5.185599978643514874e+01
-15.04	-2.859402868587595137e+01	5.202372957904191253e+01
-15.02	-2.858711238631088136e+01	5.207137220879496198e+01
-15.00	-2.864799575953648159e+01	5.224595798154898318e+01
-14.98	-2.870593557553553055e+01	5.241745369730841020e+01
-14.96	-2.867524082170493926e+01	5.242818374704266660e+01
-14.94	-2.863327679397083969e+01	5.241891489450932085e+01
-14.92	-2.859689749178811979e+01	5.241999551190654927e+01
-14.90	-2.854186337454018840e+01	5.238641782568365812e+01
-14.88	-2.850097789896041078e+01	5.237805391701302682e+01
-14.86	-2.846401648668386031e+01	5.237596210006481812e+01
-14.84	-2.838706753080285949e+01	5.229874609190729728e+01
-14.82	-2.834223785644170945e+01	5.227945610891885053e+01
-14.80	-2.810234966798002176e+01	5.189743152117213043e+01
-14.78	-2.797085448380801154e+01	5.171436070176647348e+01
-14.76	-2.792338476482064991e+01	5.168592695872507647e+01
-14.74	-2.781993364796691992e+01	5.155247942740574274e+01
-14.72	-2.777826687344188983e+01	5.153290754424615727e+01
-14.70	-2.773158702811381104e+01	5.150306258238607171e+01
-14.68	-2.764153139599493159e+01	5.139129203132694101e+01
-14.66	-2.760050464842867157e+01	5.136964144846660218e+01
-14.64	-2.750443949911802832e+01	5.124337231536396331e+01
-14.62	-2.746235801627846129e+01	5.121565793811834055e+01
-14.60	-2.734776542465694149e+01	5.104903507985346778e+01
-14.58	-2.712186948277695109e+01	5.066924890861795916e+01
-14.56	-2.708282642440526899e+01	5.063495131392402726e+01
-14.54	-2.699821720164003125e+01	5.050874286034387950e+01
-14.52	-2.697133076422491982e+01	5.048306501030570814e+01
-14.50	-2.690037226070327137e+01	5.036545878742462889e+01
-14.48	-2.687777668911787998e+01	5.032804706592506250e+01
-14.46	-2.686799533420084884e+01	5.030203555222897194e+01
-14.44	-2.679621343558703117e+01	5.014574020608886684e+01
-14.42	-2.678991445702060048e+01	5.009734373500079130e+01
-14.40	-2.650134652209593966e+01	4.950163999474153087e+01
-14.38	-2.638269500623954045e+01	4.920899577412676251e+01
-14.36	-2.639811773319042842e+01	4.914995824395941781e+01
-14.34	-2.633528253930423091e+01	4.892663508982578691e+01
-14.32	-2.637694802672461947e+01	4.888051957966956707e+01
-14.30	-2.641967209706394115e+01	4.881833123725351697e+01
-14.28	-2.640221325487195969e+01	4.862606802516621229e+01
-14.26	-2.647039965767266878e+01	4.857651583521060701e+01
-14.24	-2.645967454929380835e+01	4.836532527846630103e+01
-14.22	-2.653746730202502135e+01	4.830205033376746115e+01
-14.20	-2.639215244028390117e+01	4.781892266245081657e+01
-14.18	-2.646169090741883068e+01	4.771711978854960279e+01
-14.16	-2.658562744813146139e+01	4.770336464614381100e+01
-14.14	-2.671552102586259991e+01	4.769055015226484784e+01
-14.12	-2.685745511515639095e+01	4.769005602721809822e+01
-14.10	-2.702477404565363983e+01	4.772579555862890288e+01
-14.08	-2.718580066822784147e+01	4.774117884100991205e+01
-14.06	-2.734723869069863866e+01	4.774740908790437288e+01
-14.04	-2.758100743301120161e+01	4.786811031807935990e+01
-14.02	-2.777098552480822136e+01	4.789603421454275178e+01
-14.00	-2.811215009442724977e+01	4.816156140033933752e+01
-13.98	-2.886531123627538875e+01	4.909314117353501672e+01
-13.96	-2.916235158849708853e+01	4.919320205458706852e+01
-13.94	-2.960895628163839888e+01	4.955976269071499019e+01
-13.92	-2.966673857701060157e+01	4.963190314164417316e+01
-13.90	-2.942565434312112060e+01	4.973120467757949825e+01
-13.88	-2.939829362853938832e+01	5.007478412481196273e+01
-13.86	-2.939836601713520992e+01	5.015657738861644788e+01
-13.84	-2.967174120737545095e+01	5.056737957665013283e+01
-13.82	-2.980328194840937073e+01	5.069031953762699061e+01
-13.80	-3.061068501200943004e+01	5.195600237935985177e+01
-13.78	-3.096995114870594890e+01	5.245429646343723107e+01
-13.76	-3.109081715491253917e+01	5.254777658040941191e+01
-13.74	-3.135078488705332944e+01	5.287991477029518705e+01
-13.72	-3.145335441547335975e+01	5.294683697983469273e+01
-13.70	-3.156831366310785825e+01	5.303711651076854139e+01
-13.68	-3.177655321139548050e+01	5.328689788675853123e+01
-13.66	-3.187571520741390074e+01	5.335441732039397067e+01
-13.64	-3.208135479747922147e+01	5.360292870070063742e+01
-13.62	-3.218054300276028812e+01	5.367379340070772997e+01
-13.60	-3.239178431197520780e+01	5.393375751807592167e+01
-13.58	-3.261020448732976718e+01	5.420580439463312672e+01
-13.56	-3.267646740160950003e+01	5.422362990224110035e+01
-13.54	-3.272623441457528060e+01	5.421422706262777069e+01
-13.52	-3.278256760559354177e+01	5.421577416970536234e+01
-13.50	-3.280649815929975688e+01	5.416296295601308231e+01
-13.48	-3.285332089182701765e+01	5.414739299065428213e+01
-13.46	-3.290757441111571779e+01	5.414281477774054707e+01
-13.44	-3.288155757814074320e+01	5.400361800478302143e+01
-13.42	-3.291640715511184823e+01	5.396338690311076647e+01
-13.40	-3.246943703573850826e+01	5.312645808461022767e+01
-13.38	-3.222636873355148168e+01	5.262532556802806027e+01
-13.36	-3.222827190482495752e+01	5.252736780092119062e+01
-13.34	-3.203016442437875355e+01	5.210011311521638078e+01
-13.32	-3.204237487588154210e+01	5.201819763836758170e+01
-13.30	-3.203488113863468101e+01	5.190413758718820247e+01
-13.28	-3.183853856488109102e+01	5.148323304496513231e+01
-13.26	-3.183952547340726014e+01	5.138700703561728744e+01
-13.24	-3.157352667507858968e+01	5.085928273251298748e+01
-13.22	-3.154695440691689967e+01	5.072552356559163655e+01
-13.20	-3.112378111129432057e+01	4.995296343153265184e+01
-13.18	-3.002178593816645957e+01	4.808889414806729690e+01
-13.16	-2.995320037357146958e+01	4.790914930264243310e+01
-13.14	-2.962756807004680937e+01	4.732202741073165697e+01
-13.12	-2.958209097504377993e+01	4.719707750087444964e+01
-13.10	-2.930191204452011888e+01	4.670252288706142707e+01
-13.08	-2.922539524108493936e+01	4.654694962107591039e+01
-13.06	-2.916721036431473024e+01	4.643009820278877697e+01
-13.04	-2.883936372529839076e+01	4.588871627901861672e+01
-13.02	-2.874973298130338861e+01	4.574201940217997731e+01
-13.00	-2.832821854212931001e+01	4.506765904314472238e+01
-12.98	-2.754976211375700856e+01	4.382701804130193324e+01
-12.96	-2.746338451320078988e+01	4.371343884845094152e+01
-12.94	-2.725747245518952866e+01	4.341460390350714249e+01
-12.92	-2.719007172921482862e+01	4.334739108274344233e+01
-12.90	-2.710605537519300867e+01	4.326031913933496753e+01
-12.88	-2.695127497864239885e+01	4.306321747342896344e+01
-12.86	-2.687581091835710012e+01	4.299941241068236764e+01
-12.84	-2.673631172614798146e+01	4.283378919973623056e+01
-12.82	-2.666288317571289923e+01	4.277749331035786895e+01
-12.80	-2.658463999086466956e+01	4.271385013005608755e+01
-12.78	-2.662762960079846053e+01	4.284937841071332087e+01
-12.76	-2.660160881100237873e+01	4.287074864519841810e+01
-12.74	-2.667037972301567095e+01	4.304735046329511761e+01
-12.72	-2.664976530824776901e+01	4.307544383046315062e+01
-12.70	-2.673884248914242079e+01	4.328345146492848983e+01
-12.68	-2.673855882767188064e+01	4.334349344753145772e+01
-12.66	-2.672414249241846917e+01	4.337748289717448102e+01
-12.64	-2.689434446234438880e+01	4.371630505216796081e+01
-12.62	-2.690685855444424135e+01	4.379003075701172065e+01
-12.60	-2.722492698838911096e+01	4.437721685102903990e+01
-12.58	-2.825191878815396862e+01	4.614266396177198715e+01
-12.56	-2.832876708109452935e+01	4.631700238562972771e+01
-12.54	-2.869371146563308983e+01	4.696587411811233181e+01
-12.52	-2.877622156895359140e+01	4.709608141171430162e+01
-12.50	-2.927509408835769023e+01	4.768548983298507693e+01
-12.48	-3.010096653325588889e+01	4.786518623573026332e+01
-12.46	-3.117280222700359005e+01	4.799201008536647350e+01
-12.44	-3.148454808463050014e+01	4.871026032263218042e+01
-12.42	-3.112387632003224880e+01	4.891959548645741762e+01
-12.40	-3.219162905758818738e+01	5.116732131627887981e+01
-12.38	-3.254039344432459302e+01	5.205458608078770055e+01
-12.36	-3.253771388212555138e+01	5.221307366994656718e+01
-12.34	-3.284614794923812298e+01	5.280263862056690982e+01
-12.32	-3.291461619123450077e+01	5.291296454919768877e+01
-12.30	-3.304781694248728030e+01	5.306549587836200033e+01
-12.28	-3.338981792684580086e+01	5.350686021840773776e+01
-12.26	-3.357776702897385235e+01	5.361805598595056210e+01
-12.24	-3.400359246722541684e+01	5.405942496405417330e+01
-12.22	-3.429180881592405683e+01	5.417712649225806132e+01
-12.20	-3.485542399098134325e+01	5.465070743453684798e+01
-12.18	-3.561257835923302650e+01	5.528163638411442804e+01
-12.16	-3.618716133130887869e+01	5.533118761267908070e+01
-12.14	-3.710583414013712655e+01	5.542483137353944045e+01
-12.12	-3.895965736060770013e+01	5.545100361716752246e+01
-12.10	-4.219788539355796786e+01	5.549902345578770735e+01
-12.08	-3.605818600755701908e+01	5.552060775751809985e+01
-12.06	-3.324717392389074888e+01	5.554231276862564926e+01
-12.04	-3.322216942145905705e+01	5.555818652128648694e+01
-12.02	-3.321365957387357781e+01	5.557360548998798322e+01
-12.00	-3.316849983359235665e+01	5.552652973788926971e+01
-11.98	-3.314408539721539171e+01	5.551302777615538275e+01
-11.96	-3.312857962954078772e+01	5.551369399679106920e+01
-11.94	-3.311642502367754304e+01	5.551983321132068028e+01
-11.92	-3.310278014530455692e+01	5.552337464696868352e+01
-11.90	-3.309692603639299335e+01	5.553982160880528340e+01
-11.88	-3.308570763111396218e+01	5.554689425895541177e+01
-11.86	-3.307342153066731782e+01	5.555165458678887802e+01
-11.84	-3.307788971489237184e+01	5.558356760122690332e+01
-11.82	-3.307010809354550673e+01	5.559336749069382222e+01
-11.80	-3.311503551700779724e+01	5.569003561508807110e+01
-11.78	-3.310693825069419916e+01	5.569483587810785252e+01
-11.76	-3.309482854650192252e+01	5.568952645095951226e+01
-11.74	-3.307086394224612036e+01	5.566032845026025910e+01
-11.72	-3.306011877954323808e+01	5.564891968196599947e+01
-11.70	-3.302755736346762205e+01	5.559562038172113319e+01
-11.68	-3.301523339909493160e+01	5.557262844576928273e+01
-11.66	-3.300936011621433863e+01	5.555759429445640762e+01
-11.64	-3.294462830707058743e+01	5.544574214854775818e+01
-11.62	-3.291542276451596649e+01	5.540579308892672117e+01
-11.60	-3.252582027055242264e+01	5.479083997317876253e+01
-11.58	-3.223904686341963810e+01	5.442076301264482652e+01
-11.56	-3.203942952250248766e+01	5.434364791375757164e+01
-11.54	-3.156760116932549920e+01	5.403190461390833121e+01
-11.52	-3.109691177701563092e+01	5.396368477511575890e+01
-11.50	-3.042148532403436079e+01	5.367090130539266113e+01
-11.48	-2.984796675389211984e+01	5.357734955494279205e+01
-11.46	-2.930865983352554949e+01	5.351077691481045662e+01
-11.44	-2.864545122238457964e+01	5.314033718458755828e+01
-11.42	-2.815722430650128061e+01	5.302782452445312344e+01
-11.40	-2.711841558783995154e+01	5.174715201565798850e+01
-11.38	-2.648232408681160166e+01	5.116114964303221768e+01
-11.36	-2.612182060031270936e+01	5.105013304135322016e+01
-11.34	-2.563644729318512105e+01	5.060940842014372265e+01
-11.32	-2.535972352024884913e+01	5.051856890610493878e+01
-11.30	-2.497541506607458928e+01	5.013170469416453301e+01
-11.28	-2.475658853501341028e+01	5.001277578323635709e+01
-11.26	-2.458672260347550065e+01	4.992729865859541150e+01
-11.24	-2.427331527313443971e+01	4.946927744206966082e+01
-11.22	-2.414620279528277891e+01	4.933334248466694305e+01
-11.20	-2.341798939204235097e+01	4.786141492512788176e+01
-11.18	-2.312169681726761894e+01	4.723275533464141773e+01
-11.16	-2.309724815656446850e+01	4.711863426184125814e+01
-11.14	-2.294392607407460005e+01	4.667189957859424254e+01
-11.12	-2.298960240057667903e+01	4.658410175262343245e+01
-11.10	-2.292938051181350900e+01	4.621416970473946151e+01
-11.08	-2.302251487525376916e+01	4.610601574984956841e+01
-11.06	-2.315843695082109122e+01	4.602695799934524246e+01
-11.04	-2.316711901019622033e+01	4.563134631048868783e+01
-11.02	-2.334104403552251128e+01	4.552050094027558202e+01
-11.00	-2.308882312010200977e+01	4.450703312181168769e+01
-10.98	-2.320617307932187856e+01	4.419556487236719988e+01
-10.96	-2.347737180436982030e+01	4.415072960575224670e+01
-10.94	-2.370798925313437877e+01	4.398649405598892770e+01
-10.92	-2.403242852034076904e+01	4.396209483659013273e+01
-10.90	-2.434099336455016882e+01	4.386475721364747216e+01
-10.88	-2.471193397189946950e+01	4.384455000406622105e+01
-10.86	-2.509352102193840039e+01	4.382805092281787296e+01
-10.84	-2.542987420165813006e+01	4.378063099804369784e+01
-10.82	-2.570718746487955997e+01	4.377173141887998753e+01
-10.80	-2.589123998390525827e+01	4.378298263248404254e+01
-10.78	-2.613003624573643080e+01	4.402816264034034077e+01
-10.76	-2.619273372185523030e+01	4.406133260363868231e+01
-10.74	-2.628257317325779141e+01	4.418532747313099662e+01
-10.72	-2.630125106125829859e+01	4.421081513134207341e+01
-10.70	-2.632050063285538855e+01	4.424546550355650254e+01
-10.68	-2.638932408114013128e+01	4.436491013769929026e+01
-10.66	-2.640503967891770998e+01	4.439332080714161322e+01
-10.64	-2.649119191343054069e+01	4.453655871952906864e+01
-10.62	-2.651637158176976072e+01	4.457305647369089741e+01
-10.60	-2.663870229320619032e+01	4.476908157369597774e+01
-10.58	-2.690452039869857970e+01	4.520221870865672287e+01
-10.56	-2.693762485799044981e+01	4.524102288329171273e+01
-10.54	-2.702656324171044133e+01	4.537084625095547352e+01
-10.52	-2.705403401538335828e+01	4.539510664427397302e+01
-10.50	-2.708838472483849102e+01	4.542883964617941217e+01
-10.48	-2.716975036719285086e+01	4.553985809320752054e+01
-10.46	-2.720125352592767953e+01	4.556596198827590172e+01
-10.44	-2.729560479481023094e+01	4.569679673992551017e+01
-10.42	-2.733145627749782847e+01	4.573003538065365348e+01
-10.40	-2.745824162060857887e+01	4.591701279807948310e+01
-10.38	-2.776438924376115125e+01	4.640754537682079217e+01
-10.36	-2.780265279898960884e+01	4.645850121415038103e+01
-10.34	-2.812181049108987096e+01	4.663895192689206937e+01
-10.32	-3.339852178432794716e+01	4.667533633507554924e+01
-10.30	-3.792461010901922691e+01	4.672498324581116691e+01
-10.28	-3.443075936383250735e+01	4.689812668119210315e+01
-10.26	-3.303749036035787867e+01	4.693933171116577796e+01
-10.24	-3.258947084084518053e+01	4.715741617319680756e+01
-10.22	-3.231989092286259790e+01	4.721367997211233813e+01
-10.20	-3.235450367930943827e+01	4.754425278608638905e+01
-10.18	-3.281908517345362952e+01	4.845642488095180056e+01
-10.16	-3.280094048431912768e+01	4.855309608361240947e+01
-10.14	-3.293461387882670266e+01	4.889769668699855742e+01
-10.12	-3.287738743745750014e+01	4.896769030811368850e+01
-10.10	-3.281197656305832311e+01	4.906302903456308684e+01
-10.08	-3.287992385772064807e+01	4.939729328114147222e+01
-10.06	-3.279008329945560973e+01	4.947693796712867709e+01
-10.04	-3.291779560685004213e+01	4.989999816558331247e+01
-10.02	-3.287806573469231353e+01	5.000929988262561210e+01
-10.00	-3.318674137775804667e+01	5.064999676166482345e+01
-9.98	-3.418963820505568663e+01	5.236098665855988088e+01
-9.96	-3.434412736865628091e+01	5.253359802644723686e+01
-9.94	-3.485271486841813982e+01	5.313401685780507222e+01
-9.92	-3.520609187908412707e+01	5.325927582899628732e+01
-9.90	-3.596541018979542059e+01	5.379257598499381743e+01
-9.88	-3.658593491443281209e+01	5.395666981632705728e+01
-9.86	-3.714811086101015292e+01	5.407481029769286351e+01
-9.84	-3.802857438865005690e+01	5.470301690172352238e+01
-9.82	-3.844529919424466868e+01	5.487503006279292350e+01
-9.80	-3.943199025136471647e+01	5.626303425471380848e+01
-9.78	-4.075936099413478075e+01	5.748999213448408341e+01
-9.76	-3.969304276708270152e+01	5.762056297009213068e+01
-9.74	-3.925190107980677823e+01	5.807409923145232256e+01
-9.72	-3.894347569319033653e+01	5.814926196387285273e+01
-9.70	-3.879345557413142132e+01	5.825726073371532010e+01
-9.68	-3.886410490120360350e+01	5.857296086141357705e+01
-9.66	-3.884448794209288991e+01	5.863867091454321212e+01
-9.64	-3.899834053634751285e+01	5.892044169804835718e+01
-9.62	-3.907292954742131741e+01	5.898923020908738835e+01
-9.60	-3.936942626431925873e+01	5.933887251250604322e+01
-9.58	-3.948597950669640255e+01	5.926522657126712801e+01
-9.56	-3.977182511936033649e+01	5.923253998694792699e+01
-9.54	-4.037832506527099241e+01	5.908712723498869224e+01
-9.52	-4.174060464679718052e+01	5.904924645554522300e+01
-9.50	-3.861187047661086780e+01	5.900034528891762164e+01
-9.48	-3.733537235142099320e+01	5.880238819784705839e+01
-9.46	-3.722778454010182259e+01	5.875392912839367909e+01
-9.44	-3.699667327694977814e+01	5.847108284288869129e+01
-9.42	-3.686985222407278684e+01	5.838003808111586324e+01
-9.40	-3.607087740790071706e+01	5.722843015480636097e+01
-9.38	-3.562753065451685330e+01	5.665708186775626842e+01
-9.36	-3.546514836796850290e+01	5.654630198693580212e+01
-9.34	-3.509324998029386222e+01	5.610475223024983649e+01
-9.32	-3.493735561016600144e+01	5.601885268062915912e+01
-9.30	-3.475725317884145227e+01	5.590058171075786220e+01
-9.28	-3.440179711914034755e+01	5.550206073723275324e+01
-9.26	-3.423065426624891927e+01	5.540782725294121747e+01
-9.24	-3.382495436403168299e+01	5.493044754529876883e+01
-9.22	-3.362409876846282941e+01	5.478678078771986293e+01
-9.20	-3.253387659130621046e+01	5.316941918896377217e+01
-9.18	-3.197895936651497095e+01	5.242059403200794776e+01
-9.16	-3.179779440571115856e+01	5.227684287317178757e+01
-9.14	-3.136878486591447057e+01	5.170394995384361181e+01
-9.12	-3.123003602263488077e+01	5.159276758563827769e+01
-9.10	-3.107914788242457149e+01	5.143960250090488273e+01
-9.08	-3.072870906846454986e+01	5.092445212578427771e+01
-9.06	-3.063021916766928143e+01	5.080263995075178229e+01
-9.04	-3.025608073984929902e+01	5.018886975621842339e+01
-9.02	-3.017406556543683038e+01	5.003251583734998320e+01
-9.00	-2.969159826340932895e+01	4.917383466593673802e+01
-8.98	-2.852187835349965894e+01	4.714120774123494328e+01
-8.96	-2.849291481822355010e+01	4.698416624006193132e+01
-8.94	-2.820411822166420990e+01	4.636844128822462352e+01
-8.92	-2.822750470647552845e+01	4.624673277691888984e+01
-8.90	-2.802753654234467007e+01	4.573297014738253097e+01
-8.88	-2.805873604749011108e+01	4.558145535018743288e+01
-8.86	-2.812520248052587846e+01	4.547108921367222223e+01
-8.84	-2.792208344177495150e+01	4.491058885856441663e+01
-8.82	-2.798152752423089140e+01	4.477052582474559728e+01
-8.80	-2.768730017133460919e+01	4.406208769914149315e+01
-8.78	-2.695965916589420885e+01	4.267426499910113336e+01
-8.76	-2.702102447319020939e+01	4.256359524175322662e+01
-8.74	-2.697373171159289029e+01	4.221473480492360864e+01
-8.72	-2.785597663897758025e+01	4.215180082242495274e+01
-8.70	-2.965605826109408127e+01	4.189015546480398200e+01
-8.68	-2.862161186958842052e+01	4.181915125432092850e+01
-8.66	-2.772129553982324168e+01	4.176614186820432195e+01
-8.64	-2.711168235623309997e+01	4.152332256220527995e+01
-8.62	-2.674037027409631051e+01	4.146474465634374695e+01
-8.60	-2.632961757496595112e+01	4.121155600949921904e+01
-8.58	-2.594000680637453016e+01	4.092165357116616775e+01
-8.56	-2.573690555167517857e+01	4.091520901269353772e+01
-8.54	-2.556374488081818086e+01	4.092206911822445647e+01
-8.52	-2.541116485633698829e+01	4.093203277372793281e+01
-8.50	-2.529634899448728902e+01	4.098080050879057268e+01
-8.48	-2.518289983745959049e+01	4.100508310605450646e+01
-8.46	-2.507895854695689053e+01	4.102053944394040741e+01
-8.44	-2.504652883731181845e+01	4.114511499782435777e+01
-8.42	-2.497850989601623084e+01	4.117987245208892233e+01
-8.40	-2.504084055993468994e+01	4.143900646626296691e+01
-8.38	-2.547062451055802157e+01	4.236731258914159781e+01
-8.36	-2.547581063325723960e+01	4.247489013023054127e+01
-8.34	-2.564298047280432868e+01	4.286701204707861024e+01
-8.32	-2.565895227278173962e+01	4.295405854489867892e+01
-8.30	-2.583674888099136169e+01	4.332862073486423071e+01
-8.28	-2.588822483220715043e+01	4.344964595998629164e+01
-8.26	-2.592848293580057017e+01	4.353550063065390674e+01
-8.24	-2.618540554054003167e+01	4.401883037578887325e+01
-8.22	-2.626867192891920055e+01	4.416644460070371281e+01
-8.20	-2.717826308895120135e+01	4.586226201242754286e+01
-8.18	-2.759743887169596022e+01	4.663253369865920916e+01
-8.16	-2.768664888163545967e+01	4.677641943757367216e+01
-8.14	-2.800240100151302158e+01	4.734432605955593232e+01
-8.12	-2.807192351631318061e+01	4.745131346095418223e+01
-8.10	-2.816178418684408058e+01	4.759982588905278789e+01
-8.08	-2.843061183424396177e+01	4.808563195999791162e+01
-8.06	-2.849894743047207868e+01	4.819984652459716301e+01
-8.04	-2.880177881328785006e+01	4.875607103667039155e+01
-8.02	-2.889315110770040107e+01	4.891856129890432214e+01
-8.00	-2.980304628664347888e+01	5.061263035632467222e+01
-7.98	-3.018379982726644073e+01	5.131575288487000108e+01
-7.96	-3.026438276083214163e+01	5.144398916329581795e+01
-7.94	-3.055428271818662012e+01	5.194951371501687731e+01
-7.92	-3.063572325553887055e+01	5.204412201945626748e+01
-7.90	-3.075077014617210835e+01	5.217564243523079881e+01
-7.88	-3.104395057894832988e+01	5.260626759953345299e+01
-7.86	-3.118258221284228071e+01	5.270749342660688797e+01
-7.84	-3.155925718195490148e+01	5.320542330042899692e+01
-7.82	-3.177664612668055000e+01	5.335232944211008999e+01
-7.80	-3.280029170525713056e+01	5.493009133870439342e+01
-7.78	-3.337828438654904062e+01	5.560903933034145297e+01
-7.76	-3.370184429677564708e+01	5.573369024164544783e+01
-7.74	-3.427515922406708171e+01	5.622360313276573152e+01
-7.72	-3.468562082080956088e+01	5.631450184420693006e+01
-7.70	-3.517646230762674975e+01	5.644118078257226756e+01
-7.68	-3.590833488772342719e+01	5.684881108214072754e+01
-7.66	-3.654704239929613863e+01	5.694438420746742224e+01
-7.64	-3.745162238887103001e+01	5.739610871229299960e+01
-7.62	-3.795789409064573761e+01	5.752385388572717773e+01
-7.60	-3.854621566968811663e+01	5.871880831390731714e+01
-7.58	-3.807963330898674315e+01	5.908675429764328868e+01
-7.56	-3.739321973001491983e+01	5.913750574302878249e+01
-7.54	-3.693401091644773260e+01	5.931799348946533712e+01
-7.52	-3.647681804477299039e+01	5.933972105649863238e+01
-7.50	-3.608874356047530085e+01	5.937425588013132227e+01
-7.48	-3.576047883197747268e+01	5.943604050845873843e+01
-7.46	-3.544165659238135646e+01	5.944811941307513337e+01
-7.44	-3.514203489216848197e+01	5.943044958637513275e+01
-7.42	-3.488357843121004720e+01	5.942028981249413988e+01
-7.40	-3.456231722398442230e+01	5.923549634757097238e+01
-7.38	-3.378912997235988769e+01	5.820691606116110250e+01
-7.36	-3.357277892425199184e+01	5.807302586489095830e+01
-7.34	-3.317860263841387791e+01	5.757025084812816829e+01
-7.32	-3.303936972107336345e+01	5.745526923576539957e+01
-7.30	-3.270941359908643875e+01	5.695907943613566005e+01
-7.28	-3.259818005309251987e+01	5.679641877897314117e+01
-7.26	-3.253504890885469791e+01	5.668134969913977272e+01
-7.24	-3.218259121714091719e+01	5.602714577398327833e+01
-7.22	-3.212394084289353202e+01	5.585801427914675088e+01
-7.20	-3.162151246530894966e+01	5.489401588748132355e+01
-7.18	-3.034381059080418908e+01	5.256821371464185688e+01
-7.16	-3.028861363709248877e+01	5.235538596891196761e+01
-7.14	-2.995220401582972158e+01	5.164499063203705020e+01
-7.12	-2.995154496716460102e+01	5.150634472233853245e+01
-7.10	-2.969817346626314958e+01	5.092311863722147791e+01
-7.08	-2.969009439128685912e+01	5.075384227008630234e+01
-7.06	-2.971445234566605009e+01	5.062986314339735827e+01
-7.04	-2.945667733575679037e+01	5.001425756330488781e+01
-7.02	-2.947735870626381072e+01	4.986154059324235988e+01
-7.00	-2.915499889430203950e+01	4.911572154648420252e+01
-6.98	-2.848824573332564114e+01	4.777874327497391249e+01
-6.96	-2.856501371476267082e+01	4.768040171201683819e+01
-6.94	-2.853372647264237116e+01	4.738200727446842109e+01
-6.92	-2.866406416017790093e+01	4.733109088274898824e+01
-6.90	-2.871312409333312132e+01	4.712085163891706685e+01
-6.88	-2.887537152467458057e+01	4.706628370739964851e+01
-6.86	-2.907342698118949897e+01	4.702511896425018278e+01
-6.84	-2.923054314554244826e+01	4.684468352601643915e+01
-6.82	-2.956077204025796945e+01	4.680195203136155868e+01
-6.80	-2.995211308457610144e+01	4.662303879626711023e+01
-6.78	-3.038495221981185068e+01	4.638963491464313904e+01
-6.76	-3.067568844091357860e+01	4.637645498099463737e+01
-6.74	-3.047648198815014098e+01	4.634202439168944210e+01
-6.72	-3.008725429898797898e+01	4.633761122777178798e+01
-6.70	-2.967408893578845053e+01	4.633076797208798325e+01
-6.68	-2.928284949110476987e+01	4.631480957851464098e+01
-6.66	-2.893543874553650852e+01	4.631174281777587964e+01
-6.64	-2.861702410799819063e+01	4.630281625938089007e+01
-6.62	-2.833079523377310949e+01	4.630145925610658253e+01
-6.60	-2.807843389683134916e+01	4.631617531675981070e+01
-6.58	-2.785039196467882050e+01	4.633378592645392757e+01
-6.56	-2.763624905957297884e+01	4.633742809350584224e+01
-6.54	-2.744902107291504123e+01	4.635139948997944970e+01
-6.52	-2.727665706459762873e+01	4.635382476172829058e+01
-6.50	-2.712549248784759115e+01	4.635727587800266036e+01
-6.48	-2.699823078941597032e+01	4.636642520254878264e+01
-6.46	-2.688766639718506113e+01	4.636850653001341271e+01
-6.44	-2.679840652413597013e+01	4.637279283866814694e+01
-6.42	-2.672627761101925969e+01	4.637223627795288650e+01
-6.40	-2.663942927857091902e+01	4.630744054562234169e+01
-6.38	-2.656526183775191896e+01	4.623229344985652745e+01
-6.36	-2.653760548800282848e+01	4.621343454734134326e+01
-6.34	-2.649370662267621057e+01	4.613426508467105691e+01
-6.32	-2.649601368071207119e+01	4.611643619810858752e+01
-6.30	-2.650765330326532876e+01	4.609271438083244732e+01
-6.28	-2.649556376539446845e+01	4.600469747324684278e+01
-6.26	-2.652723867816809999e+01	4.598343830859653281e+01
-6.24	-2.651562231886477861e+01	4.586898848883423341e+01
-6.22	-2.655082043518784118e+01	4.583461138581265715e+01
-6.20	-2.641282190796630047e+01	4.547397809709875816e+01
-6.18	-2.641180319912047025e+01	4.536936947989966740e+01
-6.16	-2.645924241746705974e+01	4.535924234151426759e+01
-6.14	-2.649403014934942036e+01	4.533235597924959848e+01
-6.12	-2.654002051019331887e+01	4.533517000628919646e+01
-6.10	-2.657898231313642867e+01	4.533623682511105812e+01
-6.08	-2.663274503979529939e+01	4.537570733378795040e+01
-6.06	-2.666343663667620945e+01	4.538666415814776656e+01
-6.04	-2.674241482617886945e+01	4.549863384191146309e+01
-6.02	-2.677827372065419098e+01	4.554439061749202722e+01
-6.00	-2.724376038688802026e+01	4.638660827314971158e+01
-5.98	-2.755144246416301002e+01	4.695559138950429201e+01
-5.96	-2.760913223703072106e+01	4.707774962298106658e+01
-5.94	-2.786560166727624122e+01	4.757309036065164776e+01
-5.92	-2.790573761768956018e+01	4.768252987844135760e+01
-5.90	-2.813924307382156087e+01	4.815159373465885295e+01
-5.88	-2.819465152884865944e+01	4.830090789817342767e+01
-5.86	-2.822661873639075125e+01	4.840756257425721998e+01
-5.84	-2.851991455921389118e+01	4.899177349967757777e+01
-5.82	-2.857954470611256070e+01	4.914131805495915728e+01
-5.80	-2.900186872632825086e+01	4.995069073833938234e+01
-5.78	-2.992304572105355831e+01	5.166106588863090110e+01
-5.76	-3.000103784439949095e+01	5.179824487062022342e+01
-5.74	-3.025076592877178072e+01	5.222785848828448252e+01
-5.72	-3.032173352031772851e+01	5.230268665733098743e+01
-5.70	-3.053438447047143001e+01	5.261047596399235715e+01
-5.68	-3.063672907918385846e+01	5.268954658699421856e+01
-5.66	-3.074237966042057835e+01	5.274971401433433726e+01
-5.64	-3.096614382041419944e+01	5.300249667127828701e+01
-5.62	-3.109448811578879912e+01	5.306139050078620301e+01
-5.60	-3.131498733110970889e+01	5.327296407674207757e+01
-5.58	-3.146171635897178831e+01	5.333810015788382231e+01
-5.56	-3.156676795390002965e+01	5.332267626266060034e+01
-5.54	-3.163809870451834882e+01	5.324592674589106167e+01
-5.52	-3.173904920164124022e+01	5.322540716762434698e+01
-5.50	-3.179771611845907131e+01	5.313683477578708647e+01
-5.48	-3.188542510559247845e+01	5.310704979316101770e+01
-5.46	-3.197223957632914093e+01	5.308586697615786676e+01
-5.44	-3.199904219943865868e+01	5.296837971090327812e+01
-5.42	-3.207244244737964323e+01	5.293816044739387650e+01
-5.40	-3.207109079658778938e+01	5.278229396307637700e+01
-5.38	-3.199812847365330981e+01	5.251216038672548336e+01
-5.36	-3.207225069250466021e+01	5.249475282579769697e+01
-5.34	-3.212681907266964743e+01	5.244576415902029254e+01
-5.32	-3.220478253360400345e+01	5.243846556826967742e+01
-5.30	-3.226542353788361339e+01	5.240865507705891702e+01
-5.28	-3.233223950989980011e+01	5.240157430594096155e+01
-5.26	-3.238605296291628832e+01	5.239619401749057204e+01
-5.24	-3.240784663688617684e+01	5.237304697739023851e+01
-5.22	-3.241113224888354694e+01	5.236639815356595307e+01
-5.20	-3.233214579355176710e+01	5.228259962735904764e+01
-5.18	-3.222751137178170922e+01	5.222000213021337345e+01
-5.16	-3.211598855876666647e+01	5.220505427449092650e+01
-5.14	-3.194289028713291145e+01	5.214279453088685301e+01
-5.12	-3.177488581138576862e+01	5.212909042665582859e+01
-5.10	-3.158794135183558893e+01	5.211076212953476272e+01
-5.08	-3.136337506546352927e+01	5.204403414724760069e+01
-5.06	-3.116861984024492926e+01	5.202796618788440242e+01
-5.04	-3.093882111722716033e+01	5.194351370637320287e+01
-5.02	-3.075585450305505830e+01	5.191854640906154117e+01
-5.00	-3.045852526089059964e+01	5.166786865759770819e+01
-4.98	-3.028910605141605927e+01	5.159817516751166266e+01
-4.96	-3.018387789722963888e+01	5.159103150768496704e+01
-4.94	-3.010015927775284084e+01	5.156981825486238336e+01
-4.92	-3.006124207495735945e+01	5.157005223089979751e+01
-4.90	-3.005613411021806058e+01	5.156886734798297311e+01
-4.88	-3.009689528867971831e+01	5.158240685638129008e+01
-4.86	-3.016573082091164082e+01	5.158645561322949646e+01
-4.84	-3.029453579035989108e+01	5.163049660849255673e+01
-4.82	-3.044148713713006060e+01	5.164783505222793991e+01
-4.80	-3.077879690320428097e+01	5.193832692372978954e+01
-4.78	-3.106677212262666998e+01	5.209822395967803743e+01
-4.76	-3.129851395160477168e+01	5.212798588917392095e+01
-4.74	-3.159461423105884137e+01	5.224274152457127229e+01
-4.72	-3.183779653305021995e+01	5.226288093869315077e+01
-4.70	-3.207757878054535894e+01	5.229139547402689203e+01
-4.68	-3.232663211553744986e+01	5.237528986966540856e+01
-4.66	-3.249293640174838771e+01	5.239461933728549781e+01
-4.64	-3.263271271762774006e+01	5.246932510132369032e+01
-4.62	-3.266568501340468345e+01	5.248616238926302913e+01
-4.60	-3.263422115451391647e+01	5.251141826476086294e+01
-4.58	-3.247473880036152849e+01	5.241670830683965221e+01
-4.56	-3.232285623034528754e+01	5.238912332947749917e+01
-4.54	-3.210113540094339868e+01	5.227080044701349237e+01
-4.52	-3.193051255262567167e+01	5.224258092086653704e+01
-4.50	-3.176255731949004968e+01	5.220550131713702768e+01
-4.48	-3.154233635543749159e+01	5.206176510513604683e+01
-4.46	-3.139690335650112019e+01	5.202685028443831072e+01
-4.44	-3.117024472136877122e+01	5.182762719441186761e+01
-4.42	-3.103870930552940877e+01	5.177517175814382711e+01
-4.40	-3.076804970146362095e+01	5.145503152072358688e+01
-4.38	-3.019116447791136082e+01	5.057804295590877075e+01
-4.36	-3.006614522328149164e+01	5.048942154266666194e+01
-4.34	-2.982372548711413174e+01	5.018069100492827062e+01
-4.32	-2.972285361534503068e+01	5.011603229576454055e+01
-4.30	-2.950802962434502064e+01	4.984013525953287882e+01
-4.28	-2.940347350765727086e+01	4.975444604005374316e+01
-4.26	-2.931494692345152941e+01	4.969302299435536696e+01
-4.24	-2.907926329875391858e+01	4.936050547769522723e+01
-4.22	-2.898376379538823144e+01	4.927579329324365887e+01
-4.20	-2.868213021664805851e+01	4.880936371990436129e+01
-4.18	-2.803230135689900138e+01	4.770734335302226725e+01
-4.16	-2.793608553239312897e+01	4.760527324326473320e+01
-4.14	-2.770994615990784027e+01	4.726200640438037226e+01
-4.12	-2.763741148239959955e+01	4.719386621980793706e+01
-4.10	-2.744720854540521060e+01	4.690628320570162657e+01
-4.08	-2.737119515100122058e+01	4.682149207807845670e+01
-4.06	-2.730994730582986918e+01	4.675965910629987832e+01
-4.04	-2.711469110680154060e+01	4.644726078251643742e+01
-4.02	-2.704968409096802162e+01	4.636927889552163151e+01
-4.00	-2.681974801911347939e+01	4.598252393947007732e+01
-3.98	-2.642672001567941109e+01	4.529361009709568719e+01
-3.96	-2.638378560575486986e+01	4.524601837479915645e+01
-3.94	-2.629329255642312901e+01	4.510824156173128330e+01
-3.92	-2.626777930831753949e+01	4.508743331776025798e+01
-3.90	-2.621016351866273908e+01	4.500412229285917221e+01
-3.88	-2.619036615891806008e+01	4.498632910549446962e+01
-3.86	-2.617510658006964874e+01	4.497195693647491055e+01
-3.84	-2.614724943267005841e+01	4.492777083127560900e+01
-3.82	-2.614293722789500052e+01	4.491907982328672233e+01
-3.80	-2.614803485633945002e+01	4.491856695492187157e+01
-3.78	-2.624758576787786879e+01	4.508049511457146252e+01
-3.76	-2.627780632171884889e+01	4.510050654143088167e+01
-3.74	-2.634923462866580834e+01	4.518083534393230849e+01
-3.72	-2.639544907945195007e+01	4.519700281858438728e+01
-3.70	-2.645464860920197836e+01	4.521909856595343058e+01
-3.68	-2.655357286092031899e+01	4.529501515022523961e+01
-3.66	-2.663056187001706832e+01	4.531148992296485289e+01
-3.64	-2.675594367529427942e+01	4.539918081209727774e+01
-3.62	-2.685397780140595003e+01	4.542137190352330833e+01
-3.60	-2.701297404477373121e+01	4.554143833060374646e+01
-3.58	-2.728541622476139139e+01	4.585453663059305285e+01
-3.56	-2.740528308625336962e+01	4.588541414777243688e+01
-3.54	-2.758057828063670058e+01	4.601434127260087337e+01
-3.52	-2.769743384774422168e+01	4.604281871168974760e+01
-3.50	-2.781329300106050084e+01	4.608082358248743304e+01
-3.48	-2.798183052361591905e+01	4.622611594520677869e+01
-3.46	-2.807596186647544911e+01	4.626121137188646770e+01
-3.44	-2.825605874998705858e+01	4.646970332401603798e+01
-3.42	-2.833326010486392121e+01	4.652501969115572678e+01
-3.40	-2.857182774006617976e+01	4.689256737591419721e+01
-3.38	-2.930279365386892110e+01	4.810575373912560337e+01
-3.36	-2.939905423969142007e+01	4.824393573049628259e+01
-3.34	-2.970571097028507879e+01	4.874515884331758997e+01
-3.32	-2.978016098589597860e+01	4.884799832491844995e+01
-3.30	-2.987418668949256073e+01	4.898778162699567673e+01
-3.28	-3.018307649485921829e+01	4.947647947179879679e+01
-3.26	-3.027500517800291036e+01	4.959299098826353713e+01
-3.24	-3.065935550608321947e+01	5.019886992125788794e+01
-3.22	-3.077935449274086110e+01	5.035466814980740224e+01
-3.20	-3.131299486137464072e+01	5.122648756580994700e+01
-3.18	-3.254529624649045871e+01	5.325818034633218900e+01
-3.16	-3.268624980355568255e+01	5.343877737166346975e+01
-3.14	-3.307219388580698904e+01	5.403357033890301864e+01
-3.12	-3.317015904421499783e+01	5.413938023819581247e+01
-3.10	-3.329118430546404994e+01	5.428849790473933012e+01
-3.08	-3.359907363336545671e+01	5.474872009543687312e+01
-3.06	-3.369859993782102237e+01	5.485562952162585049e+01
-3.04	-3.401628151459127736e+01	5.533245756399492166e+01
-3.02	-3.413161904296121918e+01	5.546189858513402271e+01
-3.00	-3.480637999620314815e+01	5.653427786937685795e+01
-2.98	-3.500569197839067215e+01	5.679949919278948300e+01
-2.96	-3.508027777481198228e+01	5.683053317018514861e+01
-2.94	-3.520718396056752653e+01	5.693635095146827751e+01
-2.92	-3.528635099962421862e+01	5.694606223674279022e+01
-2.90	-3.538929363359059721e+01	5.697940422615776868e+01
-2.88	-3.548360759012886945e+01	5.697759976850488783e+01
-2.86	-3.559408727313586951e+01	5.697873301864456863e+01
-2.84	-3.569643413281004030e+01	5.693436473806983855e+01
-2.82	-3.584215037273081350e+01	5.691926714213703775e+01
-2.80	-3.594464225890207842e+01	5.676181402778144758e+01
-2.78	-3.578276965002812204e+01	5.608587435648564679e+01
-2.76	-3.608174647866371743e+01	5.600457047385380349e+01
-2.74	-3.648772798043508914e+01	5.570535170870611097e+01
-2.72	-3.787610593479170262e+01	5.563834061579436963e+01
-2.70	-3.647883532699658815e+01	5.534958050135585239e+01
-2.68	-3.459536770276785234e+01	5.525565665472596777e+01
-2.66	-3.438075491691606089e+01	5.518917393482877998e+01
-2.64	-3.411472631571211167e+01	5.481173609610630848e+01
-2.62	-3.400999139267152316e+01	5.471425711278435244e+01
-2.60	-3.360273989145014184e+01	5.415218224317536055e+01
-2.58	-3.265190263216830857e+01	5.272467745773568737e+01
-2.56	-3.249461515848995674e+01	5.258662060584131126e+01
-2.54	-3.212825227605087264e+01	5.211431034314522037e+01
-2.52	-3.199282433898412847e+01	5.201819998332641859e+01
-2.50	-3.166701763783746060e+01	5.161066976124588024e+01
-2.48	-3.151906242506780131e+01	5.148770709599172335e+01
-2.46	-3.139685967314503046e+01	5.139870164962761834e+01
-2.44	-3.105440220122977024e+01	5.093523184179292684e+01
-2.42	-3.093435686037229004e+01	5.081847801450736313e+01
-2.40	-3.052830410400628125e+01	5.021141591661331915e+01
-2.38	-2.974853605779721022e+01	4.896281089274390297e+01
-2.36	-2.968049976009181989e+01	4.885987770187929158e+01
-2.34	-2.949174525677619840e+01	4.853045755407990924e+01
-2.32	-2.948613440374256101e+01	4.847371772985294314e+01
-2.30	-2.948469632102754900e+01	4.839308036317098072e+01
-2.28	-2.940041603145724025e+01	4.814928425529394218e+01
-2.26	-2.944846169835577143e+01	4.809296505186745918e+01
-2.24	-2.939414759426331969e+01	4.784457940233043871e+01
-2.22	-2.946865125801615903e+01	4.778392171397703692e+01
-2.20	-2.941755341411477076e+01	4.750020902983064985e+01
-2.18	-2.924879879009024108e+01	4.701361570306278281e+01
-2.16	-2.936559663248614171e+01	4.697715690664168164e+01
-2.14	-2.943909744312243859e+01	4.686437133214852224e+01
-2.12	-2.957190667573950904e+01	4.684398476411946177e+01
-2.10	-2.966247232025451908e+01	4.675862484223785742e+01
-2.08	-2.978783572573421878e+01	4.673478189544709949e+01
-2.06	-2.991075440031127997e+01	4.671721003159274233e+01
-2.04	-2.998164114396718105e+01	4.663200519065998151e+01
-2.02	-3.008038406604071113e+01	4.660836137180221073e+01
-2.00	-2.999986966637480990e+01	4.639162869804327727e+01
-1.98	-2.974866260052976941e+01	4.596024295026265349e+01
-1.96	-2.950020366572222841e+01	4.558779701150387353e+01
-1.94	-2.920784244352985937e+01	4.519222025975278711e+01
-1.92	-2.892062722390225105e+01	4.482584585619960649e+01
-1.90	-2.862020827891068109e+01	4.445716648212219724e+01
-1.88	-2.830946972948122919e+01	4.408642841995118289e+01
-1.86	-2.799643542841602084e+01	4.372242074846906235e+01
-1.84	-2.768650744654702933e+01	4.337090911538501103e+01
-1.82	-2.737134596845857004e+01	4.301560584499222983e+01
-1.80	-2.717486038290939021e+01	4.284891872393063750e+01
-1.78	-2.695428416857957998e+01	4.264475000912855052e+01
-1.76	-2.665541402478703858e+01	4.231436255997979856e+01
-1.74	-2.643041178312671136e+01	4.209745281081494284e+01
-1.72	-2.613321642247553100e+01	4.176032094477938728e+01
-1.70	-2.584714388285273046e+01	4.143436305326245161e+01
-1.68	-2.563292434099490080e+01	4.121727182654407073e+01
-1.66	-2.535010553072786976e+01	4.088254719344224242e+01
-1.64	-2.516865115031238176e+01	4.070470806907105299e+01
-1.62	-2.490087592142939954e+01	4.038072263449551258e+01
-1.60	-2.478116118438661886e+01	4.029115937728924735e+01
-1.58	-2.490790614420892979e+01	4.059912729027747247e+01
-1.56	-2.464773290370029102e+01	4.027258926200998701e+01
-1.54	-2.447461061020738882e+01	4.008462107041898292e+01
-1.52	-2.420205256751032863e+01	3.973090071454554106e+01
-1.50	-2.400252768237621837e+01	3.949519952150485125e+01
-1.48	-2.373338415786320965e+01	3.914389118942364121e+01
-1.46	-2.345793404315957176e+01	3.878175069726240309e+01
-1.44	-2.325024838529849092e+01	3.853233027417663692e+01
-1.42	-2.297450498372526084e+01	3.817125953230709712e+01
-1.40	-2.276676945404064156e+01	3.792516209273036765e+01
-1.38	-2.257032717747375017e+01	3.770016208187430351e+01
-1.36	-2.226997088172499062e+01	3.730387344976075781e+01
-1.34	-2.196781209881640962e+01	3.690625826589076297e+01
-1.32	-2.166092061391692880e+01	3.650211087596463955e+01
-1.30	-2.134743691469017079e+01	3.608807114577062691e+01
-1.28	-2.103746137009094141e+01	3.568053384390641725e+01
-1.26	-2.072872927906523088e+01	3.527511570442089806e+01
-1.24	-2.040587771450815069e+01	3.484499969328383173e+01
-1.22	-2.009575647185326019e+01	3.443520996668016920e+01
-1.20	-1.973966897248184083e+01	3.394413756558930828e+01
-1.18	-1.943350492434169041e+01	3.353590189407456279e+01
-1.16	-1.913654408758311831e+01	3.314006553345735284e+01
-1.14	-1.885046902978657002e+01	3.275910560091792689e+01
-1.12	-1.856038917960021095e+01	3.236663570080762753e+01
-1.10	-1.827404130264453030e+01	3.197560315993089830e+01
-1.08	-1.800900911735399035e+01	3.161678149475558897e+01
-1.06	-1.772948258826237833e+01	3.122688399949236882e+01
-1.04	-1.748663975960991124e+01	3.089623188087745831e+01
-1.02	-1.722044779117761948e+01	3.051891408005758066e+01
-1.00	-1.714374988480718898e+01	3.047320061061155982e+01
-0.98	-1.697467430543622058e+01	3.025929883522119113e+01
-0.96	-1.671713308726265979e+01	2.988297730494841886e+01
-0.94	-1.652291517129063081e+01	2.961548348875247072e+01
-0.92	-1.626346516995830171e+01	2.922682751516164146e+01
-0.90	-1.605780470762280032e+01	2.893123975256638047e+01
-0.88	-1.580366304082038020e+01	2.854468050234005005e+01
-0.86	-1.554621544734090932e+01	2.814891610909095832e+01
-0.84	-1.534347375248426992e+01	2.784962735667716061e+01
-0.82	-1.509142329731719911e+01	2.745833849729493892e+01
-0.80	-1.497253825717612052e+01	2.730790061752072972e+01
-0.78	-1.473246632174673998e+01	2.693469165282299826e+01
-0.76	-1.446277014144251005e+01	2.650529068525251830e+01
-0.74	-1.419894097111965081e+01	2.608472242467454905e+01
-0.72	-1.392795671724447004e+01	2.564913350364003009e+01
-0.70	-1.365843755100632073e+01	2.521442689787921054e+01
-0.68	-1.338357424138894913e+01	2.476800059508656915e+01
-0.66	-1.311436633476619917e+01	2.433020818191506152e+01
-0.64	-1.283214544400425972e+01	2.386632694824895040e+01
-0.62	-1.256276104334740928e+01	2.342439974474656950e+01
-0.60	-1.226673632837166927e+01	2.293060871845338866e+01
-0.58	-1.190689164577580073e+01	2.231477535836697967e+01
-0.56	-1.164089292459875935e+01	2.187257990239308114e+01
-0.54	-1.135400656827154009e+01	2.138886385055518957e+01
-0.52	-1.109567309799940915e+01	2.095678607787159109e+01
-0.50	-1.083614301278790926e+01	2.052030066043700884e+01
-0.48	-1.056313596646884001e+01	2.005597855733619994e+01
-0.46	-1.030970588824505008e+01	1.962662504816308129e+01
-0.44	-1.003963858575716017e+01	1.916322917459510933e+01
-0.42	-9.788668028593015435e+00	1.873402744070082093e+01
-0.40	-9.483985341582943818e+00	1.819930113392014093e+01
-0.38	-9.220516553277880334e+00	1.774117535293617109e+01
-0.36	-8.980151005065568626e+00	1.732526211921762993e+01
-0.34	-8.727912106647679025e+00	1.688410173965041139e+01
-0.32	-8.492405077002043612e+00	1.647307205845278943e+01
-0.30	-8.256737901800409674e+00	1.605949146424065077e+01
-0.28	-8.013487130497557231e+00	1.562882131330129987e+01
-0.26	-7.782699132249783602e+00	1.522020782595551935e+01
-0.24	-7.541158984748618899e+00	1.478818533085648923e+01
-0.22	-7.312853700473688434e+00	1.437984216421588002e+01
-0.20	-7.039133236755287015e+00	1.387943363316622936e+01
-0.18	-6.800322086559516421e+00	1.344540631916773066e+01
-0.16	-6.584943267564378644e+00	1.305551292313800005e+01
-0.14	-6.360804279312268328e+00	1.264594743365439022e+01
-0.12	-6.151699758687265707e+00	1.226410794425106054e+01
-0.10	-5.936984469578245438e+00	1.186884110360730915e+01
-0.08	-5.732781980483885320e+00	1.149244930862380087e+01
-0.06	-5.530000446834335115e+00	1.111676370761039045e+01
-0.04	-5.326666225048785286e+00	1.073779698919140912e+01
-0.02	-5.128785897233332669e+00	1.036771417086223046e+01
-0.00	-4.933109855260778609e+00	1.000000000000001066e+01
