-24.00	-2.172116008433991041e+01	4.999999999999999289e+01
-23.00	-2.202889979449390978e+01	4.998641835183835269e+01
-22.00	-2.240123981033021039e+01	4.995429638517760651e+01
-21.00	-2.281269373293264024e+01	5.001372185363153022e+01
-20.00	-2.308508962131728026e+01	4.966893858494383096e+01
-19.00	-2.401373258509385877e+01	5.084746727567478786e+01
-18.00	-2.391089148857100000e+01	4.952542533793703683e+01
-17.00	-2.539230787926477007e+01	5.175412457883344786e+01
-16.98	-2.546098472445016014e+01	5.188094911302607670e+01
-16.96	-2.548115379169968975e+01	5.191182816704994707e+01
-16.94	-2.552986883585353084e+01	5.199982528885092137e+01
-16.92	-2.554661718684391047e+01	5.202611869087989760e+01
-16.90	-2.558423096782829020e+01	5.209916141288589841e+01
-16.88	-2.559896968032055042e+01	5.212911050725917761e+01
-16.86	-2.560967537313266007e+01	5.215432298575071712e+01
-16.84	-2.564430719619425858e+01	5.223113481456920937e+01
-16.82	-2.565522721299392828e+01	5.226169712910377996e+01
-16.80	-2.573372394278556996e+01	5.243185451513460293e+01
-16.78	-2.575364690243073085e+01	5.248308088262231763e+01
-16.76	-2.575684630086751881e+01	5.250007103093606275e+01
-16.74	-2.576226054540464006e+01	5.252068528964586136e+01
-16.72	-2.576431863348890161e+01	5.253259917445291904e+01
-16.70	-2.576250153900652151e+01	5.253419114983228866e+01
-16.68	-2.576445559327700963e+01	5.253983934498732111e+01
-16.66	-2.577004364705203088e+01	5.254888839983294702e+01
-16.64	-2.575634034423140051e+01	5.251365471283308750e+01
-16.62	-2.576237298815233956e+01	5.251325941080366277e+01
-16.60	-2.571984204806209107e+01	5.240754969732179092e+01
-16.58	-2.549998066275954045e+01	5.193361203728950670e+01
-16.56	-2.549135294766909965e+01	5.188444583236554308e+01
-16.54	-2.540712181887650090e+01	5.167442000723522000e+01
-16.52	-2.541072200906137013e+01	5.163703480392803158e+01
-16.50	-2.540977114876815079e+01	5.158340347737927090e+01
-16.48	-2.533287408239949912e+01	5.136894353379457812e+01
-16.46	-2.534187847206284161e+01	5.132308652469085786e+01
-16.44	-2.524192475323177121e+01	5.105014181350910718e+01
-16.42	-2.524633740903250967e+01	5.098357549418547308e+01
-16.40	-2.508833764527521026e+01	5.058373495412067200e+01
-16.38	-2.467501658010247922e+01	4.966456777962719826e+01
-16.36	-2.467766800584345077e+01	4.958301242060574765e+01
-16.34	-2.459306899142427127e+01	4.932253385556622050e+01
-16.32	-2.461348211251522144e+01	4.927073452575149304e+01
-16.30	-2.455944569207440864e+01	4.906715166239514758e+01
-16.28	-2.457775693614205892e+01	4.900684658473785760e+01
-16.26	-2.460399645612070074e+01	4.896058200002813265e+01
-16.24	-2.455616276855415947e+01	4.876530421010028959e+01
-16.22	-2.457863481324969968e+01	4.870921333364888994e+01
-16.20	-2.444422884792912143e+01	4.834079382688643989e+01
-16.18	-2.446078123227109913e+01	4.827173727858656349e+01
-16.16	-2.450621115757153134e+01	4.825897438145249652e+01
-16.14	-2.454911200745517874e+01	4.824014946613453247e+01
-16.12	-2.459842733792631009e+01	4.823282472366091866e+01
-16.10	-2.464807217834878017e+01	4.822493712733300697e+01
-16.08	-2.470539124889099014e+01	4.823050335234830754e+01
-16.06	-2.475818012714556104e+01	4.822558706604814915e+01
-16.04	-2.482494929670075123e+01	4.824610988082010010e+01
-16.02	-2.488196946632907824e+01	4.824554944344752982e+01
-16.00	-2.496129034255256940e+01	4.828610519324598016e+01
-15.98	-2.506062540341720890e+01	4.836300032424650652e+01
-15.96	-2.511921724682624912e+01	4.835834291274237984e+01
-15.94	-2.517968891055614122e+01	4.835497402023292324e+01
-15.92	-2.523826488473460827e+01	4.834570670679642745e+01
-15.90	-2.529814567686829108e+01	4.833672884466000141e+01
-15.88	-2.535358608133081049e+01	4.831738827316844009e+01
-15.86	-2.541413618854457113e+01	4.830618247896720874e+01
-15.84	-2.546359276312632147e+01	4.827256049064539667e+01
-15.82	-2.552198199963611103e+01	4.825513117254830320e+01
-15.80	-2.551548177386385063e+01	4.811447431803019725e+01
-15.78	-2.554601374722438933e+01	4.804449303967412988e+01
-15.76	-2.560286361328109095e+01	4.802496167590985721e+01
-15.74	-2.564440901740929135e+01	4.797785624082928280e+01
-15.72	-2.570188119301878871e+01	4.796248944801143210e+01
-15.70	-2.575670450866368100e+01	4.794440788857811242e+01
-15.68	-2.580342830531273890e+01	4.791387004875367950e+01
-15.66	-2.585701596650651979e+01	4.789945716574729317e+01
-15.64	-2.590574800656897025e+01	4.787956172926644882e+01
-15.62	-2.595685764928159855e+01	4.786796247927131276e+01
-15.60	-2.601462378125026831e+01	4.787310594269293773e+01
-15.58	-2.614664857395336028e+01	4.801945433810791286e+01
-15.56	-2.620441991666799098e+01	4.803326808215751242e+01
-15.54	-2.629589855924730912e+01	4.811381492156402118e+01
-15.52	-2.634791655493132012e+01	4.812665102389866689e+01
-15.50	-2.643696924569525919e+01	4.821208173657326768e+01
-15.48	-2.648957249806917957e+01	4.823613824237097703e+01
-15.46	-2.653419885566909997e+01	4.825040941172503750e+01
-15.44	-2.663776718994839854e+01	4.837744137107806353e+01
-15.42	-2.668403691233693920e+01	4.840521638136159766e+01
-15.40	-2.682635725244617930e+01	4.861309637413322093e+01
-15.38	-2.717647780745485164e+01	4.920371897828628249e+01
-15.36	-2.723068983840283863e+01	4.926166731303948154e+01
-15.34	-2.736706813309261932e+01	4.947437410210262954e+01
-15.32	-2.740537083409747154e+01	4.951473468061529815e+01
-15.30	-2.744888920099434060e+01	4.957093828573542282e+01
-15.28	-2.756728511132342874e+01	4.976890376210482714e+01
-15.26	-2.759838154773508023e+01	4.981508089498085212e+01
-15.24	-2.773225905273714886e+01	5.005420053575262784e+01
-15.22	-2.776998176466331003e+01	5.012573710623004786e+01
-15.20	-2.818894520806140847e+01	5.089504112435526650e+01
-15.18	-2.835464354716942026e+01	5.121269467488699689e+01
-15.16	-2.837508355885174893e+01	5.127314452370735154e+01
-15.14	-2.847845183782840905e+01	5.149071446353782733e+01
-15.12	-2.848418971111546938e+01	5.153733586203050265e+01
-15.10	-2.855603856038558064e+01	5.170987898307082276e+01
-15.08	-2.855974797648866925e+01	5.176385214253347300e+01
-15.06	-2.855429430464669949e+01	5.180604275397472946e+01
-15.04	-2.861532795004966090e+01	5.197358489764170031e+01
-15.02	-2.860856197154758007e+01	5.202103648861280760e+01
-15.00	-2.866959964804962979e+01	5.219542515989574127e+01
-14.98	-2.872769764115862046e+01	5.236671721201106777e+01
-14.96	-2.869716400893356933e+01	5.237723917055446066e+01
-14.94	-2.865536492060961038e+01	5.236775538795414064e+01
-14.92	-2.861914986530796057e+01	5.236861855761444673e+01
-14.90	-2.856427979862260003e+01	5.233482156086783732e+01
-14.88	-2.852355834697625880e+01	5.232623376286546346e+01
-14.86	-2.848676041563653172e+01	5.232391292735157862e+01
-14.84	-2.840997283072602997e+01	5.224646531399894656e+01
-14.82	-2.836530159444075139e+01	5.222694176545130063e+01
-14.80	-2.812556676121517896e+01	5.184467537212790944e+01
-14.78	-2.799422306332273891e+01	5.166136144987540746e+01
-14.76	-2.794689938082925096e+01	5.163268082691234184e+01
-14.74	-2.784358809816936997e+01	5.149898092862375876e+01
-14.72	-2.780205867875125136e+01	5.147915255048651773e+01
-14.70	-2.775551268624926138e+01	5.144904311967277266e+01
-14.68	-2.766558554336857156e+01	5.133700214377009274e+01
-14.66	-2.762468325146843995e+01	5.131507419553584270e+01
-14.64	-2.752874008885178014e+01	5.118851716066104274e+01
-14.62	-2.748677993440801970e+01	5.116050412807921788e+01
-14.60	-2.737230915317503133e+01	5.099357561708728070e+01
-14.58	-2.714653418799710138e+01	5.061346988480418929e+01
-14.56	-2.710761548020845169e+01	5.057882885168552178e+01
-14.54	-2.702313401584524044e+01	5.045226626073102238e+01
-14.52	-2.699638071901371106e+01	5.042621082912396702e+01
-14.50	-2.692556363796531826e+01	5.030819522893813911e+01
-14.48	-2.690312030757149131e+01	5.027035050638907165e+01
-14.46	-2.689350626627620144e+01	5.024386154114426262e+01
-14.44	-2.682189875358391973e+01	5.008705212204090174e+01
-14.42	-2.681577915120285027e+01	5.003812381625367323e+01
-14.40	-2.652739629349791173e+01	4.944186129016585340e+01
-14.38	-2.640893760238380139e+01	4.914862876476546916e+01
-14.36	-2.642456223497034884e+01	4.908898639153488119e+01
-14.34	-2.636193703371192854e+01	4.886503457243220083e+01
-14.32	-2.640381626547040028e+01	4.881824344926602066e+01
-14.30	-2.644675514888490042e+01	4.875536682869493177e+01
-14.28	-2.642952030534159036e+01	4.856239045540790755e+01
-14.26	-2.649794069765081161e+01	4.851209904297442677e+01
-14.24	-2.648744988199191042e+01	4.830015816933927653e+01
-14.22	-2.656547596063007077e+01	4.823610911811044133e+01
-14.20	-2.642040921148702992e+01	4.775217222807698647e+01
-14.18	-2.649020022780673145e+01	4.764954686313706844e+01
-14.16	-2.661439001096637824e+01	4.763494458853430302e+01
-14.14	-2.674453797180456860e+01	4.762125941635905235e+01
-14.12	-2.688673176248364882e+01	4.761988640974332299e+01
-14.10	-2.705431698328332146e+01	4.765473254886571652e+01
-14.08	-2.721561404388262062e+01	4.766919752512910691e+01
-14.06	-2.737732284050737874e+01	4.767449799479292238e+01
-14.04	-2.761136436202901123e+01	4.779426374964012325e+01
-14.02	-2.780161821504272979e+01	4.782124472907904789e+01
-14.00	-2.814306076359243036e+01	4.808581325658750671e+01
-13.98	-2.889650651827124150e+01	4.901641636872827235e+01
-13.96	-2.919384049109267920e+01	4.911550022936241078e+01
-13.94	-2.964073027909553915e+01	4.948108039747953768e+01
-13.92	-2.969876694381338922e+01	4.955223940536266980e+01
-13.90	-2.945796287160042937e+01	4.965055863503796729e+01
-13.88	-2.943091876010891994e+01	4.999315260392479843e+01
-13.86	-2.943130092362522987e+01	5.007396757335629900e+01
-13.84	-2.970496840786088910e+01	5.048378979794964039e+01
-13.82	-2.983679424728330076e+01	5.060574803021675905e+01
-13.80	-3.064448473499259862e+01	5.187046267633070329e+01
-13.78	-3.100403756636668007e+01	5.236779895196909251e+01
-13.76	-3.112518947479047071e+01	5.246030890784518874e+01
-13.74	-3.138542934950422136e+01	5.279147304662573248e+01
-13.72	-3.148826162956806840e+01	5.285745469984073708e+01
-13.70	-3.160347819880010078e+01	5.294680110563321307e+01
-13.68	-3.181197818798028010e+01	5.319566048602106889e+01
-13.66	-3.191140127741430987e+01	5.326226523695314086e+01
-13.64	-3.211729260249669693e+01	5.350985904577275676e+01
-13.62	-3.221672606706503217e+01	5.357982025012726979e+01
-13.60	-3.242820756866027665e+01	5.383890298385731654e+01
-13.58	-3.264686815139734222e+01	5.411007159807547851e+01
-13.56	-3.271337960033280723e+01	5.412703742431086340e+01
-13.54	-3.276340377989617991e+01	5.411678898989418229e+01
-13.52	-3.281999597289969017e+01	5.411748201009807246e+01
-13.50	-3.284418933178501021e+01	5.406381228515581938e+01
-13.48	-3.289128283058695956e+01	5.404741481306948714e+01
-13.46	-3.294580889462137918e+01	5.404202142505013029e+01
-13.44	-3.292007749925033977e+01	5.390201940030201655e+01
-13.42	-3.295523513703957974e+01	5.386095624504770996e+01
-13.40	-3.250859431816481759e+01	5.302313300731420043e+01
-13.38	-3.226585151981753086e+01	5.252120392448465225e+01
-13.36	-3.226806077883586710e+01	5.242250712137443003e+01
-13.34	-3.207029879676115769e+01	5.199440360847641784e+01
-13.32	-3.208287846221251982e+01	5.191160823938197666e+01
-13.30	-3.207574801752807758e+01	5.179672683912922082e+01
-13.28	-3.187974369833991872e+01	5.137507882911136647e+01
-13.26	-3.188110451684318036e+01	5.127797172541629322e+01
-13.24	-3.161551739662083094e+01	5.074930756081828775e+01
-13.22	-3.158934554570841868e+01	5.061468687205302075e+01
-13.20	-3.116657618598761914e+01	4.984128271632653906e+01
-13.18	-3.006500478144068111e+01	4.797630824764536328e+01
-13.16	-2.999687218582099035e+01	4.779556753822915738e+01
-13.14	-2.967166790419868860e+01	4.720751591758808274e+01
-13.12	-2.962661589390744155e+01	4.708167506137449010e+01
-13.10	-2.934690678388382068e+01	4.658610327844633758e+01
-13.08	-2.927087633207539952e+01	4.642945380319706317e+01
-13.06	-2.921316046395675059e+01	4.631155913310742989e+01
-13.04	-2.888575420216412937e+01	4.576920956708173804e+01
-13.02	-2.879658722252942127e+01	4.562146895197236063e+01
-13.00	-2.837561422755826968e+01	4.494589298764427099e+01
-12.98	-2.759767050181196169e+01	4.370412817968713171e+01
-12.96	-2.751178761251345861e+01	4.358943344790259289e+01
-12.94	-2.730638140909828948e+01	4.328939430826728341e+01
-12.92	-2.723952228226283978e+01	4.322085636005083131e+01
-12.90	-2.715602649118531886e+01	4.313249438145751213e+01
-12.88	-2.700173193223310975e+01	4.293417979805494156e+01
-12.86	-2.692679520617623012e+01	4.286900431675014289e+01
-12.84	-2.678788090066704086e+01	4.270193714312239308e+01
-12.82	-2.671503851736227020e+01	4.264424256361488119e+01
-12.80	-2.663731473445536935e+01	4.257928415539463884e+01
-12.78	-2.668085328251562061e+01	4.271331048709735967e+01
-12.76	-2.665542249293703847e+01	4.273306227906626731e+01
-12.74	-2.672474897664323024e+01	4.290812997161020803e+01
-12.72	-2.670468904360322071e+01	4.293470550926377882e+01
-12.70	-2.679436031757590086e+01	4.314107751438081806e+01
-12.68	-2.679471294876688958e+01	4.319931479232916871e+01
-12.66	-2.678090229289763968e+01	4.323167217851801780e+01
-12.64	-2.695170102548124902e+01	4.356886176695122259e+01
-12.62	-2.696483595669421973e+01	4.364084884073761117e+01
-12.60	-2.728355530644116911e+01	4.422618661625136127e+01
-12.58	-2.831121630300691905e+01	4.598980786681192967e+01
-12.56	-2.838866410118887984e+01	4.616245704304183306e+01
-12.54	-2.875426531051608947e+01	4.680942717352032645e+01
-12.52	-2.883747722249826140e+01	4.693760648599562302e+01
-12.50	-2.933697651487666036e+01	4.752514378027362341e+01
-12.48	-3.016338207288567830e+01	4.770299966891610666e+01
-12.46	-3.123599774073651147e+01	4.782786713086405683e+01
-12.44	-3.154870232435878918e+01	4.854401179462588090e+01
-12.42	-3.118874067755042034e+01	4.875142306035593975e+01
-12.40	-3.225722376494333332e+01	5.099713980065386210e+01
-12.38	-3.260672813991497065e+01	5.188239862372532230e+01
-12.36	-3.260482796764714664e+01	5.203886850138700737e+01
-12.34	-3.291407867772470297e+01	5.262637172816550191e+01
-12.32	-3.298339696463933990e+01	5.273459032298377736e+01
-12.30	-3.311745689531161929e+01	5.288509845330077752e+01
-12.28	-3.346037564838547951e+01	5.332440438694977303e+01
-12.26	-3.364932236038978886e+01	5.343347132969392987e+01
-12.24	-3.407622903318956276e+01	5.387271107542598969e+01
-12.22	-3.436565906696299066e+01	5.398829317020572915e+01
-12.20	-3.493074120993139786e+01	5.445973711292651132e+01
-12.18	-3.568987396586682337e+01	5.508850956540715771e+01
-12.16	-3.626754306964735974e+01	5.513588679480491805e+01
-12.14	-3.719251601710514876e+01	5.522730175041159129e+01
-12.12	-3.906257343499223822e+01	5.525123862832850108e+01
-12.10	-4.223546795903610729e+01	5.529704948725422753e+01
-12.08	-3.604605167255797227e+01	5.531644011209962741e+01
-12.06	-3.332269763316305244e+01	5.533585481818290219e+01
-12.04	-3.329967378727270244e+01	5.534945941532419056e+01
-12.02	-3.329185274696766328e+01	5.536265632447273788e+01
-12.00	-3.324740997003757315e+01	5.531332229482912766e+01
-11.98	-3.322374685980170739e+01	5.529751438030871213e+01
-11.96	-3.320897418887712860e+01	5.529586090251839892e+01
-11.94	-3.319750731646328745e+01	5.529967463787362902e+01
-11.92	-3.318456056074384719e+01	5.530085784695965145e+01
-11.90	-3.317941570082592762e+01	5.531492090517505744e+01
-11.88	-3.316891121506323969e+01	5.531960996787788076e+01
-11.86	-3.315733395984435106e+01	5.532198848721183282e+01
-11.84	-3.316249024031470327e+01	5.535151166753138341e+01
-11.82	-3.315537006757333671e+01	5.535890703776245658e+01
-11.80	-3.320096520834746912e+01	5.545307430926494874e+01
-11.78	-3.319356121050152808e+01	5.545535072493544249e+01
-11.76	-3.318217977797674223e+01	5.544751367719511848e+01
-11.74	-3.315895988772531666e+01	5.541582612594371682e+01
-11.72	-3.314896243724295744e+01	5.540198148823940016e+01
-11.70	-3.311713059786819713e+01	5.534622134954341988e+01
-11.68	-3.310552893878963232e+01	5.532074313325144743e+01
-11.66	-3.310041586686980253e+01	5.530315661366997659e+01
-11.64	-3.303646881045837347e+01	5.518872205014626786e+01
-11.62	-3.300808210389750741e+01	5.514615960662025884e+01
-11.60	-3.261930394777431985e+01	5.452856320449082261e+01
-11.58	-3.233337711992705721e+01	5.415586585460521718e+01
-11.56	-3.213454498807828230e+01	5.407617006085325784e+01
-11.54	-3.166339297308877931e+01	5.376174682011213690e+01
-11.52	-3.119324164811342825e+01	5.369081108341777053e+01
-11.50	-3.051829344847918080e+01	5.339530311880182722e+01
-11.48	-2.994528841137524111e+01	5.329902100218306771e+01
-11.46	-2.940655788516248137e+01	5.322968950624974838e+01
-11.44	-2.874397115596563879e+01	5.285647300959080752e+01
-11.42	-2.825637395836492871e+01	5.274113610227887250e+01
-11.40	-2.721820277543033839e+01	5.145762172861226702e+01
-11.38	-2.658275334793649947e+01	5.086873647587916736e+01
-11.36	-2.622289444461242880e+01	5.075478261633374188e+01
-11.34	-2.573817247113671058e+01	5.031109838767976328e+01
-11.32	-2.546212947420477946e+01	5.021710682145297966e+01
-11.30	-2.507850071225928090e+01	4.982705211176752869e+01
-11.28	-2.486035006603689013e+01	4.970489997155129913e+01
-11.26	-2.469115892076571939e+01	4.961618187713659722e+01
-11.24	-2.437842865799841974e+01	4.915491977035245696e+01
-11.22	-2.425199534447489924e+01	4.901574392269134250e+01
-11.20	-2.352446309459703144e+01	4.754057547289389163e+01
-11.18	-2.322885503295333010e+01	4.690866611719531676e+01
-11.16	-2.320510481414061132e+01	4.679122060317555309e+01
-11.14	-2.305248396793543009e+01	4.634111308461285716e+01
-11.12	-2.309883986907755116e+01	4.624994154790847745e+01
-11.10	-2.303924432608341988e+01	4.587663312767080726e+01
-11.08	-2.313300220190300038e+01	4.576505495718730288e+01
-11.06	-2.326953865880124894e+01	4.568246928142602314e+01
-11.04	-2.327884884473611038e+01	4.528329815623465748e+01
-11.02	-2.345342294837211128e+01	4.516888337507248252e+01
-11.00	-2.320186760472131837e+01	4.415183920310273891e+01
-10.98	-2.331988871036995903e+01	4.383679460015238760e+01
-10.96	-2.359176594280523886e+01	4.378838298003159224e+01
-10.94	-2.382307201119089157e+01	4.362057107676240975e+01
-10.92	-2.414821459496873146e+01	4.359259550385775128e+01
-10.90	-2.445750480436052143e+01	4.349168152740922721e+01
-10.88	-2.482920302225006992e+01	4.346789796432212682e+01
-10.86	-2.521158271009067064e+01	4.344781876588631775e+01
-10.84	-2.554872901331725998e+01	4.339675455095927958e+01
-10.82	-2.582674866155540983e+01	4.338417835940605727e+01
-10.80	-2.601134323744522092e+01	4.339175093092165980e+01
-10.78	-2.625057970432364129e+01	4.363325765134713663e+01
-10.76	-2.631364214887182840e+01	4.366275823829992220e+01
-10.74	-2.640385980011723888e+01	4.378308379844538223e+01
-10.72	-2.642292072129060898e+01	4.380490214730958343e+01
-10.70	-2.644254851207218948e+01	4.383588321017715117e+01
-10.68	-2.651188845294954177e+01	4.395156914477880861e+01
-10.66	-2.652816484969877919e+01	4.397612396739570784e+01
-10.64	-2.661490237744393994e+01	4.411545631797061162e+01
-10.62	-2.664061827564762908e+01	4.414805752903413349e+01
-10.60	-2.676324199853716124e+01	4.434016738405301794e+01
-10.58	-2.702951054709605927e+01	4.476941419204227657e+01
-10.56	-2.706295052283935121e+01	4.480423493568741122e+01
-10.54	-2.715223675822916150e+01	4.493001577346945652e+01
-10.52	-2.717998197884685041e+01	4.495027155353520243e+01
-10.50	-2.721446237075551977e+01	4.498012730668769166e+01
-10.48	-2.729606483474869094e+01	4.508733919041978311e+01
-10.46	-2.732775305396362953e+01	4.510962403148057120e+01
-10.44	-2.742223754859648110e+01	4.523676199412290089e+01
-10.42	-2.745810577700031985e+01	4.526639973032911257e+01
-10.40	-2.758468054425064864e+01	4.544976835369141810e+01
-10.38	-2.789124312185784049e+01	4.593657541856470061e+01
-10.36	-2.792956296418011064e+01	4.598381735888371225e+01
-10.34	-2.823295470604164947e+01	4.616064221003175305e+01
-10.32	-3.343633158029690833e+01	4.619342310040290300e+01
-10.30	-3.802878906877847243e+01	4.623944629975991916e+01
-10.28	-3.458950105159296839e+01	4.640899033955518860e+01
-10.26	-3.317542671656237729e+01	4.644677802418509316e+01
-10.24	-3.272186436603273307e+01	4.666145335710279340e+01
-10.22	-3.244960981994606186e+01	4.671423833529581771e+01
-10.20	-3.248246579672323264e+01	4.704142187007384734e+01
-10.18	-3.294568144803921683e+01	4.795033566671010306e+01
-10.16	-3.292639637554493959e+01	4.804383335879465733e+01
-10.14	-3.305905828853943973e+01	4.838524869077026125e+01
-10.12	-3.300086227410071871e+01	4.845194894402477814e+01
-10.10	-3.293447776835294860e+01	4.854406277482502219e+01
-10.08	-3.300144826908247353e+01	4.887522431018923186e+01
-10.06	-3.291063560919523212e+01	4.895179080788018666e+01
-10.04	-3.303735184435488748e+01	4.937180659623034273e+01
-10.02	-3.299650613065306715e+01	4.947833105808688714e+01
-10.00	-3.330399254039048884e+01	5.011649593913457323e+01
-9.98	-3.430565639082009000e+01	5.182503428370689136e+01
-9.96	-3.445882149002873263e+01	5.199535150567051289e+01
-9.94	-3.496602019439463760e+01	5.259358443812495665e+01
-9.92	-3.531796391952764935e+01	5.271672116109063211e+01
-9.90	-3.607577824172774683e+01	5.324798906983441782e+01
-9.88	-3.669470046252718731e+01	5.341015584679964689e+01
-9.86	-3.725518315645624767e+01	5.352644278792828914e+01
-9.84	-3.813389856578047699e+01	5.415281312318413143e+01
-9.82	-3.854883413289424254e+01	5.432302087898327869e+01
-9.80	-3.953366680476708694e+01	5.570930696673134719e+01
-9.78	-4.085905507012743954e+01	5.693469239126108761e+01
-9.76	-3.979070178144421988e+01	5.706369981155979332e+01
-9.74	-3.934746448942124175e+01	5.751573274019838777e+01
-9.72	-3.903682233878650010e+01	5.758949897260040274e+01
-9.70	-3.888450685133256712e+01	5.769616225677628307e+01
-9.68	-3.895280049387380927e+01	5.801057287569393139e+01
-9.66	-3.893072504562376679e+01	5.807509020594618221e+01
-9.64	-3.908203109411562792e+01	5.835575791885221264e+01
-9.62	-3.915394858664898692e+01	5.842354129898612314e+01
-9.60	-3.944768186876967775e+01	5.877227659062504728e+01
-9.58	-3.956139990334943946e+01	5.869779877531566825e+01
-9.56	-3.984432137347292269e+01	5.866434184053885303e+01
-9.54	-4.044773550929240002e+01	5.851825041893062007e+01
-9.52	-4.180684057184723912e+01	5.847979155266821749e+01
-9.50	-3.867480687836049214e+01	5.843052096490232827e+01
-9.48	-3.739490044087831677e+01	5.823238482347141343e+01
-9.46	-3.728380596327905749e+01	5.818380423175411664e+01
-9.44	-3.704909143364682222e+01	5.790087819263928282e+01
-9.42	-3.691849316700375283e+01	5.780996330496868296e+01
-9.40	-3.611566283492324203e+01	5.665866495589902740e+01
-9.38	-3.566833955372167253e+01	5.608763381848527274e+01
-9.36	-3.550184598241484224e+01	5.597717568792153031e+01
-9.34	-3.512574043999516960e+01	5.553608178512253346e+01
-9.32	-3.496553240624653114e+01	5.545080778451637116e+01
-9.30	-3.478094861283909012e+01	5.533322717027610338e+01
-9.28	-3.442095698726168962e+01	5.493531395061648936e+01
-9.26	-3.424512021982619814e+01	5.484203010364782926e+01
-9.24	-3.383460336938868096e+01	5.436580099698804247e+01
-9.22	-3.362884598312985673e+01	5.422326110649853348e+01
-9.20	-3.253359632214755237e+01	5.260698958032357098e+01
-9.18	-3.197345542024084963e+01	5.185942810192563712e+01
-9.16	-3.178701408236157988e+01	5.171724698900573713e+01
-9.14	-3.135258391051226923e+01	5.114599327467742995e+01
-9.12	-3.120829665893505833e+01	5.103644169650085161e+01
-9.10	-3.105178444664863946e+01	5.088507384479653695e+01
-9.08	-3.069561294938785068e+01	5.037196119659453331e+01
-9.06	-3.059123382506109934e+01	5.025231059575614267e+01
-9.04	-3.021114466719481939e+01	4.964059325622177710e+01
-9.02	-3.012296290580946945e+01	4.948673495040129211e+01
-9.00	-2.963427054635790014e+01	4.863068864741676123e+01
-8.98	-2.845825811207476974e+01	4.660064887711109094e+01
-8.96	-2.842286084968840143e+01	4.644623211157905729e+01
-8.94	-2.812740187569704986e+01	4.583346895266979004e+01
-8.92	-2.814413373510998895e+01	4.571498533677137743e+01
-8.90	-2.793734959155555941e+01	4.520448033900738238e+01
-8.88	-2.796161023905402843e+01	4.505624385081534911e+01
-8.86	-2.802104001729188099e+01	4.494934242000955749e+01
-8.84	-2.781076962995003043e+01	4.439251023429571319e+01
-8.82	-2.786289625329301956e+01	4.425617874157840959e+01
-8.80	-2.756131768803961890e+01	4.355132568654182990e+01
-8.78	-2.682612458812985068e+01	4.216762198709444220e+01
-8.76	-2.687986090157276919e+01	4.206121955999878281e+01
-8.74	-2.682487049296224058e+01	4.171654787329941172e+01
-8.72	-2.769928852079118897e+01	4.165781248734869280e+01
-8.70	-2.949136986717126163e+01	4.140066384327148796e+01
-8.68	-2.844898348689115863e+01	4.133436021682769734e+01
-8.66	-2.754055609188932863e+01	4.128607258592374052e+01
-8.64	-2.692273304968405157e+01	4.104799343186873273e+01
-8.62	-2.654316837398554085e+01	4.099439861207149249e+01
-8.60	-2.612408722212310153e+01	4.074645144700245680e+01
-8.58	-2.572601458966952137e+01	4.046180260439616205e+01
-8.56	-2.551444343380984847e+01	4.046026320206473770e+01
-8.54	-2.533263819827282859e+01	4.047263535233606291e+01
-8.52	-2.517146911605566828e+01	4.048838263054158659e+01
-8.50	-2.504805085974815881e+01	4.054279282667352646e+01
-8.48	-2.492589542324382990e+01	4.057265472536749940e+01
-8.46	-2.481313733649968967e+01	4.059402260147319197e+01
-8.44	-2.477210257451683972e+01	4.072479647852735241e+01
-8.42	-2.469524537688122123e+01	4.076558891147448804e+01
-8.40	-2.474866214597313174e+01	4.103075872807025348e+01
-8.38	-2.516958529696236013e+01	4.196546910652944717e+01
-8.36	-2.516596143584498080e+01	4.207967884874155118e+01
-8.34	-2.532428123644623952e+01	4.247815871900075280e+01
-8.32	-2.533135129736805169e+01	4.257099687167620772e+01
-8.30	-2.550015277942931036e+01	4.295229644705202787e+01
-8.28	-2.554273763892416937e+01	4.308012509219838648e+01
-8.26	-2.557407298516509897e+01	4.317243900138664259e+01
-8.24	-2.582199079757699067e+01	4.366207660641413923e+01
-8.22	-2.589626276293369145e+01	4.381636389225450756e+01
-8.20	-2.679718542828398142e+01	4.551925494224266799e+01
-8.18	-2.720745037489312068e+01	4.629611816296522875e+01
-8.16	-2.728769672162264115e+01	4.644643323950666769e+01
-8.14	-2.759456775685476160e+01	4.702100994765584829e+01
-8.12	-2.765529210014875972e+01	4.713488956568681942e+01
-8.10	-2.773634763159876115e+01	4.729012823312813651e+01
-8.08	-2.799635049789038987e+01	4.778199595930650645e+01
-8.06	-2.805593477598700858e+01	4.790318514232301794e+01
-8.04	-2.835020068589147968e+01	4.846633792010325692e+01
-8.02	-2.843300272466321843e+01	4.863528990226699733e+01
-8.00	-2.933428047464137123e+01	5.033561947890726884e+01
-7.98	-2.970649440820882958e+01	5.104538420813071298e+01
-7.96	-2.977894909542510860e+01	5.118058737963138327e+01
-7.94	-3.006045678354693962e+01	5.169243706917880132e+01
-7.92	-3.013357444210503999e+01	5.179315704124243780e+01
-7.90	-3.024052670797593123e+01	5.193114069693165646e+01
-7.88	-3.052577959562675858e+01	5.236847692191567205e+01
-7.86	-3.065647878360394074e+01	5.247610504875090243e+01
-7.84	-3.102527897691917147e+01	5.297953224790477833e+01
-7.82	-3.123494380372337886e+01	5.313272566058822122e+01
-7.80	-3.225103900653167699e+01	5.471671512178134122e+01
-7.78	-3.282147269542605272e+01	5.540139808760989126e+01
-7.76	-3.313748021642896902e+01	5.553154886933943146e+01
-7.74	-3.370344718206703050e+01	5.602727126127764024e+01
-7.72	-3.410720714246539842e+01	5.612440827139494104e+01
-7.70	-3.459112901594358647e+01	5.625640381201562690e+01
-7.68	-3.531607913853012803e+01	5.666905713107445308e+01
-7.66	-3.594811728579939825e+01	5.676989138074618069e+01
-7.64	-3.684624682939548279e+01	5.722703324143814285e+01
-7.62	-3.734610454437409288e+01	5.735986470907992185e+01
-7.60	-3.792800071343278034e+01	5.855900725939338258e+01
-7.58	-3.745545747995448949e+01	5.893188877086245725e+01
-7.56	-3.676335348309844875e+01	5.898755073346274713e+01
-7.54	-3.629849045631908666e+01	5.917236824777778281e+01
-7.52	-3.583571229300221717e+01	5.919803238050744199e+01
-7.50	-3.544238770900763313e+01	5.923667576216025310e+01
-7.48	-3.510968517601381933e+01	5.930292134568959739e+01
-7.46	-3.478611676333441949e+01	5.931863803275759750e+01
-7.44	-3.448180740064626804e+01	5.930427906544323946e+01
-7.42	-3.421930028019409775e+01	5.929780757547499803e+01
-7.40	-3.389445344610921751e+01	5.911688003305945927e+01
-7.38	-3.311755689128860780e+01	5.809167229899639295e+01
-7.36	-3.289720034943120908e+01	5.796023415078798280e+01
-7.34	-3.249980335464591263e+01	5.746064482759098269e+01
-7.32	-3.235785385728060248e+01	5.734882178791455232e+01
-7.30	-3.202504830869808927e+01	5.685515785956808088e+01
-7.28	-3.191091633831129926e+01	5.669461061209040054e+01
-7.26	-3.184526821598003110e+01	5.658183511089708873e+01
-7.24	-3.149109914227011942e+01	5.593026937471397986e+01
-7.22	-3.143017230570675125e+01	5.576287383375341733e+01
-7.20	-3.092537108768313914e+01	5.480029831982930233e+01
-7.18	-2.964594333374029844e+01	5.247626332122975867e+01
-7.16	-2.958956796031434067e+01	5.226532145106275351e+01
-7.14	-2.925203516040325979e+01	5.155636522656231335e+01
-7.12	-2.925007205537633936e+01	5.141836117869365097e+01
-7.10	-2.899622461261350992e+01	5.083625600192019789e+01
-7.08	-2.898789287569719875e+01	5.066812891936115193e+01
-7.06	-2.901164230969003910e+01	5.054468290263977792e+01
-7.04	-2.875315661874731887e+01	4.992923669086533067e+01
-7.02	-2.877365076026466895e+01	4.977684874146210348e+01
-7.00	-2.845213672070372013e+01	4.903163507200874704e+01
-6.98	-2.778571688238717030e+01	4.769426936534082984e+01
-6.96	-2.786266019752212841e+01	4.759524722340705694e+01
-6.94	-2.783231003948198889e+01	4.729614174335767274e+01
-6.92	-2.796412939426036104e+01	4.724448439045917070e+01
-6.90	-2.801449272357449871e+01	4.703331446207278077e+01
-6.88	-2.817757091850567974e+01	4.697741980437591991e+01
-6.86	-2.837743229616224028e+01	4.693491445603911671e+01
-6.84	-2.853680392773210173e+01	4.675308916823281891e+01
-6.82	-2.886906359190641069e+01	4.670858012727646269e+01
-6.80	-2.926237046499890937e+01	4.652760545874328812e+01
-6.78	-2.969758850215908907e+01	4.629217376750042234e+01
-6.76	-2.999138765538094020e+01	4.627713691685327291e+01
-6.74	-2.979484660835154131e+01	4.624018446528106807e+01
-6.72	-2.940818372948545090e+01	4.623292290446781294e+01
-6.70	-2.899825467123703859e+01	4.622339362200366253e+01
-6.68	-2.861072844791211978e+01	4.620481621840014697e+01
-6.66	-2.826693567763205905e+01	4.619887761288468653e+01
-6.64	-2.795187903180731936e+01	4.618653965503065706e+01
-6.62	-2.767003537624396969e+01	4.618179021058772804e+01
-6.60	-2.742245433317231118e+01	4.619316789251608668e+01
-6.58	-2.719885384527345096e+01	4.620698275771525232e+01
-6.56	-2.698905007471686091e+01	4.620649747655642159e+01
-6.54	-2.680661093207715950e+01	4.621635022020274874e+01
-6.52	-2.663991017528557137e+01	4.621477391152993164e+01
-6.50	-2.649398556017197848e+01	4.621366104041891276e+01
-6.48	-2.637172756900140058e+01	4.621796385471858315e+01
-6.46	-2.626716769534332130e+01	4.621529501599974310e+01
-6.44	-2.618454126965646012e+01	4.621486446689836214e+01
-6.42	-2.611880399064614977e+01	4.620938459740351334e+01
-6.40	-2.603775208945544861e+01	4.613925534999094680e+01
-6.38	-2.597035875655258863e+01	4.605872646537525128e+01
-6.36	-2.594978219678221976e+01	4.603451965746810259e+01
-6.34	-2.591258254215441070e+01	4.594967515821821280e+01
-6.32	-2.592153506996994849e+01	4.592596713248025253e+01
-6.30	-2.594044041567767067e+01	4.589643514730718721e+01
-6.28	-2.593657810060022939e+01	4.580276620408727695e+01
-6.26	-2.597550372599598134e+01	4.577547994941240717e+01
-6.24	-2.597066447632188968e+01	4.565479586851373739e+01
-6.22	-2.601370056267014874e+01	4.561430640662280922e+01
-6.20	-2.588414770122885145e+01	4.524761265254519316e+01
-6.18	-2.589118208143363020e+01	4.513683496374431314e+01
-6.16	-2.594593508900404899e+01	4.512039336709243997e+01
-6.14	-2.598900183806541975e+01	4.508716346283188869e+01
-6.12	-2.604373753713520045e+01	4.508367428184322989e+01
-6.10	-2.609086581983133968e+01	4.507817949917320277e+01
-6.08	-2.615257134772124914e+01	4.511095696352197137e+01
-6.06	-2.619170131051961903e+01	4.511536206885133282e+01
-6.04	-2.627996266603458864e+01	4.522108025621771787e+01
-6.02	-2.632435517772758971e+01	4.526007273851408996e+01
-6.00	-2.679791053159267022e+01	4.609526500525321779e+01
-5.98	-2.711432344679926842e+01	4.665752657864454278e+01
-5.96	-2.718108589906807993e+01	4.677304915688878850e+01
-5.94	-2.744634893906581041e+01	4.726141569971264289e+01
-5.92	-2.749482056333463120e+01	4.736325476934594292e+01
-5.90	-2.773759593547638147e+01	4.782534415442822961e+01
-5.88	-2.780274457458473947e+01	4.796806407573085806e+01
-5.86	-2.784360628408738947e+01	4.806783672157426679e+01
-5.84	-2.814539592833727966e+01	4.864508075115897157e+01
-5.82	-2.821393507076961171e+01	4.878802132744362297e+01
-5.80	-2.864585288491392134e+01	4.959140998842494241e+01
-5.78	-2.957592364493403991e+01	5.129501985444893819e+01
-5.76	-2.966243336167714872e+01	5.142499978318959108e+01
-5.74	-2.992095534367632936e+01	5.184814363127210868e+01
-5.72	-3.000028735327812157e+01	5.191734235419617249e+01
-5.70	-3.022049550164927822e+01	5.221998988653807316e+01
-5.68	-3.033039730899001896e+01	5.229391873522045842e+01
-5.66	-3.044360024841381929e+01	5.234893302259097680e+01
-5.64	-3.067517860519221173e+01	5.259717726318977782e+01
-5.62	-3.081145000442267090e+01	5.265179817318794875e+01
-5.60	-3.103976116569146981e+01	5.285902555104429723e+01
-5.58	-3.119403490111476884e+01	5.291952735543208775e+01
-5.56	-3.130640471797767077e+01	5.289923355527770354e+01
-5.54	-3.138509106756502831e+01	5.281776438679222707e+01
-5.52	-3.149351336855010075e+01	5.279300461589699012e+01
-5.50	-3.155966828300175919e+01	5.270025884437067987e+01
-5.48	-3.165486526821426949e+01	5.266630048205554715e+01
-5.46	-3.174916773759854038e+01	5.264094428536334647e+01
-5.44	-3.178345835999745006e+01	5.251928364041970099e+01
-5.42	-3.186434660766719063e+01	5.248489099722124251e+01
-5.40	-3.187048295716657975e+01	5.232485113321469328e+01
-5.38	-3.180495690062683067e+01	5.205021340474863223e+01
-5.36	-3.188648216296387972e+01	5.202808927155052032e+01
-5.34	-3.194858108535495944e+01	5.197487948582803341e+01
-5.32	-3.203447856862433696e+01	5.196497530109613194e+01
-5.30	-3.210296842230418690e+01	5.193233468063279901e+01
-5.28	-3.217699802304493062e+01	5.192075994016809659e+01
-5.26	-3.223794047783979266e+01	5.191099826149832097e+01
-5.24	-3.226690742905287834e+01	5.188443700840139172e+01
-5.22	-3.227735890751125680e+01	5.187511929216549333e+01
-5.20	-3.220538604204651989e+01	5.178822013488405673e+01
-5.18	-3.210748494725478963e+01	5.172171495522208318e+01
-5.16	-3.200279737265294244e+01	5.170392964735997055e+01
-5.14	-3.183660711062685067e+01	5.163959620269599782e+01
-5.12	-3.167545703088743991e+01	5.162316817157567783e+01
-5.10	-3.149526050922904119e+01	5.160108186809488728e+01
-5.08	-3.127741641234202064e+01	5.153095698749591236e+01
-5.06	-3.108936822063371963e+01	5.151400795199079141e+01
-5.04	-3.086589720279111049e+01	5.142771780874353738e+01
-5.02	-3.068887212970088996e+01	5.139998867917930170e+01
-5.00	-3.039725462751637863e+01	5.114701561575552091e+01
-4.98	-3.023345345391479100e+01	5.107622129887545270e+01
-4.96	-3.013379966455802972e+01	5.106846612979084910e+01
-4.94	-3.005568157992761869e+01	5.104548591199294805e+01
-4.92	-3.002236850942957957e+01	5.104394712655781774e+01
-4.90	-3.002286815069258097e+01	5.104203983839808245e+01
-4.88	-3.006914046984677924e+01	5.105492485577553197e+01
-4.86	-3.014329747839198959e+01	5.105743915895602214e+01
-4.84	-3.027716080571644852e+01	5.109907597503593735e+01
-4.82	-3.042891372330712940e+01	5.111614228561388273e+01
-4.80	-3.077093894478473146e+01	5.140676976560281020e+01
-4.78	-3.106357642677355102e+01	5.156584255939244343e+01
-4.76	-3.129991890687199074e+01	5.159477240676942955e+01
-4.74	-3.160055295089178884e+01	5.170951717012947313e+01
-4.72	-3.184819381762716972e+01	5.173036803411591222e+01
-4.70	-3.209238461337299242e+01	5.175837755852859345e+01
-4.68	-3.234579999710774700e+01	5.184157898659741193e+01
-4.66	-3.251617304865221314e+01	5.186184602634997276e+01
-4.64	-3.265985043544569777e+01	5.193775755626727886e+01
-4.62	-3.269666708283038759e+01	5.195493915766630266e+01
-4.60	-3.266898073880462050e+01	5.197988595536298106e+01
-4.58	-3.251314079504774668e+01	5.188654609632285286e+01
-4.56	-3.236487052199971259e+01	5.185996778186805045e+01
-4.54	-3.214672630184365687e+01	5.174194601881549715e+01
-4.52	-3.197941597623960064e+01	5.171464619966849341e+01
-4.50	-3.181446792547016855e+01	5.167949644436760792e+01
-4.48	-3.159717701901195142e+01	5.153765872373128332e+01
-4.46	-3.145478768934889047e+01	5.150296831617197313e+01
-4.44	-3.123098583436879139e+01	5.130508927477349346e+01
-4.42	-3.110218140638639994e+01	5.125460535952827712e+01
-4.40	-3.083416304386168960e+01	5.093602193564922942e+01
-4.38	-3.025976806792604989e+01	5.006038501113079064e+01
-4.36	-3.013698403812190918e+01	4.997421210292839788e+01
-4.34	-2.989661290283738992e+01	4.966872509908466071e+01
-4.32	-2.979819704590065044e+01	4.960546174786887264e+01
-4.30	-2.958564671441273930e+01	4.933211016249361336e+01
-4.28	-2.948315691594847010e+01	4.925004528215953314e+01
-4.26	-2.939657994311624023e+01	4.919183634447063724e+01
-4.24	-2.916280037655159063e+01	4.886064184338747651e+01
-4.22	-2.906900510311857033e+01	4.877903287241667130e+01
-4.20	-2.876893043170304054e+01	4.831657530232077136e+01
-4.18	-2.812065778255787052e+01	4.721671469095306151e+01
-4.16	-2.802592910960578010e+01	4.711701360132183680e+01
-4.14	-2.780120886398943014e+01	4.677714143356710252e+01
-4.12	-2.773010717806777947e+01	4.671238748859948942e+01
-4.10	-2.754145734136220014e+01	4.642692328143878200e+01
-4.08	-2.746642935363740889e+01	4.634626315291298226e+01
-4.06	-2.740617842800676129e+01	4.628821858226677222e+01
-4.04	-2.721205319994530925e+01	4.597875792054316690e+01
-4.02	-2.714813207893078939e+01	4.590386629495156967e+01
-4.00	-2.691898074221061066e+01	4.552163473820751705e+01
-3.98	-2.652686023930618120e+01	4.483574793005514181e+01
-3.96	-2.648478021407771976e+01	4.479115899269604029e+01
-3.94	-2.639489307196186019e+01	4.465797726381114074e+01
-3.92	-2.637017259212537112e+01	4.464105739556683972e+01
-3.90	-2.631347776899298907e+01	4.456077909658878156e+01
-3.88	-2.629429313932807943e+01	4.454690925807216217e+01
-3.86	-2.627944478946650975e+01	4.453695457377917677e+01
-3.84	-2.625232099932662067e+01	4.449531183784232269e+01
-3.82	-2.624866447827206883e+01	4.449076452766355061e+01
-3.80	-2.625434863363082982e+01	4.449500905266401674e+01
-3.78	-2.635447787766375072e+01	4.466093285453266759e+01
-3.76	-2.638526636894324895e+01	4.468361673573181747e+01
-3.74	-2.645679697496960969e+01	4.476783058245383273e+01
-3.72	-2.650278400753499852e+01	4.478865199668822328e+01
-3.70	-2.656235639246713021e+01	4.481402851991239089e+01
-3.68	-2.666181601015205871e+01	4.489275297698087996e+01
-3.66	-2.673914553658338988e+01	4.491280618666387880e+01
-3.64	-2.686460737935287924e+01	4.500538617206544245e+01
-3.62	-2.696279396700412079e+01	4.503143370745956275e+01
-3.60	-2.712202368106585126e+01	4.515429187962300261e+01
-3.58	-2.739427309334432081e+01	4.547144267217578317e+01
-3.56	-2.751381003478130083e+01	4.550677189532417799e+01
-3.54	-2.768893202461946856e+01	4.563949840682575143e+01
-3.52	-2.780587041571270035e+01	4.567077515145334132e+01
-3.50	-2.792174595785742852e+01	4.571241212368766327e+01
-3.48	-2.808990009067338889e+01	4.586256669167639899e+01
-3.46	-2.818389139179974023e+01	4.590103693660073247e+01
-3.44	-2.836387120534779882e+01	4.611232608161103030e+01
-3.42	-2.844064832298095880e+01	4.617109736352620786e+01
-3.40	-2.867839741195628989e+01	4.654320617144281869e+01
-3.38	-2.940894675574773842e+01	4.775994274321016064e+01
-3.36	-2.950515231894205925e+01	4.790076951612587663e+01
-3.34	-2.981137079834460124e+01	4.840587000170781096e+01
-3.32	-2.988525820946679090e+01	4.851302149748468651e+01
-3.30	-2.997886519037205844e+01	4.865649836970286657e+01
-3.28	-3.028754206419888106e+01	4.914787776706120326e+01
-3.26	-3.037897791704710926e+01	4.926792979737348332e+01
-3.24	-3.076249353056374147e+01	4.987825255120620938e+01
-3.22	-3.088195634094504882e+01	5.003708208752708941e+01
-3.20	-3.141514930397984884e+01	5.091149830752188876e+01
-3.18	-3.264685421068804061e+01	5.294649510629628253e+01
-3.16	-3.278701063836321339e+01	5.313142807996872108e+01
-3.14	-3.317244341117306305e+01	5.372941099822561739e+01
-3.12	-3.327007183056802830e+01	5.383783334537975662e+01
-3.10	-3.339034125508879214e+01	5.399054527808060300e+01
-3.08	-3.369730589482814764e+01	5.445464103515546128e+01
-3.06	-3.379604160586521289e+01	5.456480861163267804e+01
-3.04	-3.411318673412215219e+01	5.504397123051580110e+01
-3.02	-3.422780654242193066e+01	5.517639627024747284e+01
-3.00	-3.490151086951095749e+01	5.625262699145100953e+01
-2.98	-3.510016237084131774e+01	5.652074628056948313e+01
-2.96	-3.517416720939493757e+01	5.655436173013332990e+01
-2.94	-3.530027834170554968e+01	5.666316878004528945e+01
-2.92	-3.537840459665451931e+01	5.667644044870972664e+01
-2.90	-3.548058773607937866e+01	5.671266271765909295e+01
-2.88	-3.557438499476214133e+01	5.671299176876473780e+01
-2.86	-3.568394222824716877e+01	5.671715637480775030e+01
-2.84	-3.578524106820866990e+01	5.667607201738790934e+01
-2.82	-3.593004464302961054e+01	5.666386292861370322e+01
-2.80	-3.603182233327032691e+01	5.650876798772227261e+01
-2.78	-3.586909514721170211e+01	5.583566748413385739e+01
-2.76	-3.616703508982693904e+01	5.575779836683963708e+01
-2.74	-3.657234723786223896e+01	5.546116108832499236e+01
-2.72	-3.796015430886946262e+01	5.539649759280764840e+01
-2.70	-3.656211798570763705e+01	5.511044937247508813e+01
-2.68	-3.467763415685944750e+01	5.501969823349382693e+01
-2.66	-3.446225993361390039e+01	5.495569263297554841e+01
-2.64	-3.419566706743560758e+01	5.457995010876948072e+01
-2.62	-3.409019285968643231e+01	5.448514446908018982e+01
-2.60	-3.368216852765858960e+01	5.392598181656848766e+01
-2.58	-3.273069747068058888e+01	5.250084013626229051e+01
-2.56	-3.257294251091619941e+01	5.236445440367896254e+01
-2.54	-3.220594888553671353e+01	5.189446315528807219e+01
-2.52	-3.206963859366103264e+01	5.180138982405122761e+01
-2.50	-3.174325416056380078e+01	5.139601768714889118e+01
-2.48	-3.159481880118254082e+01	5.127496384906446281e+01
-2.46	-3.147204007138092052e+01	5.118813476206238988e+01
-2.44	-3.112888309502731943e+01	5.072716640124352949e+01
-2.42	-3.100834460888833988e+01	5.061241528870500161e+01
-2.40	-3.060197765870649889e+01	5.000681541060598789e+01
-2.38	-2.982166776248307016e+01	4.876030066395402685e+01
-2.36	-2.975304668228113059e+01	4.865962011652961650e+01
-2.34	-2.956380593921565136e+01	4.833213924687164820e+01
-2.32	-2.955781153950302098e+01	4.827696930437313227e+01
-2.30	-2.955588678427283966e+01	4.819829403276364133e+01
-2.28	-2.947093028136352899e+01	4.795686860712760335e+01
-2.26	-2.951856804783961152e+01	4.790219997802781648e+01
-2.24	-2.946390951632442068e+01	4.765528989760557721e+01
-2.22	-2.953795822329139042e+01	4.759648386131288333e+01
-2.20	-2.948629264378023862e+01	4.731509306885819655e+01
-2.18	-2.931717711541083915e+01	4.683043499831268264e+01
-2.16	-2.943379862519482160e+01	4.679544731817112790e+01
-2.14	-2.950689096060465033e+01	4.668462954471238646e+01
-2.12	-2.963923610938439168e+01	4.666628133332324069e+01
-2.10	-2.972946691744146008e+01	4.658264634036179785e+01
-2.08	-2.985465758658433089e+01	4.656021976334150736e+01
-2.06	-2.997725770854350102e+01	4.654455476776296052e+01
-2.04	-3.004765808271694993e+01	4.646162525728057346e+01
-2.02	-3.014613567339620914e+01	4.643958554832167351e+01
-2.00	-3.006536983576237176e+01	4.622430271305277927e+01
-1.98	-2.981376165052027005e+01	4.579464862515534662e+01
-1.96	-2.956476403595647895e+01	4.542423440089491748e+01
-1.94	-2.927202973508628148e+01	4.503024002865451791e+01
-1.92	-2.898461603410095933e+01	4.466506864488997763e+01
-1.90	-2.868381480901258129e+01	4.429823339322099685e+01
-1.88	-2.837260739281972022e+01	4.392942987284659750e+01
-1.86	-2.805911374673542014e+01	4.356703623189221730e+01
-1.84	-2.774875835626837173e+01	4.321681417118176682e+01
-1.82	-2.743307516674601843e+01	4.286307539197336069e+01
-1.80	-2.723590980053888089e+01	4.269827585942672954e+01
-1.78	-2.701485973026796117e+01	4.249557472665799907e+01
-1.76	-2.671559483891427078e+01	4.216654117579987826e+01
-1.74	-2.649009342850429150e+01	4.195118852909436669e+01
-1.72	-2.619224228929751064e+01	4.161582803815907994e+01
-1.70	-2.590556266652925999e+01	4.129135315618869839e+01
-1.68	-2.569082227213457870e+01	4.107533854990158773e+01
-1.66	-2.540727725031712936e+01	4.074226164604022671e+01
-1.64	-2.522504205203259176e+01	4.056623106909228937e+01
-1.62	-2.495660011276239842e+01	4.024376247020502717e+01
-1.60	-2.483635006451874006e+01	4.015534297515397810e+01
-1.58	-2.496242830720009920e+01	4.046469285814983863e+01
-1.56	-2.470145005847998121e+01	4.013977059561638328e+01
-1.54	-2.452766139967253878e+01	3.995297026260284667e+01
-1.52	-2.425446839963726831e+01	3.960031867123922211e+01
-1.50	-2.405422286635889151e+01	3.936586417917479963e+01
-1.48	-2.378425944503674927e+01	3.901599663159060327e+01
-1.46	-2.350807473749595999e+01	3.865506486048322898e+01
-1.44	-2.329978937057741106e+01	3.840661907883779236e+01
-1.42	-2.302330050797455030e+01	3.804676851682842909e+01
-1.40	-2.281480826776304127e+01	3.780191511329469023e+01
-1.38	-2.261768926880478858e+01	3.757796382593666351e+01
-1.36	-2.231673732909846919e+01	3.718252949261380280e+01
-1.34	-2.201394883638349143e+01	3.678591742557507160e+01
-1.32	-2.170634103308409024e+01	3.638305511669622661e+01
-1.30	-2.139229878735662993e+01	3.597003121546011073e+01
-1.28	-2.108180391105038964e+01	3.556344456018784683e+01
-1.26	-2.077250842447567081e+01	3.515907348463876758e+01
-1.24	-2.044905070513589962e+01	3.473008038803445174e+01
-1.22	-2.013839281636875000e+01	3.432121302246603278e+01
-1.20	-1.978182267014206985e+01	3.383085148748661197e+01
-1.18	-1.947509548201128027e+01	3.342367272472927908e+01
-1.16	-1.917758222489808873e+01	3.302894932482102774e+01
-1.14	-1.889104542164887945e+01	3.264892706193236904e+01
-1.12	-1.860057916136219092e+01	3.225722298792540954e+01
-1.10	-1.831378449145491061e+01	3.186708350792567046e+01
-1.08	-1.804824021049770977e+01	3.150933324282182113e+01
-1.06	-1.776836183118695089e+01	3.112017833178297010e+01
-1.04	-1.752519864379145886e+01	3.079021797585427933e+01
-1.02	-1.725866762124772080e+01	3.041371926333949105e+01
-1.00	-1.718163087772402875e+01	3.036891781079389929e+01
-0.98	-1.701229842985013008e+01	3.015573337254015840e+01
-0.96	-1.675458561314015071e+01	2.977999159643042049e+01
-0.94	-1.656012694810527108e+01	2.951317070066345849e+01
-0.92	-1.630044965574115068e+01	2.912517093586263073e+01
-0.90	-1.609461501288831897e+01	2.883009372156561056e+01
-0.88	-1.584034012204311992e+01	2.844392416880489094e+01
-0.86	-1.558273260564138063e+01	2.804866879185119899e+01
-0.84	-1.537980020213587018e+01	2.774996471324033109e+01
-0.82	-1.512763410780172002e+01	2.735895722821949860e+01
-0.80	-1.500863321632271941e+01	2.720877461311865986e+01
-0.78	-1.476840195933393929e+01	2.683588341477405947e+01
-0.76	-1.449850833533126959e+01	2.640681250110980116e+01
-0.74	-1.423449713267200067e+01	2.598641081473520842e+01
-0.72	-1.396333613228589954e+01	2.555089045788389157e+01
-0.70	-1.369354190255731929e+01	2.511645702109260014e+01
-0.68	-1.341838128341326986e+01	2.467028316159531087e+01
-0.66	-1.314890832256918962e+01	2.423263869915471957e+01
-0.64	-1.286643815367363963e+01	2.376886944582940941e+01
-0.62	-1.259672528931415947e+01	2.332721335896324177e+01
-0.60	-1.230032859177181059e+01	2.283380513096567910e+01
-0.58	-1.194017315305817029e+01	2.221809766804867081e+01
-0.56	-1.167385608776960915e+01	2.177607573380456074e+01
-0.54	-1.138661375274084975e+01	2.129266647562151960e+01
-0.52	-1.112790115026795945e+01	2.086095745860509965e+01
-0.50	-1.086801977436286926e+01	2.042473409082753122e+01
-0.48	-1.059469592899099055e+01	1.996060827948599936e+01
-0.46	-1.034092607257922936e+01	1.953152154999245838e+01
-0.44	-1.007051779135576020e+01	1.906840177528219016e+01
-0.42	-9.819205806235924427e+00	1.863949617784297175e+01
-0.40	-9.514180230317583309e+00	1.810510036773711917e+01
-0.38	-9.250370086419351878e+00	1.764733262649543022e+01
-0.36	-9.009679617728952650e+00	1.723177697578231005e+01
-0.34	-8.757109308679158488e+00	1.679103183246285980e+01
-0.32	-8.521274961101081402e+00	1.638042979476466954e+01
-0.30	-8.285282509547869267e+00	1.596728405085609026e+01
-0.28	-8.041707149445258551e+00	1.553706421176640085e+01
-0.26	-7.810597329621631779e+00	1.512892650510499948e+01
-0.24	-7.568735281274023841e+00	1.469738138870392952e+01
-0.22	-7.340117285557943738e+00	1.428947225158638012e+01
-0.20	-7.066085364351755160e+00	1.378947023356809964e+01
-0.18	-6.826960374675501875e+00	1.335583054053856067e+01
-0.16	-6.611265453053094099e+00	1.296631397376335926e+01
-0.14	-6.386811582537334608e+00	1.255711730972818074e+01
-0.12	-6.177392880793438401e+00	1.217564352955425022e+01
-0.10	-5.962361883038728827e+00	1.178068414572883071e+01
-0.08	-5.757849489022333067e+00	1.140456382367793964e+01
-0.06	-5.554761942559363952e+00	1.102912807103481008e+01
-0.04	-5.345445907886636761e+00	1.067087353841361086e+01
-0.02	-5.128917657423679444e+00	1.036725574850247966e+01
-0.00	-4.933112847499794285e+00	1.000000000000001066e+01
