-24.00	-2.171992994334021176e+01	4.999999999999999289e+01
-23.00	-2.202156202931467988e+01	5.000200868162109202e+01
-22.00	-2.239454713889109883e+01	4.997214122229806321e+01
-21.00	-2.280839767016923858e+01	5.002809721947230059e+01
-20.00	-2.308197426602318103e+01	4.968382089441733740e+01
-19.00	-2.401129292041080987e+01	5.086524762161430857e+01
-18.00	-2.390607572927095958e+01	4.954548817740637645e+01
-17.00	-2.538578500190639176e+01	5.177856330773595772e+01
-16.98	-2.545441976731527944e+01	5.190532078274640071e+01
-16.96	-2.547455401402039143e+01	5.193613296038886773e+01
-16.94	-2.552323009349819927e+01	5.202406528335134794e+01
-16.92	-2.553993819314009883e+01	5.205029500807364684e+01
-16.90	-2.557750901821005840e+01	5.212327398231249731e+01
-16.88	-2.559219765572992955e+01	5.215316423804382140e+01
-16.86	-2.560285566751599973e+01	5.217832497600056030e+01
-16.84	-2.563743593109110108e+01	5.225509193180879208e+01
-16.82	-2.564830176303772902e+01	5.228561241131424708e+01
-16.80	-2.572673804772639983e+01	5.245573632362589933e+01
-16.78	-2.574659002175710043e+01	5.250694289741006315e+01
-16.76	-2.574971673911634085e+01	5.252391945448106725e+01
-16.74	-2.575505652906068121e+01	5.254453173342393768e+01
-16.72	-2.575703129122573998e+01	5.255646199204984015e+01
-16.70	-2.575512517164209925e+01	5.255808090183730741e+01
-16.68	-2.575698506201543125e+01	5.256376775299869308e+01
-16.66	-2.576247004929266993e+01	5.257286963824341086e+01
-16.64	-2.574865657587455914e+01	5.253770451472510672e+01
-16.62	-2.575456807460324171e+01	5.253739549589737834e+01
-16.60	-2.571193381386751042e+01	5.243178922366335826e+01
-16.58	-2.549195677080377109e+01	5.195796561120906176e+01
-16.56	-2.548319375330087055e+01	5.190892927802679679e+01
-16.54	-2.539883482327924114e+01	5.169905342678836746e+01
-16.52	-2.540229595496684922e+01	5.166182546920276764e+01
-16.50	-2.540121649269816118e+01	5.160836032186156075e+01
-16.48	-2.532418220687782906e+01	5.139406718376793037e+01
-16.46	-2.533304090532984887e+01	5.134837817812901761e+01
-16.44	-2.523295151825083948e+01	5.107560826059908976e+01
-16.42	-2.523720395481959144e+01	5.100922795840934754e+01
-16.40	-2.507911772911538151e+01	5.060958066158465840e+01
-16.38	-2.466568439654039935e+01	4.969061199649841853e+01
-16.36	-2.466816738842683066e+01	4.960925615512041986e+01
-16.34	-2.458342389960964880e+01	4.934897862069667696e+01
-16.32	-2.460367236260976043e+01	4.929738303950505696e+01
-16.30	-2.454947535593246855e+01	4.909400510018407715e+01
-16.28	-2.456762760021970138e+01	4.903389712626635344e+01
-16.26	-2.459368762180091039e+01	4.898782072516320341e+01
-16.24	-2.454568317243063902e+01	4.879273216512427069e+01
-16.22	-2.456796216860308135e+01	4.873683081721777199e+01
-16.20	-2.443339378445291032e+01	4.836859419955771244e+01
-16.18	-2.444976781744717087e+01	4.829970863481680254e+01
-16.16	-2.449498420805850074e+01	4.828710870810368050e+01
-16.14	-2.453766525655768049e+01	4.826844271744543136e+01
-16.12	-2.458675375321714895e+01	4.826126639569861254e+01
-16.10	-2.463616454333180172e+01	4.825351750241758708e+01
-16.08	-2.469323989071003922e+01	4.825921752766326733e+01
-16.06	-2.474577596654500056e+01	4.825443389100593805e+01
-16.04	-2.481228059747989079e+01	4.827507915578505049e+01
-16.02	-2.486903643219704918e+01	4.827462867546680769e+01
-16.00	-2.494806681992010056e+01	4.831527979926880079e+01
-15.98	-2.504710735151289924e+01	4.839226153649715911e+01
-15.96	-2.510540940940380850e+01	4.838768812729934865e+01
-15.94	-2.516558105413749047e+01	4.838440259046686265e+01
-15.92	-2.522385403100964041e+01	4.837520749792670927e+01
-15.90	-2.528342890017058053e+01	4.836629319167259666e+01
-15.88	-2.533856107898309062e+01	4.834701095942617144e+01
-15.86	-2.539880112983458105e+01	4.833586030457753679e+01
-15.84	-2.544795066134597050e+01	4.830228708648847658e+01
-15.82	-2.550602675513199102e+01	4.828489874200639775e+01
-15.80	-2.549924393807398104e+01	4.814428103844704054e+01
-15.78	-2.552949756819387872e+01	4.807433158132254647e+01
-15.76	-2.558604114447190980e+01	4.805483090920466083e+01
-15.74	-2.562728910492176126e+01	4.800775443774667650e+01
-15.72	-2.568446223445778998e+01	4.799241347076772257e+01
-15.70	-2.573899604376056161e+01	4.797435521932244740e+01
-15.68	-2.578543147549135028e+01	4.794384308442503340e+01
-15.66	-2.583873141661094053e+01	4.792945755937184771e+01
-15.64	-2.588718050690629013e+01	4.790959559574145743e+01
-15.62	-2.593800690013049959e+01	4.789803208295266046e+01
-15.60	-2.599547276893989078e+01	4.790321297766452346e+01
-15.58	-2.612716794259127084e+01	4.804960194123111705e+01
-15.56	-2.618464503964536050e+01	4.806346383021706714e+01
-15.54	-2.627580626671159081e+01	4.814407262259325648e+01
-15.52	-2.632752868342900854e+01	4.815698456752806322e+01
-15.50	-2.641626686725431128e+01	4.824249460268878664e+01
-15.48	-2.646855442922804968e+01	4.826664452152132867e+01
-15.46	-2.651287594060397979e+01	4.828102885550406143e+01
-15.44	-2.661610039520590121e+01	4.840818209997721766e+01
-15.42	-2.666205913802047078e+01	4.843608597333562216e+01
-15.40	-2.680391962496846858e+01	4.864410087568823826e+01
-15.38	-2.715350516461897001e+01	4.923486114040618844e+01
-15.36	-2.720737630724669032e+01	4.929294979433400670e+01
-15.34	-2.734333712916435033e+01	4.950579928403053742e+01
-15.32	-2.738128319471701033e+01	4.954630360899488295e+01
-15.30	-2.742440262107686877e+01	4.960265051916515233e+01
-15.28	-2.754236957160454935e+01	4.980075677356124686e+01
-15.26	-2.757308347336762111e+01	4.984707484520254184e+01
-15.24	-2.770648166346031971e+01	5.008633500775650305e+01
-15.22	-2.774380340003571987e+01	5.015801039291984864e+01
-15.20	-2.816202707845809883e+01	5.092745107728109133e+01
-15.18	-2.832704364611205961e+01	5.124523680634416678e+01
-15.16	-2.834702639820799064e+01	5.130581633211853898e+01
-15.14	-2.844982133584109008e+01	5.152351573770955895e+01
-15.12	-2.845504618571390054e+01	5.157026515583778092e+01
-15.10	-2.852629545645359954e+01	5.174293398104820341e+01
-15.08	-2.852940369659861020e+01	5.179703229602039727e+01
-15.06	-2.852335104415296030e+01	5.183934744228169222e+01
-15.04	-2.858367673923482144e+01	5.200701468524182758e+01
-15.02	-2.857624661281733935e+01	5.205459363540091289e+01
-15.00	-2.863646582483944059e+01	5.222911370766455974e+01
-14.98	-2.869375733002753037e+01	5.240054153554263650e+01
-14.96	-2.866247215467278053e+01	5.241120222154660269e+01
-14.94	-2.861988472753235158e+01	5.240186172565758937e+01
-14.92	-2.858282694397692936e+01	5.240286986047585316e+01
-14.90	-2.852709036563634015e+01	5.236921907074506066e+01
-14.88	-2.848544791931151110e+01	5.236078053229716289e+01
-14.86	-2.844766319211623085e+01	5.235861237582705741e+01
-14.84	-2.836989187357055897e+01	5.228131916593783757e+01
-14.82	-2.832411357648575034e+01	5.226195132776300056e+01
-14.80	-2.808350760594917972e+01	5.187984613815739010e+01
-14.78	-2.795116941486466899e+01	5.169669428446945147e+01
-14.76	-2.790258378724524135e+01	5.166817824812083160e+01
-14.74	-2.779806639478933050e+01	5.153464659447841001e+01
-14.72	-2.775515332375955069e+01	5.151498921299295120e+01
-14.70	-2.770718035990832107e+01	5.148505609481497203e+01
-14.68	-2.761579456614364858e+01	5.137319540214132019e+01
-14.66	-2.757324854123471880e+01	5.135145236415633718e+01
-14.64	-2.747567556151173918e+01	5.122508726379631838e+01
-14.62	-2.743182788843337860e+01	5.119727333477195685e+01
-14.60	-2.731557807086348078e+01	5.103054859226474349e+01
-14.58	-2.708808460262500972e+01	5.065065590068004298e+01
-14.56	-2.704688260051469939e+01	5.061624382651118736e+01
-14.54	-2.696012329220902970e+01	5.048991732713958669e+01
-14.52	-2.693077426350206949e+01	5.046411361657845873e+01
-14.50	-2.685729378847094040e+01	5.034637093459579660e+01
-14.48	-2.683188523168591999e+01	5.030881487941306318e+01
-14.46	-2.681899656137090915e+01	5.028264421520073313e+01
-14.44	-2.674405751581348056e+01	5.012617751140621181e+01
-14.42	-2.673403083797505175e+01	5.007760376208508291e+01
-14.40	-2.644242791681584848e+01	4.948171375988297171e+01
-14.38	-2.632007298035432896e+01	4.918887343767300280e+01
-14.36	-2.633081507722474868e+01	4.912963429315124131e+01
-14.34	-2.626334056945707118e+01	4.890610158402792962e+01
-14.32	-2.629949648440086918e+01	4.885976086953505160e+01
-14.30	-2.633627320840685115e+01	4.879734310106732664e+01
-14.28	-2.631254606496041859e+01	4.860484216858012019e+01
-14.26	-2.637336027850819065e+01	4.855504357113188263e+01
-14.24	-2.635496346919773103e+01	4.834360290875729049e+01
-14.22	-2.642359082348097843e+01	4.828006992854845691e+01
-14.20	-2.626951971395406105e+01	4.779667251765953750e+01
-14.18	-2.632790341928016886e+01	4.769459548007875327e+01
-14.16	-2.643866313872834084e+01	4.768055796027397975e+01
-14.14	-2.655347292398473869e+01	4.766745324029624697e+01
-14.12	-2.667785289037108143e+01	4.766666615472649937e+01
-14.10	-2.682433052766313963e+01	4.770210788870784313e+01
-14.08	-2.696056694733044878e+01	4.771718506904964840e+01
-14.06	-2.709203267381334967e+01	4.772310539020055842e+01
-14.04	-2.728783658213276908e+01	4.784349479526626681e+01
-14.02	-2.743060907323281938e+01	4.787110438605485285e+01
-14.00	-2.770684848111705989e+01	4.813631201908872725e+01
-13.98	-2.836478522909230904e+01	4.906756623859944000e+01
-13.96	-2.854798636728000005e+01	4.916730144617883980e+01
-13.94	-2.888406810607050090e+01	4.953353525963650128e+01
-13.92	-2.905018732635975098e+01	4.960534856288366967e+01
-13.90	-2.923148663532350966e+01	4.970432266339899030e+01
-13.88	-2.955634787629362847e+01	5.004757361784957936e+01
-13.86	-2.972957409725529843e+01	5.012904078352971737e+01
-13.84	-3.009851738943736876e+01	5.053951631708329728e+01
-13.82	-3.030202396408218135e+01	5.066212903515692290e+01
-13.80	-3.118858324514880920e+01	5.192748914501680702e+01
-13.78	-3.162989334393517993e+01	5.242546395961451111e+01
-13.76	-3.184656031985923974e+01	5.251862068955467322e+01
-13.74	-3.222746282689936947e+01	5.285043419573870693e+01
-13.72	-3.248364792124657896e+01	5.291704288650336707e+01
-13.70	-3.281532567854335980e+01	5.300701137572342958e+01
-13.68	-3.338267251827811322e+01	5.325648541984603668e+01
-13.66	-3.422825457501730995e+01	5.332369995924702266e+01
-13.64	-3.442129556264777790e+01	5.357190548239133676e+01
-13.62	-3.252343824629551250e+01	5.364246901718090754e+01
-13.60	-3.240604334712040213e+01	5.390213934000305329e+01
-13.58	-3.261257242675583257e+01	5.417389346244725346e+01
-13.56	-3.267596260691153986e+01	5.419143240959768804e+01
-13.54	-3.271869811349213109e+01	5.418174770504990789e+01
-13.52	-3.276497543435767312e+01	5.418301011650292764e+01
-13.50	-3.277710467318748755e+01	5.412991273239398993e+01
-13.48	-3.281147424606130159e+01	5.411406693145934810e+01
-13.46	-3.285287608739511711e+01	5.410921699351042236e+01
-13.44	-3.281368067072499173e+01	5.396975180328936261e+01
-13.42	-3.283544547847621686e+01	5.392924335042309281e+01
-13.40	-3.237521863654067289e+01	5.309201639217822333e+01
-13.38	-3.212020057256153649e+01	5.259061835351359093e+01
-13.36	-3.210968129763256229e+01	5.249241424107226806e+01
-13.34	-3.189946538206615045e+01	5.206487661296972647e+01
-13.32	-3.189989244539734159e+01	5.198266783870572283e+01
-13.30	-3.188155611192312122e+01	5.186833400450188236e+01
-13.28	-3.167491824788844923e+01	5.144718163968053659e+01
-13.26	-3.166645779595488008e+01	5.135066193221695130e+01
-13.24	-3.139265781804995115e+01	5.082262434194809941e+01
-13.22	-3.135877835068598074e+01	5.068857800107876699e+01
-13.20	-3.093251493878639025e+01	4.991573652646395232e+01
-13.18	-2.982762633179471834e+01	4.805136551459330718e+01
-13.16	-2.975467333912123991e+01	4.787128871450467926e+01
-13.14	-2.942626976961710028e+01	4.728385691301713223e+01
-13.12	-2.937810819325170897e+01	4.715861002104112742e+01
-13.10	-2.909655316344323950e+01	4.666371635085639724e+01
-13.08	-2.902023012418407077e+01	4.650778434844963272e+01
-13.06	-2.896255956812392895e+01	4.639058517956168259e+01
-13.04	-2.863712107320744948e+01	4.584888070837300234e+01
-13.02	-2.855087936334306065e+01	4.570183591877744078e+01
-13.00	-2.813655562569616109e+01	4.502707035797789814e+01
-12.98	-2.736399618774355957e+01	4.378605475409698755e+01
-12.96	-2.728427474364120897e+01	4.367210371493482768e+01
-12.94	-2.708597408083011970e+01	4.337286737176052043e+01
-12.92	-2.702750102338994154e+01	4.330521284184590058e+01
-12.90	-2.695393346569025894e+01	4.321771088670914907e+01
-12.88	-2.680995313435412086e+01	4.302020491497094667e+01
-12.86	-2.674677169472072080e+01	4.295594304603829272e+01
-12.84	-2.661988667278695075e+01	4.278983851419828710e+01
-12.82	-2.655992558701741046e+01	4.273307639477687303e+01
-12.80	-2.649489694702479881e+01	4.266899480516894272e+01
-12.78	-2.655206827641276135e+01	4.280402243617466951e+01
-12.76	-2.653929348650310160e+01	4.282485318982102740e+01
-12.74	-2.662271094184496079e+01	4.300094363273346687e+01
-12.72	-2.661488003146747872e+01	4.302853105673001721e+01
-12.70	-2.671569328807424171e+01	4.323599348141259213e+01
-12.68	-2.671388046874985989e+01	4.329543389579735191e+01
-12.66	-2.666290360451748853e+01	4.332887932428899092e+01
-12.64	-2.705966716747735035e+01	4.366715729042905281e+01
-12.62	-2.905270762254388117e+01	4.374030345158701749e+01
-12.60	-3.060966290732789119e+01	4.432687343943648273e+01
-12.58	-3.050559181309773038e+01	4.609171193011862755e+01
-12.56	-2.996044671653999103e+01	4.626548727143376283e+01
-12.54	-2.999683477583166891e+01	4.691372513658166810e+01
-12.52	-2.983247245243801871e+01	4.704325643647474209e+01
-12.50	-3.000895084484366038e+01	4.763204114874792339e+01
-12.48	-2.997648052900519033e+01	4.781112404679222294e+01
-12.46	-2.994676678572308859e+01	4.793729576719899654e+01
-12.44	-3.029331621373300010e+01	4.865484414663008295e+01
-12.42	-3.036283811040391001e+01	4.886353801109026307e+01
-12.40	-3.165503585669620890e+01	5.111059414440386917e+01
-12.38	-3.216028150011309350e+01	5.199719026176691727e+01
-12.36	-3.227051278628037778e+01	5.215500528042670680e+01
-12.34	-3.266078038991990695e+01	5.274388298976644052e+01
-12.32	-3.280136461332092779e+01	5.285350647379304689e+01
-12.30	-3.300046003844145304e+01	5.300536340334159746e+01
-12.28	-3.340946107524293751e+01	5.344604160792175662e+01
-12.26	-3.367445915811671142e+01	5.355652776719834662e+01
-12.24	-3.419599885284311114e+01	5.399718700117811210e+01
-12.22	-3.461960054047960966e+01	5.411418205157394823e+01
-12.20	-3.539692768503415010e+01	5.458705066066673339e+01
-12.18	-3.657301380171824690e+01	5.521726077787865705e+01
-12.16	-3.830928083388540273e+01	5.526608734005436219e+01
-12.14	-4.113191118691437964e+01	5.535898816583016213e+01
-12.12	-3.563882956369238286e+01	5.538441528755451060e+01
-12.10	-3.316585501667481140e+01	5.543169879960988311e+01
-12.08	-3.314490162583184940e+01	5.545255187571194000e+01
-12.06	-3.314432789234994914e+01	5.547349345181140023e+01
-12.04	-3.314034254207688690e+01	5.548861081929904771e+01
-12.02	-3.313661043697897668e+01	5.550328910148289907e+01
-12.00	-3.309419732925299940e+01	5.545546059020254859e+01
-11.98	-3.307213939568521965e+01	5.544118997753982825e+01
-11.96	-3.305866934348708241e+01	5.544108296536685287e+01
-11.94	-3.304775366413600324e+01	5.544644702017164661e+01
-11.92	-3.303562928383327346e+01	5.544920238029901327e+01
-11.90	-3.303195915590303855e+01	5.546485470759520808e+01
-11.88	-3.302401544497015351e+01	5.547113282859623240e+01
-11.86	-3.301630448474517721e+01	5.547509922026320339e+01
-11.84	-3.302707882609534806e+01	5.550621562332838721e+01
-11.82	-3.302776520145967254e+01	5.551521400638335990e+01
-11.80	-3.308323783719126254e+01	5.561104851314703268e+01
-11.78	-3.308837970884062685e+01	5.561500749371705155e+01
-11.76	-3.309213978233660214e+01	5.560885552637137863e+01
-11.74	-3.308665148477417262e+01	5.557882767548807834e+01
-11.72	-3.309695709797627217e+01	5.556660695072380207e+01
-11.70	-3.308814431528578126e+01	5.551248737099521691e+01
-11.68	-3.310185252109081233e+01	5.548866667493000904e+01
-11.66	-3.312455600184537730e+01	5.547278173419427105e+01
-11.64	-3.309034048102863323e+01	5.536006878241393281e+01
-11.62	-3.309357267666875657e+01	5.531924859482457180e+01
-11.60	-3.273546275929236771e+01	5.470341438361611353e+01
-11.58	-3.247823870689124703e+01	5.433246395996496858e+01
-11.56	-3.229758056789371778e+01	5.425448862945612660e+01
-11.54	-3.181625487532071972e+01	5.394185201597627355e+01
-11.52	-3.130835471693437100e+01	5.387272687788310321e+01
-11.50	-3.059260095443775995e+01	5.357903524319571176e+01
-11.48	-2.999104195519930016e+01	5.348457337068956008e+01
-11.46	-2.943408284267555075e+01	5.341708111195688957e+01
-11.44	-2.875983190609404971e+01	5.304571579292198180e+01
-11.42	-2.826415795311909918e+01	5.293226171706170646e+01
-11.40	-2.722040673282689838e+01	5.165064191997608845e+01
-11.38	-2.658044747261671858e+01	5.106367858731454135e+01
-11.36	-2.621704487025192876e+01	5.095168289968005126e+01
-11.34	-2.572955513593608856e+01	5.050997174265572909e+01
-11.32	-2.545124913591347138e+01	5.041808154455428337e+01
-11.30	-2.506585137593134860e+01	5.003015383336551736e+01
-11.28	-2.484629578812808148e+01	4.991015051267468294e+01
-11.26	-2.467605788471761130e+01	4.982359306477580674e+01
-11.24	-2.436261676664259923e+01	4.936449155149725243e+01
-11.22	-2.423576552023734010e+01	4.922747629734173813e+01
-11.20	-2.350815472003194984e+01	4.775446844104988742e+01
-11.18	-2.321271793565162156e+01	4.712472559549271267e+01
-11.16	-2.318944037520422086e+01	4.700949637561935646e+01
-11.14	-2.303762424139615916e+01	4.656163741393378075e+01
-11.12	-2.308513475847527019e+01	4.647271501771844271e+01
-11.10	-2.302711372053104100e+01	4.610165751238324816e+01
-11.08	-2.312284547131627122e+01	4.599236215229547042e+01
-11.06	-2.326182998288203052e+01	4.591212842670549321e+01
-11.04	-2.327412690467339829e+01	4.551533025907067298e+01
-11.02	-2.345229563729424882e+01	4.540329508520788693e+01
-11.00	-2.320516717044932875e+01	4.438863514890871897e+01
-10.98	-2.332852099192638917e+01	4.407597478162894333e+01
-10.96	-2.360701640004246116e+01	4.402994739717870232e+01
-10.94	-2.384678043694751892e+01	4.386451972958008838e+01
-10.92	-2.418318226932396087e+01	4.383892839234601269e+01
-10.90	-2.450850893503081096e+01	4.374039865156805718e+01
-10.88	-2.490421057826123885e+01	4.371899932415151113e+01
-10.86	-2.532156896212849873e+01	4.370130687050737350e+01
-10.84	-2.569863102290965884e+01	4.365267218234890123e+01
-10.82	-2.600015325017590939e+01	4.364254706572201314e+01
-10.80	-2.618103341316701105e+01	4.365257206529658163e+01
-10.78	-2.640121473441185174e+01	4.389652764400926799e+01
-10.76	-2.643862591654497152e+01	4.392847448185907666e+01
-10.74	-2.650310391581400893e+01	4.405124624823579182e+01
-10.72	-2.649714677567920873e+01	4.407551080333124105e+01
-10.70	-2.649337973421835102e+01	4.410893807243005682e+01
-10.68	-2.654101069670329949e+01	4.422712980672581295e+01
-10.66	-2.653672675590886954e+01	4.425425519389298756e+01
-10.64	-2.660452047113059137e+01	4.439619125234292341e+01
-10.62	-2.661263887073517864e+01	4.443139015880530707e+01
-10.60	-2.671945728924654162e+01	4.462611017714831974e+01
-10.58	-2.697162568292403151e+01	4.505795053645191217e+01
-10.56	-2.699265532378271004e+01	4.509542690075694793e+01
-10.54	-2.707148112502794035e+01	4.522390275846012742e+01
-10.52	-2.709068893146177004e+01	4.524682828069438045e+01
-10.50	-2.711852767662596975e+01	4.527926886634884340e+01
-10.48	-2.719478404230644131e+01	4.538901845894495324e+01
-10.46	-2.722271485895129928e+01	4.541384933601079865e+01
-10.44	-2.731478922184728830e+01	4.554345182465797848e+01
-10.42	-2.734984961392472869e+01	4.557549016387879703e+01
-10.40	-2.747743376227181145e+01	4.576126464995012100e+01
-10.38	-2.778649933007445938e+01	4.625055539073542832e+01
-10.36	-2.783155212571563908e+01	4.630027326239483187e+01
-10.34	-2.795129046528591843e+01	4.647951535460529726e+01
-10.32	-2.797919073455024019e+01	4.651469859018465769e+01
-10.30	-2.800921230878890000e+01	4.656313759712742950e+01
-10.28	-2.950520766199812073e+01	4.673508123397981251e+01
-10.26	-3.576216972787670301e+01	4.677514714883888303e+01
-10.24	-3.707476727970330899e+01	4.699209523449881232e+01
-10.22	-3.400603095599993253e+01	4.704719942650682896e+01
-10.20	-3.336253896342096681e+01	4.737664248074887041e+01
-10.18	-3.351377090111264323e+01	4.828772847620457043e+01
-10.16	-3.332425264975618262e+01	4.838334184200648735e+01
-10.14	-3.335869030418925263e+01	4.872688068825579677e+01
-10.12	-3.324427153991746309e+01	4.879577652008404698e+01
-10.10	-3.314776835000289168e+01	4.889004028131707003e+01
-10.08	-3.320108543674380286e+01	4.922327029082406824e+01
-10.06	-3.310546655212831979e+01	4.930188891404583273e+01
-10.04	-3.323660570575663797e+01	4.972393430913231782e+01
-10.02	-3.320593392761219320e+01	4.983231027444603711e+01
-10.00	-3.353599404435806264e+01	5.047216315415472820e+01
-9.98	-3.458284923615219242e+01	5.218233586694221771e+01
-9.96	-3.478869501004957954e+01	5.235418251952165747e+01
-9.94	-3.537113357736583197e+01	5.295387271791170036e+01
-9.92	-3.579491568759573283e+01	5.307842427302772847e+01
-9.90	-3.656158135828115974e+01	5.361104701327401756e+01
-9.88	-3.713337510438365285e+01	5.377449849315124908e+01
-9.86	-3.768311878801399217e+01	5.389202112777132925e+01
-9.84	-3.841352460343460251e+01	5.451961564221041101e+01
-9.82	-3.860270684613620773e+01	5.469102700152304664e+01
-9.80	-4.003785588500238646e+01	5.607845849205298805e+01
-9.78	-3.943644946447324173e+01	5.730489222007643235e+01
-9.76	-3.880349438701143328e+01	5.743494191724803244e+01
-9.74	-3.868754108458585250e+01	5.788797706770100149e+01
-9.72	-3.850075802245852685e+01	5.796267430011536703e+01
-9.70	-3.840815504256345747e+01	5.807022790806895784e+01
-9.68	-3.850146856710868803e+01	5.838549819950703323e+01
-9.66	-3.848617412045852859e+01	5.845081067834419741e+01
-9.64	-3.862538777746718921e+01	5.873221377164966128e+01
-9.62	-3.866661232465440889e+01	5.880066723905363091e+01
-9.60	-3.889919564003253782e+01	5.915000720521238264e+01
-9.58	-3.890541595263559316e+01	5.907608397261663669e+01
-9.56	-3.897273351141444664e+01	5.904314060481156901e+01
-9.54	-3.901927437609562332e+01	5.889750162963599678e+01
-9.52	-3.921837705191948231e+01	5.885942815458621880e+01
-9.50	-3.961434897602730842e+01	5.881040384757918815e+01
-9.48	-4.061939149881266076e+01	5.861238707305518147e+01
-9.46	-3.987209192413426706e+01	5.856388749618049872e+01
-9.44	-3.720096693894014095e+01	5.828101462613889794e+01
-9.42	-3.680742491399654170e+01	5.819001315573346744e+01
-9.40	-3.603400560847727263e+01	5.703850842183724978e+01
-9.38	-3.561788445386869029e+01	5.646726585133261267e+01
-9.36	-3.547186677665965959e+01	5.635659322059772336e+01
-9.34	-3.510853981272847335e+01	5.591519541520740688e+01
-9.32	-3.495635204866920986e+01	5.582950438192489884e+01
-9.30	-3.477766576081081240e+01	5.571146353059727119e+01
-9.28	-3.442295287770097190e+01	5.531314514169400098e+01
-9.26	-3.425289699292869017e+01	5.521922820317674763e+01
-9.24	-3.384882512976807334e+01	5.474223202919519338e+01
-9.22	-3.365025527020736718e+01	5.459894089397941741e+01
-9.20	-3.256208411147890303e+01	5.298194265275036940e+01
-9.18	-3.200973931038002718e+01	5.223353872198050851e+01
-9.16	-3.183141271477914103e+01	5.209031091178310646e+01
-9.14	-3.140485051844299136e+01	5.151796439412154882e+01
-9.12	-3.126861901059569959e+01	5.140732562259246663e+01
-9.10	-3.111994888856145991e+01	5.125475961553542703e+01
-9.08	-3.077088843635345938e+01	5.074028848272102721e+01
-9.06	-3.067361798215467061e+01	5.061919683241990242e+01
-9.04	-3.029955094622328104e+01	5.000611092288620796e+01
-9.02	-3.021728683058532994e+01	4.985058887503375047e+01
-9.00	-2.973309228807798021e+01	4.899278599309675286e+01
-8.98	-2.855876240707305058e+01	4.696102145319367338e+01
-8.96	-2.852652618572462018e+01	4.680485486390097805e+01
-8.94	-2.823264115923227990e+01	4.619011717637300762e+01
-8.92	-2.825011917688787122e+01	4.606948363020305237e+01
-8.90	-2.804225624085480106e+01	4.555680687792415284e+01
-8.88	-2.806431585085501013e+01	4.540638485039672645e+01
-8.86	-2.811983014656890134e+01	4.529717361578467205e+01
-8.84	-2.790341704086815966e+01	4.473789598380817978e+01
-8.82	-2.794703113366778879e+01	4.459907679702318717e+01
-8.80	-2.763622923867290027e+01	4.389183369494160303e+01
-8.78	-2.691893541635219123e+01	4.250538399509890297e+01
-8.76	-2.731760531374364120e+01	4.239613668116840728e+01
-8.74	-2.881509810215160883e+01	4.204867249438221677e+01
-8.72	-2.952496097632354832e+01	4.198713804406619232e+01
-8.70	-2.813952636871312052e+01	4.172699159095981258e+01
-8.68	-2.752000730170014009e+01	4.165755424182317768e+01
-8.66	-2.710328872372373965e+01	4.160611877411078297e+01
-8.64	-2.666417624086063043e+01	4.136487951875977842e+01
-8.62	-2.637883570391592869e+01	4.130796264158632880e+01
-8.60	-2.601931306764884866e+01	4.105652115533362689e+01
-8.58	-2.566340046037212019e+01	4.076836991557617296e+01
-8.56	-2.548374847104598828e+01	4.076356040915060674e+01
-8.54	-2.532754927044740967e+01	4.077225786292832055e+01
-8.52	-2.518763771030575072e+01	4.078414939266581030e+01
-8.50	-2.508246069206457918e+01	4.083479794808489061e+01
-8.48	-2.497638028834298041e+01	4.086094031249218261e+01
-8.46	-2.487808407396675037e+01	4.087836716311800700e+01
-8.44	-2.485009448227264883e+01	4.100500882472535835e+01
-8.42	-2.478536457969507012e+01	4.104177793855077994e+01
-8.40	-2.485018901969263894e+01	4.130292388686539340e+01
-8.38	-2.528201287649471141e+01	4.223336476160420716e+01
-8.36	-2.528837879850589943e+01	4.234315303640087791e+01
-8.34	-2.545630721848484868e+01	4.273739427105265065e+01
-8.32	-2.547247440994282996e+01	4.282637132049119799e+01
-8.30	-2.565015142748980992e+01	4.320317930559348696e+01
-8.28	-2.570112046255346172e+01	4.332647233739032799e+01
-8.26	-2.574055405154678056e+01	4.341448008756481158e+01
-8.24	-2.599650370215229955e+01	4.389991245266394770e+01
-8.22	-2.607846247103107018e+01	4.404975103122063729e+01
-8.20	-2.698717413889649919e+01	4.574792632236591317e+01
-8.18	-2.740491211681097994e+01	4.652039518676121332e+01
-8.16	-2.749230746313801887e+01	4.666642403821799689e+01
-8.14	-2.780628157142542989e+01	4.723655402225590905e+01
-8.12	-2.787380401080453041e+01	4.734583882919839226e+01
-8.10	-2.796158802711623892e+01	4.749659333707791120e+01
-8.08	-2.822835103126638145e+01	4.798441995976744323e+01
-8.06	-2.829446627358795041e+01	4.810095939717245273e+01
-8.04	-2.859519848155521871e+01	4.865949333114801334e+01
-8.02	-2.868428629625174864e+01	4.882413750002522335e+01
-8.00	-2.959224471566233916e+01	5.052029339718553302e+01
-7.98	-2.997072006738163097e+01	5.122562999262356698e+01
-7.96	-3.004888858978470978e+01	5.135618856874099691e+01
-7.94	-3.033626977249581103e+01	5.186382149973751865e+01
-7.92	-3.041495531632196148e+01	5.196046702671832662e+01
-7.90	-3.052716754190516113e+01	5.209414185579775847e+01
-7.88	-3.081744268262364983e+01	5.252700404032751891e+01
-7.86	-3.095284792467456825e+01	5.263036396732155708e+01
-7.84	-3.132614455488140948e+01	5.313012628292093353e+01
-7.82	-3.153980412351130980e+01	5.327912818160280040e+01
-7.80	-3.255974201692716008e+01	5.485896593306336655e+01
-7.78	-3.313337873209354711e+01	5.553982558276427284e+01
-7.76	-3.345194417283610733e+01	5.566630978421010667e+01
-7.74	-3.401974839822521801e+01	5.615815917560303916e+01
-7.72	-3.442392353048749243e+01	5.625113731993627653e+01
-7.70	-3.490696360818431287e+01	5.637958845905340155e+01
-7.68	-3.562836158310604162e+01	5.678889309845197175e+01
-7.66	-3.625119159868803109e+01	5.688621993189367743e+01
-7.64	-3.712866487100995272e+01	5.733975022200804261e+01
-7.62	-3.760712649128146268e+01	5.746919082684477331e+01
-7.60	-3.822704737081969739e+01	5.866554129573601273e+01
-7.58	-3.784077226420628648e+01	5.903513245538300680e+01
-7.56	-3.719180045889579844e+01	5.908752073984008746e+01
-7.54	-3.673403537913183214e+01	5.926945174223614998e+01
-7.52	-3.626903649414970943e+01	5.929249149783490225e+01
-7.50	-3.587290692971747319e+01	5.932839584080763018e+01
-7.48	-3.553805179710823126e+01	5.939166745420236282e+01
-7.46	-3.521375163995178781e+01	5.940495895296928097e+01
-7.44	-3.490965237217233863e+01	5.938839274606449692e+01
-7.42	-3.464770388115068300e+01	5.937946240015441646e+01
-7.40	-3.432378114446888873e+01	5.919595757606712993e+01
-7.38	-3.354863794461783755e+01	5.816850147377285651e+01
-7.36	-3.333037710933106723e+01	5.803542862685662129e+01
-7.34	-3.293497720106667259e+01	5.753371550794911116e+01
-7.32	-3.279481415554577239e+01	5.741978675314845049e+01
-7.30	-3.246418794786173123e+01	5.692443891061312655e+01
-7.28	-3.235232430778612667e+01	5.676248272334556333e+01
-7.26	-3.228879266629156319e+01	5.664817816972553999e+01
-7.24	-3.193646418766616080e+01	5.599485364089350270e+01
-7.22	-3.187769948481874138e+01	5.582630079734897066e+01
-7.20	-3.137538203503893897e+01	5.486277669826399261e+01
-7.18	-3.009840432928039888e+01	5.253756358350450739e+01
-7.16	-3.004360014264715062e+01	5.232536446296222721e+01
-7.14	-2.970775224863634989e+01	5.161544883021213792e+01
-7.12	-2.970750812765562898e+01	5.147701687445690766e+01
-7.10	-2.945498029138138918e+01	5.089416442545437747e+01
-7.08	-2.944781148477211019e+01	5.072527115317792124e+01
-7.06	-2.947307617189932927e+01	5.060146972981149815e+01
-7.04	-2.921639306578515871e+01	4.998591727249169736e+01
-7.02	-2.923848005375365133e+01	4.983330997598226730e+01
-7.00	-2.891815882946976046e+01	4.908769272165905306e+01
-6.98	-2.825361722383482999e+01	4.775058530509622301e+01
-6.96	-2.833295814125798984e+01	4.765201688248024681e+01
-6.94	-2.830516323431642078e+01	4.735338543076483120e+01
-6.92	-2.844019255177263972e+01	4.730222205198572283e+01
-6.90	-2.849537685956943989e+01	4.709167257996897149e+01
-6.88	-2.866604179344486170e+01	4.703666240639172713e+01
-6.86	-2.887657645930420003e+01	4.699505079484649173e+01
-6.84	-2.905049971360957173e+01	4.681415207342190143e+01
-6.82	-2.939459288199207876e+01	4.677082806333317677e+01
-6.80	-2.976087972473148824e+01	4.659122768375919321e+01
-6.78	-3.009109148868007111e+01	4.635714786559555733e+01
-6.76	-3.028914306466019113e+01	4.634334895961418255e+01
-6.74	-3.010117223876017079e+01	4.630807774955331979e+01
-6.72	-2.974834611000564166e+01	4.630271512000380341e+01
-6.70	-2.935935852535862978e+01	4.629497652205986213e+01
-6.68	-2.898324695252791017e+01	4.627814512514314771e+01
-6.66	-2.864605498378206150e+01	4.627412108281215097e+01
-6.64	-2.833511958062495850e+01	4.626405739126415284e+01
-6.62	-2.805513402144205060e+01	4.626156957426695726e+01
-6.60	-2.780812066721689035e+01	4.627517284201191217e+01
-6.58	-2.758458677611143983e+01	4.629151820354103108e+01
-6.56	-2.737436750059525892e+01	4.629378455452270202e+01
-6.54	-2.719078980173139115e+01	4.630638306672054227e+01
-6.52	-2.702202680227010134e+01	4.630747447832884234e+01
-6.50	-2.687404794231802896e+01	4.630940426547473976e+01
-6.48	-2.674967681059624169e+01	4.631693808660538281e+01
-6.46	-2.664215534066453017e+01	4.631743602534216819e+01
-6.44	-2.655600166327338130e+01	4.632015004807821867e+01
-6.42	-2.648677523362482944e+01	4.631795238443643825e+01
-6.40	-2.640251430468437022e+01	4.625137881374521243e+01
-6.38	-2.633116453573997973e+01	4.617443778836277346e+01
-6.36	-2.630636057600387900e+01	4.615379625071692260e+01
-6.34	-2.626509919416228911e+01	4.607273510918678028e+01
-6.32	-2.626996931095833077e+01	4.605294650956580682e+01
-6.30	-2.628431479957341921e+01	4.602728796965735825e+01
-6.28	-2.627518058888394847e+01	4.593738705019364943e+01
-6.26	-2.630944527113958031e+01	4.591411885553515049e+01
-6.24	-2.630019710147228906e+01	4.579759094872739666e+01
-6.22	-2.633809290133775960e+01	4.576117639274937687e+01
-6.20	-2.620290414747802998e+01	4.539852294891422702e+01
-6.18	-2.620458830730283140e+01	4.529185797451454931e+01
-6.16	-2.625448583743892073e+01	4.527962601670699883e+01
-6.14	-2.629204439357264889e+01	4.525062514044370232e+01
-6.12	-2.634096742612181075e+01	4.525133809814054331e+01
-6.10	-2.638267717189715000e+01	4.525021771646510871e+01
-6.08	-2.643913662814365040e+01	4.528745721036595739e+01
-6.06	-2.647270494525495010e+01	4.529623012838227680e+01
-6.04	-2.655488262402935007e+01	4.540611598001355276e+01
-6.02	-2.659371103156474092e+01	4.544961799116605761e+01
-6.00	-2.706215540135800879e+01	4.628949385051753751e+01
-5.98	-2.737300907101298009e+01	4.685623645255105885e+01
-5.96	-2.743394949871220945e+01	4.697618280095031906e+01
-5.94	-2.769365698613268023e+01	4.746919880700531280e+01
-5.92	-2.773684412927536158e+01	4.757610484207622648e+01
-5.90	-2.797378449824891078e+01	4.804284387458199745e+01
-5.88	-2.803274429395721867e+01	4.818995995735924254e+01
-5.86	-2.806797419061613041e+01	4.829432062336289988e+01
-5.84	-2.836446830796509033e+01	4.887620925017137097e+01
-5.82	-2.842734469928372931e+01	4.902355247912065295e+01
-5.80	-2.885322925514282133e+01	4.983093048836789762e+01
-5.78	-2.977784776271775868e+01	5.153905054390357776e+01
-5.76	-2.985882569039868883e+01	5.167382984147668878e+01
-5.74	-3.011161237149651981e+01	5.210128686928037212e+01
-5.72	-3.018535353995365966e+01	5.217423855628606333e+01
-5.70	-3.040046804069540087e+01	5.248031393817426249e+01
-5.68	-3.050515251581555987e+01	5.255767063640296755e+01
-5.66	-3.061305724879379042e+01	5.261612035041989088e+01
-5.64	-3.083912223145959075e+01	5.286739020191546246e+01
-5.62	-3.096971447783614906e+01	5.292485972492011115e+01
-5.60	-3.119239648426826150e+01	5.313498456817615079e+01
-5.58	-3.134116768071520909e+01	5.319857589039990842e+01
-5.56	-3.144815741140650900e+01	5.318152869353296808e+01
-5.54	-3.152142717189423138e+01	5.310320595952479295e+01
-5.52	-3.162436570732972996e+01	5.308127298371523040e+01
-5.50	-3.168503095474152076e+01	5.299130946531494146e+01
-5.48	-3.177475364147235837e+01	5.296013335612585848e+01
-5.46	-3.186359741765571130e+01	5.293755941255970043e+01
-5.44	-3.189244019567311028e+01	5.281868102074209048e+01
-5.42	-3.196788478544607059e+01	5.278707063066966754e+01
-5.40	-3.196854891007201971e+01	5.262981301978914672e+01
-5.38	-3.189764935515178124e+01	5.235817805939984737e+01
-5.36	-3.197375947064029944e+01	5.233919830771530002e+01
-5.34	-3.203032838442098296e+01	5.228880260128953239e+01
-5.32	-3.211037027769995689e+01	5.228063547921183130e+01
-5.30	-3.217302769969045784e+01	5.224988161158353250e+01
-5.28	-3.224161613646163715e+01	5.224130285068333990e+01
-5.26	-3.229721700963135333e+01	5.223446209882647651e+01
-5.24	-3.232097538323319696e+01	5.221017698772728721e+01
-5.22	-3.232651315803035175e+01	5.220263853309913316e+01
-5.20	-3.225025610598596870e+01	5.211780646320074339e+01
-5.18	-3.214882365373563289e+01	5.205390640521626722e+01
-5.16	-3.204105976170176717e+01	5.203801273211396250e+01
-5.14	-3.187219351907693010e+01	5.197506175482322988e+01
-5.12	-3.170855197083021082e+01	5.196044967496244738e+01
-5.10	-3.152591335096391845e+01	5.194086870905479714e+01
-5.08	-3.130548771579800871e+01	5.187300842733036177e+01
-5.06	-3.111457188543903030e+01	5.185664677591986305e+01
-5.04	-3.088824128939083025e+01	5.177158174049665007e+01
-5.02	-3.070831169161792928e+01	5.174569383243412801e+01
-5.00	-3.041382624910288968e+01	5.149425097698365761e+01
-4.98	-3.024690895796164014e+01	5.142419054463292838e+01
-4.96	-3.014394731999536958e+01	5.141684304838693720e+01
-4.94	-3.006234368459011108e+01	5.139504080723923352e+01
-4.92	-3.002537863593095935e+01	5.139468386278579715e+01
-4.90	-3.002207592240516831e+01	5.139325817812132158e+01
-4.88	-3.006445504368936028e+01	5.140657952284603738e+01
-4.86	-3.013467690033726143e+01	5.141011679513834309e+01
-4.84	-3.026457642822354899e+01	5.145335639734035738e+01
-4.82	-3.041232859900906149e+01	5.147060413002324708e+01
-4.80	-3.074998758352235129e+01	5.176114120435413213e+01
-4.78	-3.103804501722764897e+01	5.192076349291617277e+01
-4.76	-3.126959764171962064e+01	5.195024806170575715e+01
-4.74	-3.156508777156448886e+01	5.206500007309067968e+01
-4.72	-3.180740792243140902e+01	5.208537663716739985e+01
-4.70	-3.204617698065285225e+01	5.211372283552744733e+01
-4.68	-3.229432184053855792e+01	5.219738624197609056e+01
-4.66	-3.246020419791508971e+01	5.221702823364032753e+01
-4.64	-3.260029738946568756e+01	5.229213591963822694e+01
-4.62	-3.263453883457017213e+01	5.230908797873078697e+01
-4.60	-3.260503550078338009e+01	5.233424082829490231e+01
-4.58	-3.244786972168307670e+01	5.223998757000070725e+01
-4.56	-3.229830487538050221e+01	5.221273814694100679e+01
-4.54	-3.207878390810307678e+01	5.209451563761417248e+01
-4.52	-3.191008078377457835e+01	5.206660268046717732e+01
-4.50	-3.174376779142887983e+01	5.203016635954722346e+01
-4.48	-3.152504399896297826e+01	5.188706297800113276e+01
-4.46	-3.138103166301743130e+01	5.185222296168286960e+01
-4.44	-3.115563965507772082e+01	5.165344788786575236e+01
-4.42	-3.102527030839097932e+01	5.160164962527196764e+01
-4.40	-3.075566982542877881e+01	5.128202832569881053e+01
-4.38	-3.017974146905379129e+01	5.040549030764945115e+01
-4.36	-3.005560393844232081e+01	5.031768506275391672e+01
-4.34	-2.981396568549106973e+01	5.001003570298041012e+01
-4.32	-2.971400985043974075e+01	4.994584211313264177e+01
-4.30	-2.950001246704744062e+01	4.967079356051978323e+01
-4.28	-2.939621382526125970e+01	4.958631245408899701e+01
-4.26	-2.930839874116054133e+01	4.952596077772712846e+01
-4.24	-2.907338111874424058e+01	4.919388426625931032e+01
-4.22	-2.897849158022519944e+01	4.911020648630132257e+01
-4.20	-2.867737843149894061e+01	4.864510091404316938e+01
-4.18	-2.802800720886224894e+01	4.754380046566586060e+01
-4.16	-2.793230042912913902e+01	4.744252002928377010e+01
-4.14	-2.770661801861695039e+01	4.710038474744261094e+01
-4.12	-2.763456036789037995e+01	4.703337330940512118e+01
-4.10	-2.744484599891245935e+01	4.674649656428069022e+01
-4.08	-2.736914190547754089e+01	4.666308243635663189e+01
-4.06	-2.730820150133218860e+01	4.660251226495550014e+01
-4.04	-2.711326590223712074e+01	4.629109316185868295e+01
-4.02	-2.704857973087604961e+01	4.621414136199827283e+01
-4.00	-2.681882600418342122e+01	4.582889420571589767e+01
-3.98	-2.642598439173024971e+01	4.514098937474884110e+01
-3.96	-2.638327757335980905e+01	4.509439858076478913e+01
-3.94	-2.629291450921028073e+01	4.495815346242456911e+01
-3.92	-2.626759980470750122e+01	4.493864134369579233e+01
-3.90	-2.621021173188994169e+01	4.485634122743569208e+01
-3.88	-2.619053799182351838e+01	4.483985582302035056e+01
-3.86	-2.617532481657649868e+01	4.482695614890967306e+01
-3.84	-2.614760472615875031e+01	4.478361783346451119e+01
-3.82	-2.614339101566120860e+01	4.477630805807900316e+01
-3.80	-2.614854369564083925e+01	4.477738098750258899e+01
-3.78	-2.624814077050962169e+01	4.494064102789185711e+01
-3.76	-2.627835541851302992e+01	4.496154327286451746e+01
-3.74	-2.634959331160075990e+01	4.504316709010615227e+01
-3.72	-2.639545879075604873e+01	4.506088587795233735e+01
-3.70	-2.645446494155624961e+01	4.508407521727306744e+01
-3.68	-2.655320771335788876e+01	4.516092775914380297e+01
-3.66	-2.662989674847128896e+01	4.517859534419787337e+01
-3.64	-2.675485201971456917e+01	4.526791593208667308e+01
-3.62	-2.685243300769142039e+01	4.529139250483540025e+01
-3.60	-2.701097572145760850e+01	4.541238951361015808e+01
-3.58	-2.728280105306577852e+01	4.572683864445396296e+01
-3.56	-2.740195094867755898e+01	4.575920006362301962e+01
-3.54	-2.757656329396926864e+01	4.588939365067584220e+01
-3.52	-2.769279364333076998e+01	4.591880419161093840e+01
-3.50	-2.780799906830312906e+01	4.595801976288751689e+01
-3.48	-2.797573473939960920e+01	4.610493286069665686e+01
-3.46	-2.806916251402762086e+01	4.614115322679121789e+01
-3.44	-2.824858220716566848e+01	4.635057757654769972e+01
-3.42	-2.832508386049985916e+01	4.640704558194588714e+01
-3.40	-2.856303453346626853e+01	4.677611364109041148e+01
-3.38	-2.929303004071434913e+01	4.799048340715378913e+01
-3.36	-2.938880879359093967e+01	4.812954699237280920e+01
-3.34	-2.969471720525504921e+01	4.863206256278100170e+01
-3.32	-2.976849351730137982e+01	4.873633938244053354e+01
-3.30	-2.986192957506892043e+01	4.887735387456476133e+01
-3.28	-3.016991161124103016e+01	4.936694557021959895e+01
-3.26	-3.026102389251299840e+01	4.948463725796685253e+01
-3.24	-3.064412493966650075e+01	5.009199746457399982e+01
-3.22	-3.076320194892722881e+01	5.024880612904730270e+01
-3.20	-3.129595289924343859e+01	5.112149114638059899e+01
-3.18	-3.252617559245933876e+01	5.315428526632022255e+01
-3.16	-3.266578669764101761e+01	5.333632760776522730e+01
-3.14	-3.305014417046280784e+01	5.393218389201054919e+01
-3.12	-3.314664359513111691e+01	5.403886460725711771e+01
-3.10	-3.326598059833081322e+01	5.418918036251974257e+01
-3.08	-3.357166386668872349e+01	5.465069374200972874e+01
-3.06	-3.366902840306816103e+01	5.475868921829479774e+01
-3.04	-3.398427244835919225e+01	5.523629545283520770e+01
-3.02	-3.409695668177793948e+01	5.536673114683849661e+01
-3.00	-3.476816696315332678e+01	5.644039424340157751e+01
-2.98	-3.496420011926146287e+01	5.670658155538283296e+01
-2.96	-3.503480846165623319e+01	5.673847602350120667e+01
-2.94	-3.515690062238932256e+01	5.684529022766061246e+01
-2.92	-3.523028963221622689e+01	5.685618830739843332e+01
-2.90	-3.532630479527095702e+01	5.689049038999152685e+01
-2.88	-3.541212837459554663e+01	5.688939710192484256e+01
-2.86	-3.551157579261266761e+01	5.689154080403230296e+01
-2.84	-3.559931633456891120e+01	5.684826716450920259e+01
-2.82	-3.572472052085460348e+01	5.683413240429594282e+01
-2.80	-3.579694154850667331e+01	5.667746534776171785e+01
-2.78	-3.558803937136210038e+01	5.600247206570171699e+01
-2.76	-3.579660204206594898e+01	5.592231310484908136e+01
-2.74	-3.598279336008096863e+01	5.562395483524574047e+01
-2.72	-3.659441312295994919e+01	5.555772627479880299e+01
-2.70	-3.787529053469724261e+01	5.526987012506226904e+01
-2.68	-3.604339250735949918e+01	5.517700384764859223e+01
-2.66	-3.445938715412651732e+01	5.511134683421102665e+01
-2.64	-3.409648460345292875e+01	5.473447410032736116e+01
-2.62	-3.399792169136526354e+01	5.463788623154962920e+01
-2.60	-3.359728344937013844e+01	5.407678210097306248e+01
-2.58	-3.265076579278470348e+01	5.265006501724455745e+01
-2.56	-3.249584516362266129e+01	5.251256520512051651e+01
-2.54	-3.213126913291539921e+01	5.204102794719283764e+01
-2.52	-3.199686998819174022e+01	5.194592993023468352e+01
-2.50	-3.167195798466196877e+01	5.153911906988022196e+01
-2.48	-3.152463260387537147e+01	5.141679268034930317e+01
-2.46	-3.140299881005203986e+01	5.132851268710585657e+01
-2.44	-3.106124811744556879e+01	5.086587669494313246e+01
-2.42	-3.094186386884004847e+01	5.074979043923990218e+01
-2.40	-3.053663019428184100e+01	5.014321574794421110e+01
-2.38	-2.975764005825999092e+01	4.889530748314726338e+01
-2.36	-2.968978875630178038e+01	4.879312517342940225e+01
-2.34	-2.950106295627982078e+01	4.846435145167716030e+01
-2.32	-2.949515054145761894e+01	4.840813492135966101e+01
-2.30	-2.949308950860923062e+01	4.832815158636852715e+01
-2.28	-2.940791276854114855e+01	4.808514570590516257e+01
-2.26	-2.945483387956227972e+01	4.802937669392092346e+01
-2.24	-2.939928147261046121e+01	4.778148290075547777e+01
-2.22	-2.947228455261787872e+01	4.772144242975564765e+01
-2.20	-2.941964152783020126e+01	4.743850370950649875e+01
-2.18	-2.924949137662553866e+01	4.695255546814608749e+01
-2.16	-2.936480154088961925e+01	4.691658704381816847e+01
-2.14	-2.943689505095759174e+01	4.680445740300314128e+01
-2.12	-2.956842559991736863e+01	4.678475028718739281e+01
-2.10	-2.965806032463028075e+01	4.669996534161249713e+01
-2.08	-2.978284471894514951e+01	4.667659451807857351e+01
-2.06	-2.990551220757006945e+01	4.665965827698281032e+01
-2.04	-2.997653880532731918e+01	4.657521187953351927e+01
-2.02	-3.007586514380264120e+01	4.655210276397536262e+01
-2.00	-2.999647036865043148e+01	4.633585336971310653e+01
-1.98	-2.974668274328739059e+01	4.590504484189354883e+01
-1.96	-2.949967578341066954e+01	4.553327614130088818e+01
-1.94	-2.920884182347569080e+01	4.513822684938669738e+01
-1.92	-2.892313650831099991e+01	4.477225345242973020e+01
-1.90	-2.862406205755734945e+01	4.440418878582182316e+01
-1.88	-2.831450893748935016e+01	4.403409557091632109e+01
-1.86	-2.800251824662228017e+01	4.367062590961010926e+01
-1.84	-2.769349595113525098e+01	4.331954413398393200e+01
-1.82	-2.737907456021344998e+01	4.296476236065259968e+01
-1.80	-2.718310082480045864e+01	4.279870443576265870e+01
-1.78	-2.696301350335086155e+01	4.259502491497170240e+01
-1.76	-2.666460909599598850e+01	4.226508876525314662e+01
-1.74	-2.643993829442403865e+01	4.204869805024141272e+01
-1.72	-2.614300095052146133e+01	4.171215664257262290e+01
-1.70	-2.585715960654041012e+01	4.138669308757120291e+01
-1.68	-2.564314740384440938e+01	4.116996073432991210e+01
-1.66	-2.536047525991509133e+01	4.083578534430822771e+01
-1.64	-2.517910003501846106e+01	4.065854906907812705e+01
-1.62	-2.491146424054666042e+01	4.033506924639868174e+01
-1.60	-2.479187369896451898e+01	4.024588724324416944e+01
-1.58	-2.491862162017239868e+01	4.055431581290159215e+01
-1.56	-2.465851898786596053e+01	4.022831637321211673e+01
-1.54	-2.448547618671556947e+01	4.004073746781360654e+01
-1.52	-2.421302923656109130e+01	3.968737336677676808e+01
-1.50	-2.401355721614798000e+01	3.945208774072816738e+01
-1.48	-2.374444297808917170e+01	3.910125967014595716e+01
-1.46	-2.346904552792527099e+01	3.873952208500268313e+01
-1.44	-2.326143412890607109e+01	3.849042654239701733e+01
-1.42	-2.298572990957567086e+01	3.812976252714756242e+01
-1.40	-2.277800979737060061e+01	3.788407976625180140e+01
-1.38	-2.258160990362869924e+01	3.765942932989508307e+01
-1.36	-2.228134469428631093e+01	3.726342546404511324e+01
-1.34	-2.197926665773320920e+01	3.686614465245217787e+01
-1.32	-2.167243013979901889e+01	3.646242562287517330e+01
-1.30	-2.135905786549815133e+01	3.604872450233378345e+01
-1.28	-2.104920942164796926e+01	3.564150408266691272e+01
-1.26	-2.074059233660887003e+01	3.523643496449353307e+01
-1.24	-2.041784597888579000e+01	3.480669325820070270e+01
-1.22	-2.010785244641557057e+01	3.439721098527545706e+01
-1.20	-1.975191623663625151e+01	3.390637553955507144e+01
-1.18	-1.944587066208762849e+01	3.349849217095947296e+01
-1.16	-1.914902914950144108e+01	3.310302679724524211e+01
-1.14	-1.886310017747526047e+01	3.272237942125607901e+01
-1.12	-1.857318802206225072e+01	3.233016479651355723e+01
-1.10	-1.828698201723380024e+01	3.193942994259581880e+01
-1.08	-1.802206440832058121e+01	3.158096541077766872e+01
-1.06	-1.774269966185719127e+01	3.119131544358922881e+01
-1.04	-1.750002242329373914e+01	3.086089391253640102e+01
-1.02	-1.723398478737716033e+01	3.048384914115154132e+01
-1.00	-1.715744455845673144e+01	3.043843967733900158e+01
-0.98	-1.698854149956522974e+01	3.022477701432751829e+01
-0.96	-1.673119406289598032e+01	2.984864873544242059e+01
-0.94	-1.653714450535516889e+01	2.958137922605613923e+01
-0.92	-1.627785700886321152e+01	2.919294198872864143e+01
-0.90	-1.607237801433328883e+01	2.889752440889946072e+01
-0.88	-1.581841882495885088e+01	2.851109505782833153e+01
-0.86	-1.556114099852123012e+01	2.811550033667770876e+01
-0.84	-1.535856323193866046e+01	2.781640647553155077e+01
-0.82	-1.510669097854676934e+01	2.742521140760312903e+01
-0.80	-1.498800838600300978e+01	2.727485861605336837e+01
-0.78	-1.474809267887516029e+01	2.690175557347335911e+01
-0.76	-1.447853008886911041e+01	2.647246462387160904e+01
-0.74	-1.421483434268738044e+01	2.605195188802811046e+01
-0.72	-1.394397666496539046e+01	2.561638582172131962e+01
-0.70	-1.367454452965183975e+01	2.518177027228367137e+01
-0.68	-1.339975094572917946e+01	2.473542811725614854e+01
-0.66	-1.313061671411668918e+01	2.429768502099495109e+01
-0.64	-1.284846093059809036e+01	2.383384111410910933e+01
-0.62	-1.257910921988188058e+01	2.339200428281879951e+01
-0.60	-1.228308467189257946e+01	2.289834085595748903e+01
-0.58	-1.192321704329823007e+01	2.228254946159421124e+01
-0.56	-1.165722085235631944e+01	2.184041184619691123e+01
-0.54	-1.137030477874681011e+01	2.135679805891063054e+01
-0.52	-1.111193469512132914e+01	2.092484320478276061e+01
-0.50	-1.085236630319617035e+01	2.048844513723384964e+01
-0.48	-1.057931142658375911e+01	2.002418846471946878e+01
-0.46	-1.032582421933146932e+01	1.959492388210620106e+01
-0.44	-1.005567836610494936e+01	1.913162004149080886e+01
-0.42	-9.804626334828355994e+00	1.870251701974821046e+01
-0.40	-9.499817017000328434e+00	1.816790087852579916e+01
-0.38	-9.236237833665599695e+00	1.770989444412258962e+01
-0.36	-8.995766857312197828e+00	1.729410040473920063e+01
-0.34	-8.743402244530567913e+00	1.685307843725455967e+01
-0.32	-8.507770431492716057e+00	1.644219130389008043e+01
-0.30	-8.271969724490855214e+00	1.602875565977912942e+01
-0.28	-8.028568228220860803e+00	1.559823561278967041e+01
-0.26	-7.797629569965861762e+00	1.518978071900533955e+01
-0.24	-7.555921585361987880e+00	1.475791735013896933e+01
-0.22	-7.327450928496864080e+00	1.434971886000604080e+01
-0.20	-7.053521217884267003e+00	1.384944583330019086e+01
-0.18	-6.814523881857110332e+00	1.341554772629134007e+01
-0.16	-6.598964113415004995e+00	1.302577994001311978e+01
-0.14	-6.374631152858600380e+00	1.261633739234565077e+01
-0.12	-6.165338461993915331e+00	1.223461980601878984e+01
-0.10	-5.950423926136494401e+00	1.183945545098115026e+01
-0.08	-5.746030069153412967e+00	1.146315414697517987e+01
-0.06	-5.543055500222594745e+00	1.108755182875185952e+01
-0.04	-5.337634467881125389e+00	1.071548917226547992e+01
-0.02	-5.133451191451510631e+00	1.036756136340897960e+01
-0.00	-4.937636787524836812e+00	1.000000000000001066e+01
