-24.00000000000000000000	50.00000000000000000000
-24.00000000000000000000	50.00000000000000000000
-23.98302238962800103650	49.99999759234231788696
-23.98302238962800103650	49.99999758461971310908
-23.94688487934699949733	49.99997632448774709246
-23.94688487934699949733	49.99997636115828214542
-23.89999999999999857891	49.99991661268123266382
-23.89999999999999857891	49.99991720808659323438
-23.85311512065300121321	49.99982281440154707752
-23.85311512065300121321	49.99982462562614671242
-23.81697761037199967404	49.99973100935557823732
-23.81697761037199967404	49.99973471478153186354
-23.80000000000000071054	49.99970195131185590753
-23.80000000000000071054	49.99969737295054272863
-23.80000000000000071054	49.99969270245424013410
-23.80000000000000071054	49.99968799778140038370
-23.78302238962800174704	49.99965489815825492315
-23.78302238962800174704	49.99966084669693344722
-23.74688487934700020787	49.99954710501038590564
-23.74688487934700020787	49.99955565413424807275
-23.69999999999999928946	49.99938632584829889538
-23.69999999999999928946	49.99939503905615367785
-23.65311512065299837104	49.99920104187761182857
-23.65311512065299837104	49.99920940503764654750
-23.61697761037200038459	49.99904374963266917575
-23.61697761037200038459	49.99905035395075003635
-23.60000000000000142109	49.99898245920724804137
-23.60000000000000142109	49.99897914855419855940
-23.60000000000000142109	49.99897075357524300898
-23.60000000000000142109	49.99897550146653202319
-23.58302238962799890487	49.99889964329054947711
-23.58302238962799890487	49.99890580809856288624
-23.54688487934700091841	49.99871589233924851214
-23.54688487934700091841	49.99872907258677656728
-23.50000000000000000000	49.99847045386703570102
-23.50000000000000000000	49.99848955766172053927
-23.45311512065299908159	49.99821468564731219431
-23.45311512065299908159	49.99823375252111645750
-23.41697761037200109513	49.99803323402520049967
-23.41697761037200109513	49.99801390906729636754
-23.39999999999999857891	49.99794632325205157031
-23.39999999999999857891	49.99794629780210186709
-23.39999999999999857891	49.99793355892339974389
-23.39999999999999857891	49.99794274759518941664
-23.38302238962799961541	49.99782799045278380845
-23.38302238962799961541	49.99782710213379743891
-23.34688487934700162896	49.99756375952835441012
-23.34688487934700162896	49.99756285966955005051
-23.30000000000000071054	49.99719541057613980684
-23.30000000000000071054	49.99718616144815541702
-23.25311512065299979213	49.99679808328810537432
-23.25311512065299979213	49.99679425027894552613
-23.21697761037199825296	49.99648764889623464569
-23.21697761037199825296	49.99648628972783370727
-23.19999999999999928946	49.99633087487485028078
-23.19999999999999928946	49.99632808444813036886
-23.19999999999999928946	49.99631714519884440051
-23.19999999999999928946	49.99630402232336479074
-23.18302238962800032596	49.99612977704300931237
-23.18302238962800032596	49.99610191584370255669
-23.14688487934699878679	49.99570912475817863196
-23.14688487934699878679	49.99566081675583006927
-23.10000000000000142109	49.99508979444162548589
-23.10000000000000142109	49.99497940696015518824
-23.05311512065300050267	49.99412913635122635014
-23.05311512065300050267	49.99429439142274134156
-23.01697761037199896350	49.99348308716688649156
-23.01697761037199896350	49.99328123857837624655
-23.00000000000000000000	49.99283010730692211609
-23.00000000000000000000	49.99260303359592683137
-23.00000000000000000000	49.99236639512623980863
-23.00000000000000000000	49.99213236456558462351
-22.98302238962800103650	49.99162361274787258481
-22.98302238962800103650	49.99138624948530917891
-22.94688487934699949733	49.99051916842720544309
-22.94688487934699949733	49.99028138125447640050
-22.89999999999999857891	49.98913443437122339219
-22.89999999999999857891	49.98886640072250031608
-22.85311512065300121321	49.98738729585902262897
-22.85311512065300121321	49.98762875783013015507
-22.81697761037199967404	49.98633224405783437305
-22.81697761037199967404	49.98610683204988447415
-22.80000000000000071054	49.98551694538659972977
-22.80000000000000071054	49.98537361155386804512
-22.80000000000000071054	49.98525206299247969355
-22.80000000000000071054	49.98514592365771846971
-22.78302238962800174704	49.98463425645228142002
-22.78302238962800174704	49.98455825548987263574
-22.74688487934700020787	49.98357401088487250718
-22.74688487934700020787	49.98357473432792374979
-22.69999999999999928946	49.98253376281714821516
-22.69999999999999928946	49.98240618737585094777
-22.65311512065299837104	49.98139601415014254826
-22.65311512065299837104	49.98158161110580977038
-22.61697761037200038459	49.98081101756591948515
-22.61697761037200038459	49.98105490898724667659
-22.60000000000000142109	49.98084443379650565475
-22.60000000000000142109	49.98110270008815803067
-22.60000000000000142109	49.98137090557771955446
-22.60000000000000142109	49.98166189978146434214
-22.58302238962799890487	49.98150338086246335934
-22.58302238962799890487	49.98172551605282620812
-22.54688487934700091841	49.98115365206284366195
-22.54688487934700091841	49.98096853222725144406
-22.50000000000000000000	49.98037627978243335747
-22.50000000000000000000	49.98011915796817561386
-22.45311512065299908159	49.97944487414090275479
-22.45311512065299908159	49.97973416625644915712
-22.41697761037200109513	49.97908384936104653207
-22.41697761037200109513	49.97944962913231847779
-22.39999999999999857891	49.97942673847823868982
-22.39999999999999857891	49.97987089044520558900
-22.39999999999999857891	49.98035332451570411649
-22.39999999999999857891	49.98086859437259477090
-22.38302238962799961541	49.98099731622961172661
-22.38302238962799961541	49.98154719690774072660
-22.34688487934700162896	49.98129362914683326835
-22.34688487934700162896	49.98184153172183386005
-22.30000000000000071054	49.98184969058584670165
-22.30000000000000071054	49.98133934061295491347
-22.25311512065299979213	49.98135281345762592764
-22.25311512065299979213	49.98185965082707582496
-22.21697761037199825296	49.98163275297557817112
-22.21697761037199825296	49.98213239756983483630
-22.19999999999999928946	49.98227882179206460478
-22.19999999999999928946	49.98276198693567096143
-22.19999999999999928946	49.98322177547595401848
-22.19999999999999928946	49.98370685188358919504
-22.18302238962800032596	49.98388704075588861997
-22.18302238962800032596	49.98433568963108797334
-22.14688487934699878679	49.98449247607345569122
-22.14688487934699878679	49.98412853735705851932
-22.10000000000000142109	49.98400712421838676391
-22.10000000000000142109	49.98430509842908975315
-22.05311512065300050267	49.98394300666787160026
-22.05311512065300050267	49.98450759086049544067
-22.01697761037199896350	49.98458744162135047873
-22.01697761037199896350	49.98536893631384003811
-22.00000000000000000000	49.98607493133996371171
-22.00000000000000000000	49.98720127581479744094
-22.00000000000000000000	49.98850135494139124148
-22.00000000000000000000	49.98990500992795915636
-21.98302238962800103650	49.99279429741422831057
-21.98302238962800103650	49.99124282286687304122
-21.94688487934699949733	49.99415709259078965943
-21.94688487934699949733	49.99572227878209673690
-21.89999999999999857891	49.99711939736143762048
-21.89999999999999857891	49.99874184946684607667
-21.85311512065300121321	50.00037376572079494963
-21.85311512065300121321	50.00196499277539174955
-21.81697761037199967404	50.00355645166526841194
-21.81697761037199967404	50.00497746979309710014
-21.80000000000000071054	50.00907809098938372472
-21.80000000000000071054	50.00645029282483733368
-21.80000000000000071054	50.00780025870546552369
-21.80000000000000071054	50.01034027071938226072
-21.78302238962800174704	50.01273761324836186759
-21.78302238962800174704	50.01166397932804130733
-21.74688487934700020787	50.01432698558323863836
-21.74688487934700020787	50.01553761389400420967
-21.69999999999999928946	50.01742519220034921545
-21.69999999999999928946	50.01870795489382004462
-21.65311512065299837104	50.02085000868031983146
-21.65311512065299837104	50.02223396877543848404
-21.61697761037200038459	50.02436182369545747406
-21.61697761037200038459	50.02566124536480174356
-21.60000000000000142109	50.03069366205534862502
-21.60000000000000142109	50.02970396739033276390
-21.60000000000000142109	50.02728939049209344603
-21.60000000000000142109	50.02857766127588945437
-21.58302238962799890487	50.03206032095818756034
-21.58302238962799890487	50.03297171248858177250
-21.54688487934700091841	50.03489804457769452029
-21.54688487934700091841	50.03569793348288641255
-21.50000000000000000000	50.03791519824765288149
-21.50000000000000000000	50.03877643843699729587
-21.45311512065299908159	50.04112233541171406159
-21.45311512065299908159	50.04196590400762545414
-21.41697761037200109513	50.04482533214348194406
-21.41697761037200109513	50.04400241223400769286
-21.39999999999999857891	50.04905780517169944233
-21.39999999999999857891	50.04819231042661442643
-21.39999999999999857891	50.04630694249331668289
-21.39999999999999857891	50.04729134088464803654
-21.38302238962799961541	50.05060836314343930553
-21.38302238962799961541	50.05153214017970242367
-21.34688487934700162896	50.05397039727041175183
-21.34688487934700162896	50.05508504387646695477
-21.30000000000000071054	50.05829477711142772023
-21.30000000000000071054	50.05959168241842149882
-21.25311512065299979213	50.06298001220714155579
-21.25311512065299979213	50.06417718531597671472
-21.21697761037199825296	50.06815061584113379922
-21.21697761037199825296	50.06701835136938427695
-21.19999999999999928946	50.07410828007664349570
-21.19999999999999928946	50.07287214910697059622
-21.19999999999999928946	50.07021996575706879185
-21.19999999999999928946	50.07156347142316832333
-21.18302238962800032596	50.07618827148987605824
-21.18302238962800032596	50.07729686574932514986
-21.14688487934699878679	50.08042606173165012251
-21.14688487934699878679	50.08148290884796693945
-21.10000000000000142109	50.08525750846869328825
-21.10000000000000142109	50.08635052993452063674
-21.05311512065300050267	50.09029200101640810772
-21.05311512065300050267	50.09147558557415891300
-21.01697761037199896350	50.09513324214372431697
-21.01697761037199896350	50.09660464852015593351
-21.00000000000000000000	50.10386795306487073276
-21.00000000000000000000	50.10235400601626309935
-21.00000000000000000000	50.10080474827612562194
-21.00000000000000000000	50.09923292249590076608
-20.98302238962800103650	50.10654046490898139155
-20.98302238962800103650	50.10816982537629371564
-20.94688487934699949733	50.11256803796892000946
-20.94688487934699949733	50.11444910878111613783
-20.89999999999999857891	50.12002710213759115732
-20.89999999999999857891	50.12211930733957387929
-20.85311512065300121321	50.12806541581102948157
-20.85311512065300121321	50.13029140187817489505
-20.81697761037199967404	50.13542638955989616534
-20.81697761037199967404	50.13728552838377083845
-20.80000000000000071054	50.14397281573344855587
-20.80000000000000071054	50.14279491684601453017
-20.80000000000000071054	50.14033678938849192264
-20.80000000000000071054	50.14165216773712785425
-20.78302238962800174704	50.14673805973311715434
-20.78302238962800174704	50.14797852767332386748
-20.74688487934700020787	50.15266467114351200962
-20.74688487934700020787	50.15397213998811309921
-20.69999999999999928946	50.15959644747264434272
-20.69999999999999928946	50.16057811651572251321
-20.65311512065299837104	50.16609271793514324145
-20.65311512065299837104	50.16690530200751396706
-20.61697761037200038459	50.17118097668220144669
-20.61697761037200038459	50.17151607826495052223
-20.60000000000000142109	50.17288130205222529412
-20.60000000000000142109	50.17299459756716828451
-20.60000000000000142109	50.17322463522616970977
-20.60000000000000142109	50.17309132013237871206
-20.58302238962799890487	50.17440066254246033850
-20.58302238962799890487	50.17399170522217133339
-20.54688487934700091841	50.17710322354331964334
-20.54688487934700091841	50.17650532727422074686
-20.50000000000000000000	50.18085566385284579383
-20.50000000000000000000	50.18042931707655895934
-20.45311512065299908159	50.18479840769125388533
-20.45311512065299908159	50.18430178017742093743
-20.41697761037200109513	50.18702269949698546725
-20.41697761037200109513	50.18759464045925255959
-20.39999999999999857891	50.18602393928697580350
-20.39999999999999857891	50.18686778180057928012
-20.39999999999999857891	50.18820716012793070604
-20.39999999999999857891	50.18762038000490832701
-20.38302238962799961541	50.18699177620657536636
-20.38302238962799961541	50.18627500127356455550
-20.34688487934700162896	50.18953618344979616950
-20.34688487934700162896	50.18935818335353360453
-20.30000000000000071054	50.19446489469475380929
-20.30000000000000071054	50.19526235956305981745
-20.25311512065299979213	50.20275339915786361189
-20.25311512065299979213	50.20139283042955469227
-20.21697761037199825296	50.20951202504050314701
-20.21697761037199825296	50.20813076008687403373
-20.19999999999999928946	50.21252586076130342008
-20.19999999999999928946	50.21349304044625938559
-20.19999999999999928946	50.21453437927093688131
-20.19999999999999928946	50.21535621369940116665
-20.18302238962800032596	50.21788903093223410679
-20.18302238962800032596	50.21836388618474700252
-20.14688487934699878679	50.22267316938027903461
-20.14688487934699878679	50.22277336890022780835
-20.10000000000000142109	50.22838337176029455122
-20.10000000000000142109	50.22858580690211738329
-20.05311512065300050267	50.23455594507611010613
-20.05311512065300050267	50.23520370157619652218
-20.01697761037199896350	50.24159564411093015224
-20.01697761037199896350	50.24044118517413437530
-20.00000000000000000000	50.24502612604791096373
-20.00000000000000000000	50.24650818122294992918
-20.00000000000000000000	50.24822219970290149149
-20.00000000000000000000	50.24986283940673104098
-19.98302238962800103650	50.25330644126078993850
-19.98302238962800103650	50.25432028835334818950
-19.94688487934699949733	50.25985266932544703877
-19.94688487934699949733	50.26081010294950601747
-19.89999999999999857891	50.26783251773585448063
-19.89999999999999857891	50.26871605139591281386
-19.85311512065300121321	50.27699734213266680172
-19.85311512065300121321	50.27585750158041122404
-19.81697761037199967404	50.28300449913945868730
-19.81697761037199967404	50.28435145414572104983
-19.80000000000000071054	50.28826699688954704470
-19.80000000000000071054	50.28996266324281094739
-19.80000000000000071054	50.29183312021940821523
-19.80000000000000071054	50.29363139574850549707
-19.78302238962800174704	50.29742716931358614829
-19.78302238962800174704	50.29851539194329035354
-19.74688487934700020787	50.30445123812272356645
-19.74688487934700020787	50.30519247863753662386
-19.69999999999999928946	50.31355841412771923160
-19.69999999999999928946	50.31271867973266154195
-19.65311512065299837104	50.32132477493603062157
-19.65311512065299837104	50.32232598042244831049
-19.61697761037200038459	50.32891733792062183284
-19.61697761037200038459	50.33020187101787001893
-19.60000000000000142109	50.33391875117968083941
-19.60000000000000142109	50.33487968045645999382
-19.60000000000000142109	50.33588284220520137069
-19.60000000000000142109	50.33692807408900904420
-19.58302238962799890487	50.34049961567026798548
-19.58302238962799890487	50.34140614064244090287
-19.54688487934700091841	50.34822297659757595056
-19.54688487934700091841	50.34974788020856806270
-19.50000000000000000000	50.36125443003466273240
-19.50000000000000000000	50.35894453203333398505
-19.45311512065299908159	50.37190567820298525703
-19.45311512065299908159	50.37521214665530067123
-19.41697761037200109513	50.38478089988757346873
-19.41697761037200109513	50.38860033188986164987
-19.39999999999999857891	50.39568389552566429757
-19.39999999999999857891	50.40042773745697957111
-19.39999999999999857891	50.40568219267839111808
-19.39999999999999857891	50.41109774960195011317
-19.38302238962799961541	50.41918051546294066156
-19.38302238962799961541	50.42365505699748240431
-19.34688487934700162896	50.43790824062576660936
-19.34688487934700162896	50.43431706380098944464
-19.30000000000000071054	50.45027207076655173523
-19.30000000000000071054	50.45381014271823971740
-19.25311512065299979213	50.46653898713154973166
-19.25311512065299979213	50.47038363669506111364
-19.21697761037199825296	50.48181544111120899743
-19.21697761037199825296	50.48646761101532831617
-19.19999999999999928946	50.49462080589929513508
-19.19999999999999928946	50.49889615212461535521
-19.19999999999999928946	50.50294439850672034709
-19.19999999999999928946	50.50684005650107621932
-19.18302238962800032596	50.51634135037109274435
-19.18302238962800032596	50.51367517199635415182
-19.14688487934699878679	50.52819693922128152508
-19.14688487934699878679	50.52645807765788532606
-19.10000000000000142109	50.53970994438901698231
-19.10000000000000142109	50.54076212014427227359
-19.05311512065300050267	50.55206788403962292477
-19.05311512065300050267	50.55301468916036355949
-19.01697761037199896350	50.56198911062156753360
-19.01697761037199896350	50.56258049966751855209
-19.00000000000000000000	50.56661936506626631171
-19.00000000000000000000	50.56603594190561778987
-19.00000000000000000000	50.56511124933734180331
-19.00000000000000000000	50.56406832609033585868
-18.98302238962800103650	50.56709980582895269663
-18.98302238962800103650	50.56611885452286969667
-18.94688487934699949733	50.57172352319148700417
-18.94688487934699949733	50.57283544255120233402
-18.89999999999999857891	50.58152258940305046053
-18.89999999999999857891	50.58066894927950585270
-18.85311512065300121321	50.59031951991683939696
-18.85311512065300121321	50.58880218587290755750
-18.81697761037199967404	50.59541298966669131687
-18.81697761037199967404	50.59349250289191246566
-18.80000000000000071054	50.59524331268961816477
-18.80000000000000071054	50.59301740672973579649
-18.80000000000000071054	50.59091492276796486749
-18.80000000000000071054	50.58844861913936341580
-18.78302238962800174704	50.58732708809293399099
-18.78302238962800174704	50.58963451601353256137
-18.74688487934700020787	50.59336015863894431277
-18.74688487934700020787	50.59167845278948050236
-18.69999999999999928946	50.60052940118584530182
-18.69999999999999928946	50.59880791343798733806
-18.65311512065299837104	50.60806227017033620541
-18.65311512065299837104	50.60706886062190790199
-18.61697761037200038459	50.61463215770701395968
-18.61697761037200038459	50.61435636434016061003
-18.60000000000000142109	50.61554045871437068627
-18.60000000000000142109	50.61418668871316128843
-18.60000000000000142109	50.61765361527964302013
-18.60000000000000142109	50.61668010853430388352
-18.58302238962799890487	50.61657368153408498301
-18.58302238962799890487	50.61489319239977646703
-18.54688487934700091841	50.62164344844697438930
-18.54688487934700091841	50.62013803681707457827
-18.50000000000000000000	50.62863873885579835132
-18.50000000000000000000	50.62568600151012532251
-18.45311512065299908159	50.63306159278254625633
-18.45311512065299908159	50.62917579741966278561
-18.41697761037200109513	50.62794799964215997079
-18.41697761037200109513	50.63284014420823808678
-18.39999999999999857891	50.61370351809188150582
-18.39999999999999857891	50.61768782517513187713
-18.39999999999999857891	50.62692759120407259843
-18.39999999999999857891	50.62211971128939325126
-18.38302238962799961541	50.61350273342016947709
-18.38302238962799961541	50.61001576312022365300
-18.34688487934700162896	50.61462157854407450941
-18.34688487934700162896	50.61176198054756270039
-18.30000000000000071054	50.61962756295219634239
-18.30000000000000071054	50.61753306253165618500
-18.25311512065299979213	50.62578185700020583226
-18.25311512065299979213	50.62371844706150625370
-18.21697761037199825296	50.62655494600443262243
-18.21697761037199825296	50.62909822377429236440
-18.19999999999999928946	50.61904943578638693680
-18.19999999999999928946	50.62236194497543806392
-18.19999999999999928946	50.62776228035002645811
-18.19999999999999928946	50.62530013461344680081
-18.18302238962800032596	50.61992645206973406857
-18.18302238962800032596	50.61716829980672116562
-18.14688487934699878679	50.62207618411603249342
-18.14688487934699878679	50.61907823276590789874
-18.10000000000000142109	50.62576879800212026339
-18.10000000000000142109	50.62277486385146119119
-18.05311512065300050267	50.62981198562147255871
-18.05311512065300050267	50.62734179383022592447
-18.01697761037199896350	50.63216940856525383197
-18.01697761037199896350	50.62925740765346915850
-18.00000000000000000000	50.61347017625753608172
-18.00000000000000000000	50.61998482066562132786
-18.00000000000000000000	50.62533173721099899467
-18.00000000000000000000	50.62945457645469105046
-17.98302238962800103650	50.60934807355549480690
-17.98302238962800103650	50.60013569835192726032
-17.94688487934699949733	50.59728594800484557936
-17.94688487934699949733	50.58651540157115533702
-17.89999999999999857891	50.58456860094867124644
-17.89999999999999857891	50.57332592631093604041
-17.85311512065300121321	50.57016596425525989389
-17.85311512065300121321	50.55772344679575525106
-17.81697761037199967404	50.55114106054791278666
-17.81697761037199967404	50.53753157934787765271
-17.80000000000000071054	50.48261236943423568846
-17.80000000000000071054	50.49691300338115240720
-17.80000000000000071054	50.52596129587704609776
-17.80000000000000071054	50.51120962802162495109
-17.78302238962800174704	50.47066821077831377806
-17.78302238962800174704	50.45552210571332807376
-17.74688487934700020787	50.44594800980345183916
-17.74688487934700020787	50.43104076704343441406
-17.69999999999999928946	50.42146349147054706918
-17.69999999999999928946	50.40493838757219435820
-17.65311512065299837104	50.39409991758557083585
-17.65311512065299837104	50.37766147856282827888
-17.61697761037200038459	50.36556964119761659049
-17.61697761037200038459	50.34915107864424754780
-17.60000000000000142109	50.28677498371276044509
-17.60000000000000142109	50.30252312529860603263
-17.60000000000000142109	50.33456739815284919359
-17.60000000000000142109	50.31825650996859167208
-17.58302238962799890487	50.27203762905772066460
-17.58302238962799890487	50.25639377593650181097
-17.54688487934700091841	50.24345964330890978999
-17.54688487934700091841	50.22810958204432552066
-17.50000000000000000000	50.21693216096964107464
-17.50000000000000000000	50.20309557246397247354
-17.45311512065299908159	50.19224116605221297505
-17.45311512065299908159	50.17858317088972341935
-17.41697761037200109513	50.15268098154619735851
-17.41697761037200109513	50.16680219520112871123
-17.39999999999999857891	50.09383095175984834668
-17.39999999999999857891	50.10836108755708551143
-17.39999999999999857891	50.13860798748551417248
-17.39999999999999857891	50.12327024331034408533
-17.38302238962799961541	50.08049934300072436599
-17.38302238962799961541	50.06740761782893400778
-17.34688487934700162896	50.05554341991269495793
-17.34688487934700162896	50.04296578946593854198
-17.30000000000000071054	50.03012315855460201419
-17.30000000000000071054	50.01556631736378477626
-17.25311512065299979213	49.98447259790481922437
-17.25311512065299979213	50.00022999193631534354
-17.21697761037199825296	49.95153913306615578449
-17.21697761037199825296	49.96814694964647429742
-17.19999999999999928946	49.93424812444165894476
-17.19999999999999928946	49.91766008200909254811
-17.19999999999999928946	49.90091436048688677829
-17.19999999999999928946	49.88351226079840472494
-17.18302238962800032596	49.86512210668090006038
-17.18302238962800032596	49.84694445099639636965
-17.14688487934699878679	49.82633003868433974048
-17.14688487934699878679	49.80731802402491581461
-17.10000000000000142109	49.78574861965417142073
-17.10000000000000142109	49.76689156896792809448
-17.05311512065300050267	49.72566034757439012992
-17.05311512065300050267	49.74466843067825294611
-17.01697761037199896350	49.70261587375881617845
-17.01697761037199896350	49.68068214577988328529
-17.00000000000000000000	49.65598860094277000599
-17.00000000000000000000	49.63271387593324845966
-17.00000000000000000000	49.60961375364446013236
-17.00000000000000000000	49.58634710730953543134
-16.98302238962800103650	49.56074337451689615364
-16.98302238962800103650	49.53666440994416575450
-16.94688487934899967513	49.50720391688930277496
-16.94688487934899967513	49.48230458743025650392
-16.90000000000300062197	49.45017929153011237986
-16.90000000000300062197	49.42512440118565564262
-16.85311512065700156882	49.36583496893577205356
-16.85311512065700156882	49.39171378051109684293
-16.81697761037699834219	49.33329672594438619626
-16.81697761037699834219	49.30636581160431575199
-16.80000000000600124395	49.27586933417336467755
-16.80000000000600124395	49.24933045017807842214
-16.80000000000600124395	49.22257051223776613824
-16.80000000000600124395	49.19548564556411207604
-16.78302238963399872773	49.16419435099496837438
-16.78302238963399872773	49.13695090405593646210
-16.74688487935399905382	49.10051879617357428742
-16.74688487935399905382	49.07148010276043947897
-16.70000000000899831321	48.99766019197834054921
-16.70000000000899831321	49.02881143563704569033
-16.65311512066299926005	48.95307089662927779727
-16.65311512066299926005	48.92049926322718533811
-16.61697761038299958614	48.87596934480917809651
-16.61697761038299958614	48.84119541336198722092
-16.60000000001100062264	48.80057655582214692913
-16.60000000001100062264	48.76525142367992771142
-16.60000000001100062264	48.72990572647893259273
-16.60000000001100062264	48.69429110444857400353
-16.58302238963999997168	48.65201989567727025587
-16.58302238963999997168	48.61569850951133275885
-16.54688487936000029777	48.52776533727450214428
-16.54688487936000029777	48.56526066275920783255
-16.50000000001400124461	48.43390986758838323567
-16.50000000001400124461	48.47141857785211982446
-16.45311512066799863874	48.37668839882825722043
-16.45311512066799863874	48.33901614484035746955
-16.41697761038900083008	48.28436879893465771829
-16.41697761038900083008	48.24511764020881798842
-16.40000000001699831387	48.19710801390275634049
-16.40000000001699831387	48.15675414473412274674
-16.40000000001699831387	48.11700003856726937101
-16.40000000001699831387	48.07785683180501479228
-16.38302238964499935037	48.03013870464748436007
-16.38302238964499935037	47.99173134464904677543
-16.34688487936600154171	47.93441055899961611431
-16.34688487936600154171	47.89763672960697959979
-16.30000000001999893584	47.80146984354119865657
-16.30000000001999893584	47.83579507556268595181
-16.25311512067399988268	47.74179297059901472267
-16.25311512067399988268	47.71070437959252785731
-16.21697761039400020877	47.65964439726112544804
-16.21697761039400020877	47.63126300834868942502
-16.20000000002299955781	47.59436889533618142423
-16.20000000002299955781	47.56964990007433868868
-16.20000000002299955781	47.54665951165739556927
-16.20000000002299955781	47.52506305215244708506
-16.18302238965100059431	47.49378682258173256514
-16.18302238965100059431	47.47464717935293521123
-16.14688487937100092040	47.41987576233559309458
-16.14688487937100092040	47.43436463026494465112
-16.10000000002499831453	47.37539154535910057575
-16.10000000002499831453	47.36140617701614274893
-16.05311512068000112663	47.31676772246032669500
-16.05311512068000112663	47.30455814511115164578
-16.01697761040000145272	47.26817256525306731874
-16.01697761040000145272	47.25755099364840816634
-16.00000000002799893650	47.23639028773073533785
-16.00000000002799893650	47.22806831654364145834
-16.00000000002799893650	47.22061495004358988581
-16.00000000002799893650	47.21369912551038083848
-15.98302238965599997300	47.18971760916098645566
-15.98302238965599997300	47.19543894591453891962
-15.94688487937500021019	47.15878884414286886795
-15.94688487937500021019	47.15386316950342404652
-15.90000000002699920287	47.11596661961261389706
-15.90000000002699920287	47.11172813201067555156
-15.85311512068000006082	47.07350591169560516391
-15.85311512068000006082	47.06865655739449039174
-15.81697761039900029800	47.03629131399903684496
-15.81697761039900029800	47.02833975735709515220
-15.80000000002699955814	46.99211737826686174913
-15.80000000002699955814	47.00738425540288289994
-15.80000000002699955814	46.99885191100175774181
-15.80000000002699955814	46.98700750367633816040
-15.78302238965500059464	46.96890772051310136703
-15.78302238965500059464	46.97109049774915234821
-15.74688487937400083183	46.94123960195819478258
-15.74688487937400083183	46.94076051269909299890
-15.70000000002599982452	46.90601394359577369642
-15.70000000002599982452	46.90760479802073490418
-15.65311512067900068246	46.87642035077044511127
-15.65311512067900068246	46.88239263924930355643
-15.61697761039799914329	46.86323542708016987035
-15.61697761039799914329	46.87227574240021965579
-15.60000000002500009089	46.88472967159993487485
-15.60000000002500009089	46.89539446915410536576
-15.60000000002500009089	46.86807388022928932969
-15.60000000002500009089	46.87601311079029642315
-15.58302238965299935103	46.89473732622860779884
-15.58302238965299935103	46.90818371081026327829
-15.54688487937199958822	46.89637919442188263019
-15.54688487937199958822	46.91154183987850956328
-15.50000000002500044616	46.89412034722813871213
-15.50000000002500044616	46.91214339303506619672
-15.45311512067699943884	46.89816837897580370509
-15.45311512067699943884	46.92000987140921353102
-15.41697761039599967603	46.91737201922973099499
-15.41697761039599967603	46.94270474051894126433
-15.40000000002400071253	47.03770707799448302922
-15.40000000002400071253	47.01057810721266605469
-15.40000000002400071253	46.98287963351068441398
-15.40000000002400071253	46.95609532935638696927
-15.38302238965199997267	47.05260911234682197346
-15.38302238965199997267	47.07843868967917444479
-15.34688487937100020986	47.07931089050002526619
-15.34688487937100020986	47.10494990381604196727
-15.30000000002299920254	47.09994750822848175176
-15.30000000002299920254	47.12807409013210957482
-15.25311512067600006048	47.12703634781363604134
-15.25311512067600006048	47.15785148460502540502
-15.21697761039500029767	47.16692835777095638150
-15.21697761039500029767	47.20138187744472446639
-15.20000000002299955781	47.32842659874609836379
-15.20000000002299955781	47.29490918359270068549
-15.20000000002299955781	47.22623438811289275918
-15.20000000002299955781	47.26118127538066460147
-15.18302238965000050541	47.35310235571892434336
-15.18302238965000050541	47.38903278745705449637
-15.14688487936900074260	47.40496233824073613050
-15.14688487936900074260	47.44185276524419947464
-15.10000000002199982418	47.45113796299307296067
-15.10000000002199982418	47.48756096943466786797
-15.05311512067500068213	47.49696859544913252194
-15.05311512067500068213	47.53335555675035806189
-15.01697761039300083041	47.58600464585035894061
-15.01697761039300083041	47.55007291246046463584
-15.00000000002100009056	47.71236271720399457763
-15.00000000002100009056	47.68035546627334753111
-15.00000000002100009056	47.64714280586109396154
-15.00000000002100009056	47.61234077544073528543
-14.98302238964899935070	47.73473227552635478332
-14.98302238964899935070	47.76382768749606100300
-14.94688487936799958788	47.77408585376164040781
-14.94688487936799958788	47.80046535666073737048
-14.90000000002100044583	47.80242971194398649004
-14.90000000002100044583	47.82547133035083675168
-14.85311512067299943851	47.82526010842067876183
-14.85311512067299943851	47.84817323452342918699
-14.81697761039199967570	47.85418533343876390518
-14.81697761039199967570	47.87629020908234167564
-14.80000000002000071220	47.95757810234263018856
-14.80000000002000071220	47.93459081186422565679
-14.80000000002000071220	47.91185833471656962956
-14.80000000002000071220	47.88975431884649225367
-14.78302238964799997234	47.97269649114105050103
-14.78302238964799997234	47.99498382395588436111
-14.74688487936700020953	48.00294498697263634313
-14.74688487936700020953	48.02717511892998203393
-14.70000000001899920221	48.03213686775592350386
-14.70000000001899920221	48.05839075473915755765
-14.65311512067200006015	48.06491647236308750735
-14.65311512067200006015	48.09093490542129956111
-14.61697761039100029734	48.10236643447951365715
-14.61697761039100029734	48.12655554500776844407
-14.60000000001799946858	48.22493728208424812465
-14.60000000001799946858	48.19736945897039248621
-14.60000000001799946858	48.14408231072193444788
-14.60000000001799946858	48.17019230478521762961
-14.58302238964600050508	48.24582484485188160761
-14.58302238964600050508	48.27402300316599337293
-14.54688487936500074227	48.29086054781407710834
-14.54688487936500074227	48.32086339921325901514
-14.50000000001799982385	48.33279795525052691119
-14.50000000001799982385	48.35957358726493993117
-14.45311512067000059290	48.37085034586988996352
-14.45311512067000059290	48.39666974078335925924
-14.41697761038900083008	48.43114815482709900607
-14.41697761038900083008	48.40825642644257698066
-14.40000000001700009022	48.50471645498233641547
-14.40000000001700009022	48.48670502282710259578
-14.40000000001700009022	48.44687285277358057556
-14.40000000001700009022	48.46758259448751005039
-14.38302238964499935037	48.51594670933531716628
-14.38302238964499935037	48.53220691320585444828
-14.34688487936399958755	48.53820975987696328957
-14.34688487936399958755	48.55555711851515354738
-14.30000000001600035660	48.55974414418008677785
-14.30000000001600035660	48.57903863877532302240
-14.25311512066899943818	48.61117917640206087526
-14.25311512066899943818	48.58716046050049897076
-14.21697761038799967537	48.65043007144344500148
-14.21697761038799967537	48.62537882480440032396
-14.20000000001600071187	48.67367785986606776305
-14.20000000001600071187	48.70304897168401225827
-14.20000000001600071187	48.73459482050980540180
-14.20000000001600071187	48.76938666545313338929
-14.18302238964299988311	48.80121593584377848174
-14.18302238964299988311	48.83780770876879984144
-14.14688487936200012030	48.86562291285189729706
-14.14688487936200012030	48.90200086826319392230
-14.10000000001499920188	48.93016619331587691022
-14.10000000001499920188	48.96972421161972022219
-14.05311512066699997092	49.04136549931413213699
-14.05311512066699997092	48.99978731310084612005
-14.01697761038600020811	49.07718939038581140721
-14.01697761038600020811	49.12027211602244847199
-14.00000000001399946825	49.16227006149886591402
-14.00000000001399946825	49.20860954513300100643
-14.00000000001399946825	49.25617256121815046299
-14.00000000001399946825	49.30378942788480856052
-13.98302238964200050475	49.34926137970055748383
-13.98302238964200050475	49.39915974929163411389
-13.94688487936100074194	49.44830442909862000533
-13.94688487936100074194	49.50342476330725816069
-13.90000000001299973462	49.55547396026059914220
-13.90000000001299973462	49.61365330957485753061
-13.85311512066600059256	49.72479204755747872468
-13.85311512066600059256	49.66776969292171628467
-13.81697761038500082975	49.78064837175377022049
-13.81697761038500082975	49.83988302372004142171
-13.80000000001300008989	49.89935723185421068138
-13.80000000001300008989	49.95830965007966284475
-13.80000000001300008989	50.01767153425731038396
-13.80000000001300008989	50.07739366047597684428
-13.78302238963999926114	50.13817213017122043084
-13.78302238963999926114	50.19885323477926419855
-13.74688487935899949832	50.26162126270440921871
-13.74688487935899949832	50.32224425925519284419
-13.70000000001200035626	50.44219227988079268243
-13.70000000001200035626	50.38414560365049510438
-13.65311512066499943785	50.50458686200732216776
-13.65311512066499943785	50.56298192368451793755
-13.61697761038399967504	50.62496633663366196743
-13.61697761038399967504	50.68256008222685693454
-13.60000000001100062264	50.74052896442676541255
-13.60000000001100062264	50.79360498818859070980
-13.60000000001100062264	50.84448479559655709181
-13.60000000001100062264	50.89225084828011347327
-13.58302238963899988278	50.94086362519475841282
-13.58302238963899988278	50.98455544120210447545
-13.54688487935800011996	51.07326343397707546501
-13.54688487935800011996	51.03263433329095732915
-13.50000000001099920155	51.15894379105055378432
-13.50000000001099920155	51.12240224117591935737
-13.45311512066299997059	51.20619599865710824815
-13.45311512066299997059	51.24236473851087936282
-13.41697761038200020778	51.28675405161963141154
-13.41697761038200020778	51.32312704601635999779
-13.40000000000999946792	51.36371344357019808058
-13.40000000000999946792	51.40033005086641537673
-13.40000000000999946792	51.43798172946904401215
-13.40000000000999946792	51.47585539895733575122
-13.38302238963800050442	51.51858237998133915880
-13.38302238963800050442	51.55519124018272236754
-13.34688487935700074161	51.63237771475100856833
-13.34688487935700074161	51.60092124514856948281
-13.30000000000899973429	51.67519777291740723513
-13.30000000000899973429	51.70221691747563141917
-13.25311512066200059223	51.74300973808805537146
-13.25311512066200059223	51.76945007991052705165
-13.21697761038100082942	51.80812803493867590987
-13.21697761038100082942	51.83505938521873446234
-13.20000000000800000066	51.86689897171732610559
-13.20000000000800000066	51.89188121294927924509
-13.20000000000800000066	51.91723371365637973440
-13.20000000000800000066	51.94363588642153928276
-13.18302238963599926080	51.97566646533991985279
-13.18302238963599926080	52.00121686997583481116
-13.14688487935499949799	52.06566713332789930746
-13.14688487935499949799	52.03964451492126386256
-13.10000000000800035593	52.11027892772244740627
-13.10000000000800035593	52.13536898064712232781
-13.05311512065999934862	52.17864015087003792814
-13.05311512065999934862	52.20359521984294559616
-13.01697761037899958581	52.24611772111990148915
-13.01697761037899958581	52.27707830007990708054
-13.00000000000700062230	52.43510336414401962202
-13.00000000000700062230	52.31799433749704064667
-13.00000000000700062230	52.35450074322652369574
-13.00000000000700062230	52.39378318972298131939
-12.98302238963499988245	52.53093860511049228990
-12.98302238963499988245	52.48658164028616823771
-12.94688487935400011963	52.59179214476551322832
-12.94688487935400011963	52.63634590461376205894
-12.90000000000599911232	52.70332258889281007441
-12.90000000000599911232	52.74833905448382864734
-12.85311512065899997026	52.81802366786889990635
-12.85311512065899997026	52.86650952469719300097
-12.81697761037800020745	52.98919049549560611467
-12.81697761037800020745	52.93567742644063400803
-12.80000000000599946759	53.17584121504618366316
-12.80000000000599946759	53.23691208216624204397
-12.80000000000599946759	53.05538462783989928084
-12.80000000000599946759	53.11485652930103640301
-12.78302238963300041519	53.37166899612847004164
-12.78302238963300041519	53.30808487069072043596
-12.74688487935200065237	53.45896087200220847535
-12.74688487935200065237	53.52510794252961545681
-12.70000000000499973396	53.62185439617100968235
-12.70000000000499973396	53.69180174900218105449
-12.65311512065800059190	53.79551407291367581820
-12.65311512065800059190	53.86853739241607996746
-12.61697761037700082909	53.96740412745020165630
-12.61697761037700082909	54.04255401274763670472
-12.60000000000400000033	54.28697314037863463909
-12.60000000000400000033	54.36545003273032961033
-12.60000000000400000033	54.13151376413097182194
-12.60000000000400000033	54.20875448818323860678
-12.58302238963199926047	54.45384467102042691522
-12.58302238963199926047	54.52841198493283059179
-12.54688487935099949766	54.63623834113728605644
-12.54688487935099949766	54.71949217658725217461
-12.50000000000400035560	54.84392310483924859454
-12.50000000000400035560	54.92972729132549858377
-12.45311512065599934829	55.05622935973532605658
-12.45311512065599934829	55.14123185746581867761
-12.41697761037499958547	55.33896104933759119149
-12.41697761037499958547	55.25699726225180086203
-12.40000000000300062197	55.65529822654925595771
-12.40000000000300062197	55.58207859517831650464
-12.40000000000300062197	55.43389917493409768667
-12.40000000000300062197	55.50871502061851003873
-12.38302238963099988212	55.74350348731331905583
-12.38302238963099988212	55.81385792724955763333
-12.34688487935000011930	55.92001313495712366830
-12.34688487935000011930	55.98814385636453039297
-12.30000000000199911199	56.10223912692048742201
-12.30000000000199911199	56.16695568819861961174
-12.25311512065499996993	56.27636227110456701439
-12.25311512065499996993	56.33001954073535699763
-12.21697761037400020712	56.46513651741485517732
-12.21697761037400020712	56.41930431938317269669
-12.20000000000099937836	56.62368261678234659939
-12.20000000000099937836	56.59388696567459930975
-12.20000000000099937836	56.52503067251025470341
-12.20000000000099937836	56.56103348551194187621
-12.18302238962900041486	56.67064599044211803403
-12.18302238962900041486	56.69633836562659467972
-12.14688487934800065204	56.76101154991074082545
-12.14688487934800065204	56.78238865299022108957
-12.10000000000099973363	56.85491526173135667932
-12.10000000000099973363	56.87082047942030271770
-12.05311512065300050267	56.93958023213869523715
-12.05311512065300050267	56.95211206981728935261
-12.01697761037200073986	57.00341256347820717565
-12.01697761037200073986	57.01190919516592714444
-12.00000000000000000000	57.06439687037031660566
-12.00000000000000000000	57.05836663888769066943
-12.00000000000000000000	57.05010674736838893750
-12.00000000000000000000	57.04061385928348215657
-11.98302238962799926014	57.06858855634012428482
-11.98302238962799926014	57.07070991127048387170
-11.94688487934699949733	57.06842246705186738609
-11.94688487934699949733	57.06085450324007268819
-11.90000000000000035527	57.05258229520619295272
-11.90000000000000035527	57.04441132120008006723
-11.85311512065299943686	57.03623298583443101961
-11.85311512065299943686	57.02762871742341133086
-11.81697761037199967404	57.01827975434770934271
-11.81697761037199967404	57.00831428522644728218
-11.80000000000000071054	56.94867195170565565832
-11.80000000000000071054	56.96705119643332437818
-11.80000000000000071054	56.99733742211039100312
-11.80000000000000071054	56.98484335746465490047
-11.78302238962799997068	56.93059210671721359631
-11.78302238962799997068	56.91112526812067784476
-11.74688487934700020787	56.89007886037015992997
-11.74688487934700020787	56.86696944393214891988
-11.69999999999999928946	56.84243063673194029661
-11.69999999999999928946	56.81354642607880833793
-11.65311512065300014740	56.78076581056912175427
-11.65311512065300014740	56.74471465282805837660
-11.61697761037200038459	56.70562113953113936304
-11.61697761037200038459	56.66300386431967694989
-11.59999999999999964473	56.46124905458195541996
-11.59999999999999964473	56.51724342410112456037
-11.59999999999999964473	56.61917882099498910975
-11.59999999999999964473	56.57055879687261779054
-11.58302238962800068123	56.40200431509330059043
-11.58302238962800068123	56.34313271398454503469
-11.54688487934699914206	56.28381389263870460127
-11.54688487934699914206	56.22394690179052645362
-11.50000000000000000000	56.16432506902969379325
-11.50000000000000000000	56.10380781769553237837
-11.45311512065300085794	56.04171928733964591629
-11.45311512065300085794	55.97746270327633055786
-11.41697761037199931877	55.84757265996478281522
-11.41697761037199931877	55.91240204183358031287
-11.40000000000000035527	55.56555013005852572405
-11.40000000000000035527	55.63868927411186859899
-11.40000000000000035527	55.78047316977643532709
-11.40000000000000035527	55.71066700033804863779
-11.38302238962799961541	55.49121328081915294206
-11.38302238962799961541	55.41630788704453891569
-11.34688487934699985260	55.33970562644734769719
-11.34688487934699985260	55.26049926891978003596
-11.30000000000000071054	55.17953225133010164427
-11.30000000000000071054	55.09704046183508552303
-11.25311512065299979213	54.92240769931368049583
-11.25311512065299979213	55.01116552264132764094
-11.21697761037200002932	54.74241473735935414879
-11.21697761037200002932	54.83367309659107036168
-11.19999999999999928946	54.64923327219533177868
-11.19999999999999928946	54.55714837893715696282
-11.19999999999999928946	54.46444433864333944939
-11.19999999999999928946	54.37136918248918249219
-11.18302238962700023706	54.27800714482600596966
-11.18302238962700023706	54.18392333625314449819
-11.14688487934700056314	54.09174467015965603878
-11.14688487934700056314	54.00121984646430917110
-11.09999999999999964473	53.91340964985244710306
-11.09999999999999964473	53.82614557793177567646
-11.05311512065300050267	53.73675501358956552167
-11.05311512065300050267	53.64699273711456584124
-11.01697761037200073986	53.47788923559141949227
-11.01697761037200073986	53.56055972832655953653
-11.00000000000000000000	53.39695562130277295410
-11.00000000000000000000	53.31756513924334228705
-11.00000000000000000000	53.23995857036734946632
-11.00000000000000000000	53.16450703966371804654
-10.98302238962699917124	53.09018133672438466419
-10.98302238962699917124	53.01695586826669881475
-10.94688487934699949733	52.94535100788562687057
-10.94688487934699949733	52.87427488506746442454
-10.90000000000000035527	52.80272946346590146049
-10.90000000000000035527	52.73128665653351987430
-10.85311512065199934796	52.57753910321230961245
-10.85311512065199934796	52.65676928040143423004
-10.81697761037199967404	52.49536131934187466186
-10.81697761037199967404	52.41235614442198453844
-10.79999999999900062164	52.33133914342323578239
-10.79999999999900062164	52.25244168745222594907
-10.79999999999900062164	52.17466099861145778505
-10.79999999999900062164	52.09824745752236907492
-10.78302238962699988178	52.02481405993055574299
-10.78302238962699988178	51.95480462050218761760
-10.74688487934700020787	51.88879598553231886626
-10.74688487934700020787	51.82807063398680469390
-10.69999999999899920056	51.71768597607540129957
-10.69999999999899920056	51.77105827287070383136
-10.65311512065200005850	51.66553642701380510971
-10.65311512065200005850	51.61378777824074859382
-10.61697761037200038459	51.56444371038664087337
-10.61697761037200038459	51.51675838452072753171
-10.59999999999899955583	51.46930813329342413454
-10.59999999999899955583	51.42006238431539344447
-10.59999999999899955583	51.36841806002975374668
-10.59999999999899955583	51.31495676450390419632
-10.58302238962700059233	51.26100345339522590393
-10.58302238962700059233	51.20605167067137131198
-10.54688487934600082951	51.15153908292256090817
-10.54688487934600082951	51.09909626427299400575
-10.49999999999899991110	50.99289711297262783773
-10.49999999999899991110	51.04684291652083061308
-10.45311512065200076904	50.93779573884241784754
-10.45311512065200076904	50.88107194679638922707
-10.41697761037099922987	50.82328114767204851887
-10.41697761037099922987	50.76481010170912355761
-10.39999999999900026637	50.70409097537782372456
-10.39999999999900026637	50.64198910011700149880
-10.39999999999900026637	50.58265161346507454709
-10.39999999999900026637	50.52768509179961142763
-10.38302238962699952651	50.47551824294241384905
-10.38302238962699952651	50.42818249880937742091
-10.34688487934599976370	50.34212072993990716441
-10.34688487934599976370	50.38473725059157715123
-10.29999999999900062164	50.30031074634646870436
-10.29999999999900062164	50.26119171409823849217
-10.25311512065199970323	50.22451979794006859947
-10.25311512065199970323	50.18879254668342326795
-10.21697761037099994041	50.15411943879310285865
-10.21697761037099994041	50.11963412654162652871
-10.19999999999899920056	50.08566464691743647109
-10.19999999999899920056	50.05319866843112208699
-10.19999999999899920056	50.02121006451113771618
-10.19999999999899920056	49.98946693835100774095
-10.18302238962700023706	49.93161734841979182420
-10.18302238962700023706	49.95960279049827335029
-10.14688487934600047424	49.88048436570125687695
-10.14688487934600047424	49.90562443342601994800
-10.09999999999899955583	49.85286342326020303517
-10.09999999999899955583	49.82554460885938851789
-10.05311512065200041377	49.80073892350503683701
-10.05311512065200041377	49.77670751735512766345
-10.01697761037100065096	49.75283780390651600101
-10.01697761037100065096	49.73062838478345781823
-9.99999999999909938708	49.71027911682499933477
-9.99999999999909938708	49.69090080801331055227
-9.99999999999909938708	49.67396465574191921633
-9.99999999999909938708	49.66058244870858118247
-9.98302238962699917124	49.64808863659799698098
-9.98302238962699917124	49.63625130323178780145
-9.94688487934620013675	49.62027386567686448871
-9.94688487934620013675	49.62714349057600315973
-9.89999999999909974235	49.61466167157426809808
-9.89999999999909974235	49.60856855806104448448
-9.85311512065199934796	49.60217720172195043915
-9.85311512065199934796	49.59340020765181122897
-9.81697761037120031347	49.58428737102575212248
-9.81697761037120031347	49.57619282909820412897
-9.79999999999910009763	49.56977201435834246013
-9.79999999999910009763	49.56399374889379316755
-9.79999999999900062164	49.55687937736164627722
-9.79999999999900062164	49.55013892201687752959
-9.78302238962690040580	49.53355862717284452401
-9.78302238962690040580	49.54250180015916527054
-9.74688487934609959495	49.52286455416965083032
-9.74688487934609959495	49.51212981336816909561
-9.69999999999899920056	49.50129765769190726132
-9.69999999999899920056	49.48666055480445891135
-9.65311512065190058252	49.46645544107245484611
-9.65311512065190058252	49.44262890122173814689
-9.61697761037109977167	49.41634778526845650504
-9.61697761037109977167	49.38806578978613259778
-9.59999999999899955583	49.29137609509574957656
-9.59999999999899955583	49.25768273256401386107
-9.59999999999899955583	49.35748486517909583426
-9.59999999999899955583	49.32482148233818719518
-9.58302238962679986400	49.22261052491290200805
-9.58302238962679986400	49.18507941021058371689
-9.54688487934600082951	49.14557235783496480508
-9.54688487934600082951	49.10380038502169952608
-9.49999999999890043512	49.05910169060692993526
-9.49999999999890043512	49.01257307517010985976
-9.45311512065180004072	48.96595837243098259250
-9.45311512065180004072	48.91949671859026693710
-9.41697761037099922987	48.81726319852712947522
-9.41697761037099922987	48.87055786535058388154
-9.39999999999890079039	48.57570821981102682230
-9.39999999999890079039	48.63838136441476933669
-9.39999999999890079039	48.76000867029318897039
-9.39999999999890079039	48.69985131090095364925
-9.38302238962669932221	48.51385945659033893662
-9.38302238962669932221	48.45172782106496356391
-9.34688487934590028772	48.38802109308284826739
-9.34688487934590028772	48.32371888423245565036
-9.29999999999879989332	48.25846296882417618690
-9.29999999999879989332	48.19151723978887957855
-9.25311512065169949892	48.12446733622351757731
-9.25311512065169949892	48.05849709903203859085
-9.21697761037090046443	47.92727102960578378088
-9.21697761037090046443	47.99320326510927969821
-9.19999999999880024859	47.65703740360746110127
-9.19999999999880024859	47.72551569276591010293
-9.19999999999880024859	47.86165002967957349256
-9.19999999999880024859	47.79508354167072781138
-9.18302238962660055677	47.59166648141020061757
-9.18302238962660055677	47.52878637928994010053
-9.14688487934579974592	47.46502735435099396000
-9.14688487934579974592	47.39850673495126187618
-9.09999999999869935152	47.32767584108717073832
-9.09999999999869935152	47.25457049670329467972
-9.05311512065170020946	47.18068421722358607440
-9.05311512065170020946	47.10520619998391822492
-9.01697761037089939862	47.03039190640737388094
-9.01697761037089939862	46.95501950251936307268
-8.99999999999869970679	46.62823005660033715003
-8.99999999999869970679	46.71089875006989444728
-8.99999999999869970679	46.79411582462091701018
-8.99999999999869970679	46.87618022535738049328
-8.98302238962650001497	46.54573371351561661413
-8.98302238962650001497	46.46337531182835789423
-8.94688487934569920412	46.38093734505916643229
-8.94688487934569920412	46.29711801303255924722
-8.89999999999870006206	46.21306682004222921023
-8.89999999999870006206	46.13069212246841033220
-8.85311512065159966767	46.05111355371001025105
-8.85311512065159966767	45.97288711134359573407
-8.81697761037080063318	45.89503118162421912984
-8.81697761037080063318	45.81763659228334972795
-8.79999999999859916500	45.52711809619479765843
-8.79999999999859916500	45.59802591965819118514
-8.79999999999859916500	45.74178658973666955490
-8.79999999999859916500	45.66906464988525726767
-8.78302238962650072551	45.45827780597656442296
-8.78302238962650072551	45.39102593821235842597
-8.74688487934569991467	45.32382580789172976665
-8.74688487934569991467	45.25588465831671669548
-8.69999999999859952027	45.18831360026213417314
-8.69999999999859952027	45.12425007880707283903
-8.65311512065149912587	45.06427895886055523533
-8.65311512065149912587	45.00837803062865560833
-8.61697761037070009138	44.95498897440913310675
-8.61697761037070009138	44.90048031111354021050
-8.59999999999850039956	44.66841308804588805970
-8.59999999999850039956	44.72571179961917664514
-8.59999999999850039956	44.84385704574827258284
-8.59999999999850039956	44.78537299122994141953
-8.58302238962640018372	44.61259502275800059579
-8.58302238962640018372	44.55776605893660757829
-8.54688487934559937287	44.50548534832991265375
-8.54688487934559937287	44.45491471544232808810
-8.49999999999850075483	44.40447450751415203740
-8.49999999999850075483	44.35472291976604708452
-8.45311512065140036043	44.30727277928259155715
-8.45311512065140036043	44.26383348569075337764
-8.41697761037059954958	44.18792191853225403975
-8.41697761037059954958	44.22466636410256057843
-8.39999999999839985776	44.05232473550483973668
-8.39999999999839985776	44.08421703683316650313
-8.39999999999839985776	44.15269126078948858094
-8.39999999999839985776	44.11766183696831689076
-8.38302238962629964192	44.02092181941645065990
-8.38302238962629964192	43.99058270679439885953
-8.34688487934550060743	43.96100864393636697969
-8.34688487934550060743	43.93395878908468432655
-8.29999999999840021303	43.91101765665050038479
-8.29999999999840021303	43.89152409592274750594
-8.25311512065129981863	43.86675477547724000260
-8.25311512065129981863	43.87736120814230389442
-8.21697761037050078414	43.84695117527819263614
-8.21697761037050078414	43.85643131999400878840
-8.19999999999840056830	43.83763888311027301370
-8.19999999999840056830	43.82824758084910854450
-8.19999999999840056830	43.81810869646386663590
-8.19999999999840056830	43.80818416549549709771
-8.18302238962620087648	43.80014504022575749786
-8.18302238962620087648	43.79373291439145532422
-8.14688487934540006563	43.78742624566238816897
-8.14688487934540006563	43.78310748070353497496
-8.09999999999829967123	43.78162468679876440092
-8.09999999999829967123	43.78138678164354757882
-8.05311512065119927684	43.78771142286908713004
-8.05311512065119927684	43.78425995582296081921
-8.01697761037040024235	43.78867410187122999332
-8.01697761037040024235	43.78753573651048469628
-7.99999999999830002650	43.78504937321104506509
-7.99999999999830002650	43.78143395924718817014
-7.99999999999830002650	43.77567316731961710730
-7.99999999999830002650	43.77063017983627446483
-7.98302238962610033468	43.76835639191962457062
-7.98302238962610033468	43.76794891628328088018
-7.94688487934530041201	43.77026063210826833938
-7.94688487934530041201	43.77479908974694922108
-7.89999999999820001761	43.78154002223995178156
-7.89999999999820001761	43.78908071267071022703
-7.85311512065109962322	43.80518206775023060118
-7.85311512065109962322	43.79705192964061666316
-7.81697761037029970055	43.81240478972604535102
-7.81697761037029970055	43.82260098198608488929
-7.79999999999820037289	43.83872126722479123373
-7.79999999999820037289	43.86032374701765235159
-7.79999999999820037289	43.88435941953881780364
-7.79999999999820037289	43.90878276903041665946
-7.78302238962599979288	43.93339470026849369333
-7.78302238962599979288	43.95924578240316549227
-7.74688487934519987022	43.98680166304561822699
-7.74688487934519987022	44.01349287960026401834
-7.69999999999810036400	44.06270204763315945229
-7.69999999999810036400	44.03819659344863879369
-7.65311512065099996960	44.08858391950882094079
-7.65311512065099996960	44.11337066259555683700
-7.61697761037020004693	44.13693801670655147973
-7.61697761037020004693	44.16165272880289194291
-7.59999999999809983109	44.18663249809836912618
-7.59999999999809983109	44.21218242785062102485
-7.59999999999809983109	44.23785613147699535830
-7.59999999999809983109	44.26347746996444243450
-7.58302238962590013927	44.28743564008887290129
-7.58302238962590013927	44.31078954256318525040
-7.54688487934510021660	44.35816911253908756407
-7.54688487934510021660	44.33505697272556744792
-7.49999999999799982220	44.39467434349785435188
-7.49999999999799982220	44.37829084609752783308
-7.45311512065099979196	44.40973092512054165582
-7.45311512065099979196	44.42476620201995984871
-7.41697761037019986929	44.44162213349833479015
-7.41697761037019986929	44.46074883815131784104
-7.39999999999800017747	44.47992884220256826211
-7.39999999999800017747	44.49712663948302093786
-7.39999999999800017747	44.51331996571334315149
-7.39999999999800017747	44.52740828795563743370
-7.38302238962589996163	44.53972652833953560503
-7.38302238962589996163	44.55222139342357934311
-7.34688487934510003896	44.56457422799991974216
-7.34688487934510003896	44.57657104319966379080
-7.29999999999799964456	44.60320510461065168784
-7.29999999999799964456	44.58915665675661443856
-7.25311512065090013834	44.61736327163320936506
-7.25311512065090013834	44.62827085103328528248
-7.21697761037010021568	44.63439131824581806995
-7.21697761037010021568	44.63741532449044768782
-7.19999999999789963567	44.64002891420045671111
-7.19999999999789963567	44.64311890874268584639
-7.19999999999789963567	44.64431010572055669172
-7.19999999999789963567	44.64653604658630570157
-7.18302238962580030801	44.64983928543998104033
-7.18302238962580030801	44.65425943005129738594
-7.14688487934500038534	44.67501635343070631734
-7.14688487934500038534	44.66209978545246883641
-7.09999999999789999094	44.69310073863245946768
-7.09999999999789999094	44.71578878061339423766
-7.05311512065079959655	44.74140850717897421873
-7.05311512065079959655	44.76949234531868881959
-7.01697761036999967388	44.79923975251842449552
-7.01697761036999967388	44.82923052688558129830
-6.99999999999779998205	44.86060517599756281015
-6.99999999999779998205	44.89143546295638032007
-6.99999999999779998205	44.92404402237144012133
-6.99999999999779998205	44.95894171435111275059
-6.98302238962569976621	45.03386757825879982420
-6.98302238962569976621	44.99527756793992949724
-6.94688487934489984355	45.07683829883421822160
-6.94688487934489984355	45.12341637243027037130
-6.89999999999780033733	45.17248111482180661369
-6.89999999999780033733	45.22593191777322374492
-6.85311512065069994293	45.28287874279814673173
-6.85311512065069994293	45.34221262770995508617
-6.81697761036990002026	45.40461425359732317020
-6.81697761036990002026	45.47071982327315708972
-6.79999999999770032844	45.67845290839520089321
-6.79999999999770032844	45.53861868843076621260
-6.79999999999770032844	45.60729616587119750193
-6.79999999999770032844	45.75093145819286633014
-6.78302238962560011259	45.89329795407006429286
-6.78302238962560011259	45.82229384115913006781
-6.74688487934480018993	45.96635530190303597919
-6.74688487934480018993	46.04039514957133150119
-6.69999999999769979553	46.11617464756294282324
-6.69999999999769979553	46.19179215188356124600
-6.65311512065060028931	46.26551138563939957749
-6.65311512065060028931	46.34208863750184548280
-6.61697761036980036664	46.41994426297156195460
-6.61697761036980036664	46.49758376791517378024
-6.59999999999770015080	46.72346254121396214032
-6.59999999999770015080	46.79562817262603857671
-6.59999999999770015080	46.57394542750862598268
-6.59999999999770015080	46.65012559331326968959
-6.58302238962549957080	46.86934491701564553523
-6.58302238962549957080	46.94363324895654443480
-6.54688487934469964813	47.02036558043114666816
-6.54688487934469964813	47.10029146919041664887
-6.49999999999760014191	47.18464156004983323101
-6.49999999999760014191	47.27204960804561295618
-6.45311512065049974751	47.36078961434424172694
-6.45311512065049974751	47.44811258083957739018
-6.41697761036969982484	47.53553251579378979841
-6.41697761036969982484	47.62219286428090470054
-6.39999999999759960900	47.96465797036601941272
-6.39999999999759960900	47.87879158956368996769
-6.39999999999759960900	47.79315876088146808343
-6.39999999999759960900	47.70740833579652928620
-6.38302238962539991718	48.05266632565812301436
-6.38302238962539991718	48.14054091790397649220
-6.34688487934459999451	48.22667256491806142549
-6.34688487934459999451	48.31033010624224743879
-6.29999999999749960011	48.39232668971692419291
-6.29999999999749960011	48.47351428307616316715
-6.25311512065040009389	48.55419826606564726035
-6.25311512065040009389	48.63450357966396353504
-6.21697761036960017123	48.71040277860401346288
-6.21697761036960017123	48.78453441381481781036
-6.19999999999749995538	49.10299829313960628951
-6.19999999999749995538	49.01946918919062312625
-6.19999999999749995538	48.85984102937244699660
-6.19999999999749995538	48.93820192290780823896
-6.18302238962530026356	49.18911326057018129632
-6.18302238962530026356	49.27726699703942614406
-6.14688487934450034089	49.36580020312671734928
-6.14688487934450034089	49.45395556074366538724
-6.09999999999739994649	49.54434634959002181631
-6.09999999999739994649	49.63689628399797015845
-6.05311512065039991626	49.73044524343792005538
-6.05311512065039991626	49.82421795077345194613
-6.01697761036959999359	50.01737714371272858216
-6.01697761036959999359	49.91982137619638848491
-5.99999999999740030177	50.42607173298056011390
-5.99999999999740030177	50.32092222118185276258
-5.99999999999740030177	50.21797371842817625520
-5.99999999999740030177	50.11645435167556428269
-5.98302238962519972176	50.53550463751011534441
-5.98302238962519972176	50.64905479055737913541
-5.94688487934439979909	50.76557132545710970817
-5.94688487934439979909	50.88360880258166929480
-5.89999999999739976886	51.00123419522908818635
-5.89999999999739976886	51.11850534824686320690
-5.85311512065030026264	51.23631135265108582644
-5.85311512065030026264	51.35632591922309586607
-5.81697761036950033997	51.47903112248670964846
-5.81697761036950033997	51.60375015201040582724
-5.79999999999729975997	52.09479484826319151125
-5.79999999999729975997	51.97462251137482525110
-5.79999999999729975997	51.85188717507833189302
-5.79999999999729975997	51.72813783922055108633
-5.78302238962520043231	52.21125910127848612774
-5.78302238962520043231	52.32212575111250174587
-5.74688487934439962146	52.43125372938398953693
-5.74688487934439962146	52.53863965081691844716
-5.69999999999730011524	52.64340737771482992002
-5.69999999999730011524	52.74609706672062259258
-5.65311512065019972084	52.84729141223952808559
-5.65311512065019972084	52.94621553995948204374
-5.61697761036939979817	53.04338288606200535469
-5.61697761036939979817	53.14007897381262068848
-5.59999999999720010635	53.50218435870674937860
-5.59999999999720010635	53.41374328180715735925
-5.59999999999720010635	53.23461821182669240216
-5.59999999999720010635	53.32572949605018663988
-5.58302238962509989051	53.59010667438613495506
-5.58302238962509989051	53.67706586610746910537
-5.54688487934429996784	53.76246038835500229425
-5.54688487934429996784	53.84678783372007870867
-5.49999999999719957344	53.93135298288888890283
-5.49999999999719957344	54.01552472179585606682
-5.45311512065010006722	54.09808614779772995007
-5.45311512065010006722	54.17952270418552984665
-5.41697761036930014455	54.34304210482802943716
-5.41697761036930014455	54.26143053821069628384
-5.39999999999709956455	54.67632054373979855200
-5.39999999999709956455	54.59138442054016593374
-5.39999999999709956455	54.42470626893167917615
-5.39999999999709956455	54.50710459363869375693
-5.38302238962500023689	54.75916271733660778409
-5.38302238962500023689	54.83909011949850764722
-5.34688487934420031422	54.91718000190078896594
-5.34688487934420031422	54.99427080896321484715
-5.29999999999709991982	55.07071419588310590143
-5.29999999999709991982	55.14631554582235395401
-5.25311512065000041360	55.29603102306212747408
-5.25311512065000041360	55.22128600617582350196
-5.21697761036919960276	55.44501197886197729758
-5.21697761036919960276	55.37028617243241512824
-5.19999999999710027510	55.52027567013212205893
-5.19999999999710027510	55.59742488476312871626
-5.19999999999710027510	55.67494938651610425495
-5.19999999999710027510	55.75092360587474615841
-5.18302238962489969509	55.82549870612690767757
-5.18302238962489969509	55.89836871941962925803
-5.14688487934409977242	55.97064196924380752307
-5.14688487934409977242	56.04381719494301705708
-5.09999999999700026621	56.11940840267906338568
-5.09999999999700026621	56.19509623008703869118
-5.05311512064989987181	56.34338005858042208729
-5.05311512064989987181	56.27000158028209853001
-5.01697761036909994914	56.41471809059121511609
-5.01697761036909994914	56.48220264969653925391
-4.99999999999699973330	56.54605481961674229296
-4.99999999999699973330	56.60857537107435888402
-4.99999999999699973330	56.67062280991508771422
-4.99999999999699973330	56.73329066544834375918
-4.98302238962480004147	56.79669308340521638456
-4.98302238962480004147	56.86100079448045363506
-4.94688487934400011881	56.92511975387328959641
-4.94688487934400011881	56.98885727915134680188
-4.89999999999689972441	57.05027528821973703543
-4.89999999999689972441	57.11037673012384630056
-4.85311512064980021819	57.22855591906213845732
-4.85311512064980021819	57.16976770492263426604
-4.81697761036900029552	57.28637011678236490297
-4.81697761036900029552	57.34370156133973495116
-4.79999999999690007968	57.40133062168668942604
-4.79999999999690007968	57.45846055643706051796
-4.79999999999690007968	57.51548739430415935203
-4.79999999999690007968	57.57168261379679563561
-4.78302238962470038786	57.62759120810654422939
-4.78302238962470038786	57.68282592410051279330
-4.74688487934389957701	57.73746693070968660777
-4.74688487934389957701	57.79271394609659040498
-4.69999999999680007079	57.89857264593455710155
-4.69999999999680007079	57.84726141857136383351
-4.65311512064969967639	57.94812044545652440775
-4.65311512064969967639	57.99747042369340732648
-4.61697761036889975372	58.04528835173073275655
-4.61697761036889975372	58.08834544095862639779
-4.59999999999680042606	58.12533506435423191760
-4.59999999999680042606	58.15939873176456131887
-4.59999999999680042606	58.19128667684776701208
-4.59999999999680042606	58.21964164447479106457
-4.58302238962459984606	58.24610862875765349145
-4.58302238962459984606	58.27062184509463804716
-4.54688487934379992339	58.31022618889453923430
-4.54688487934379992339	58.29163674038103692965
-4.49999999999670041717	58.34246768499173896316
-4.49999999999670041717	58.32713110730141892191
-4.45311512064970038693	58.35534258686725195275
-4.45311512064970038693	58.36282890671009937478
-4.41697761036889957609	58.36620748268762781663
-4.41697761036889957609	58.36667121260607871136
-4.39999999999669988426	58.36453524304074846896
-4.39999999999669988426	58.36354150152266129226
-4.39999999999669988426	58.36162643842854436116
-4.39999999999669988426	58.35598639863777492565
-4.38302238962459966842	58.34749706643168565279
-4.38302238962459966842	58.33639835751359470351
-4.34688487934379974575	58.32205533744826908560
-4.34688487934379974575	58.30387591915503264772
-4.29999999999670023954	58.25960245772478884874
-4.29999999999670023954	58.28270151410622901267
-4.25311512064959984514	58.23564191210866880510
-4.25311512064959984514	58.21056501762866730587
-4.21697761036879992247	58.18274113929292212788
-4.21697761036879992247	58.15231426593623353938
-4.19999999999660023065	58.11987332092983393750
-4.19999999999660023065	58.08580831348196937824
-4.19999999999660023065	58.05158995673902211365
-4.19999999999660023065	58.01709434618069849421
-4.18302238962450001480	57.98045697496588246622
-4.18302238962450001480	57.94184027469457021198
-4.14688487934370009214	57.85100379171769446884
-4.14688487934370009214	57.89865908527686144680
-4.09999999999659969774	57.80214460308765467289
-4.09999999999659969774	57.75156870794411645420
-4.05311512064950019152	57.69878205155777806112
-4.05311512064950019152	57.64517735006528198483
-4.01697761036870026885	57.59119687627672590224
-4.01697761036870026885	57.53429654571593232504
-3.99999999999660005301	57.47549363764893115558
-3.99999999999660005301	57.41493231705009492316
-3.99999999999660005301	57.35277911844727327662
-3.99999999999660005301	57.29057127925848647010
-3.98302238962449983717	57.16227738207744124566
-3.98302238962449983717	57.22687467175853015533
-3.94688487934390019873	57.09763122407540691938
-3.94688487934390019873	57.03113651116099447336
-3.89999999999700008857	56.96326848594555514183
-3.89999999999700008857	56.89468985399456357754
-3.85311512065000005833	56.82562293110149909126
-3.85311512065000005833	56.75639452355547120987
-3.81697761036939997581	56.68593563784907018999
-3.81697761036939997581	56.61473514977434717821
-3.79999999999730020406	56.39646999667493076913
-3.79999999999730020406	56.54269698373338570718
-3.79999999999730020406	56.46982527678393637416
-3.79999999999730020406	56.32189373357704198497
-3.78302238962519998822	56.17250528719855395821
-3.78302238962519998822	56.24756463130457007082
-3.74688487934459990569	56.09403432941611811202
-3.74688487934459990569	56.01274933610470441181
-3.69999999999769979553	55.92944558628826001723
-3.69999999999769979553	55.84438877141327850495
-3.65311512065080012945	55.75672846836963714168
-3.65311512065080012945	55.66752642137243611842
-3.61697761037020004693	55.57759993764224759616
-3.61697761037020004693	55.48586306325027805997
-3.59999999999809983109	55.10485125686117413579
-3.59999999999809983109	55.20245670824463957160
-3.59999999999809983109	55.39243741747746696547
-3.59999999999809983109	55.29825062148157144293
-3.58302238962600005934	55.00542680293519737234
-3.58302238962600005934	54.90399887945384449495
-3.54688487934539997681	54.80072524455277260813
-3.54688487934539997681	54.69783351763594936301
-3.49999999999849986665	54.59431383972188456255
-3.49999999999849986665	54.48771982479944142597
-3.45311512065160020057	54.38134153193460207376
-3.45311512065160020057	54.27570310233456751803
-3.41697761037100011805	54.06630136858311175274
-3.41697761037100011805	54.17107858110424700726
-3.39999999999889990221	53.65462067299320381153
-3.39999999999889990221	53.75431817222529673472
-3.39999999999889990221	53.96078470616792088776
-3.39999999999889990221	53.85659246080435025306
-3.38302238962680013046	53.55641235319470183640
-3.38302238962680013046	53.45770738089659346315
-3.34688487934610012786	53.36079109656501628933
-3.34688487934610012786	53.26667845398288392289
-3.29999999999920001770	53.17427687934982571960
-3.29999999999920001770	53.08439046647280434854
-3.25311512065219998746	52.99451672314084760274
-3.25311512065219998746	52.90140677527573132011
-3.21697761037149998486	52.71185855411538767612
-3.21697761037149998486	52.80713418110410373174
-3.19999999999940021311	52.31414007466977267313
-3.19999999999940021311	52.41760503366123913338
-3.19999999999940021311	52.61555500644973903945
-3.19999999999940021311	52.51838932395929759878
-3.18302238962729999727	52.21069745650324023245
-3.18302238962729999727	52.10750055637230815364
-3.14688487934650007460	52.00379435711166564715
-3.14688487934650007460	51.90199033927250837905
-3.09999999999940012430	51.80007541090481026913
-3.09999999999940012430	51.69596349250097233607
-3.05311512065230017399	51.59025330504640294293
-3.05311512065230017399	51.48325688441955350072
-3.01697761037149980723	51.37431094821262433925
-3.01697761037149980723	51.26369352076024199505
-2.99999999999940003548	50.82014293222841416764
-2.99999999999940003548	51.04096255590894060106
-2.99999999999940003548	51.15245893235501739582
-2.99999999999940003548	50.93078197986452693158
-2.98302238962719989956	50.70775568444248193600
-2.98302238962719989956	50.59264652687299701483
-2.94688487934639997690	50.47359137392309946790
-2.94688487934639997690	50.35253671620592541558
-2.89999999999939994666	50.23079843354621942808
-2.89999999999939994666	50.11026979766967315300
-2.85311512065229999635	49.99028551178395929355
-2.85311512065229999635	49.86670283511573842361
-2.81697761037150007368	49.74178911462786345510
-2.81697761037150007368	49.61627291904095216069
-2.79999999999929993777	49.09459517737450084951
-2.79999999999929993777	49.22789312943999817662
-2.79999999999929993777	49.48943791002182734928
-2.79999999999929993777	49.36021662080964489405
-2.78302238962720016602	48.95989418178508145729
-2.78302238962720016602	48.82428834563302899596
-2.74688487934639979926	48.68834674769491499546
-2.74688487934639979926	48.55231856521342592714
-2.69999999999929984895	48.41731236494351264810
-2.69999999999929984895	48.28384567649331415851
-2.65311512065219989864	48.15200658576544157086
-2.65311512065219989864	48.02093565523234985903
-2.61697761037139997597	47.89336124857987897485
-2.61697761037139997597	47.77080184215692781891
-2.59999999999919984006	47.29843185128999749622
-2.59999999999919984006	47.41527374776483583219
-2.59999999999919984006	47.65104335734173446326
-2.59999999999919984006	47.53288099271883737629
-2.58302238962710006831	47.18268535493203330589
-2.58302238962710006831	47.06924401019128367807
-2.54688487934640006571	46.95636515938983279739
-2.54688487934640006571	46.84322116768134947051
-2.49999999999940003548	46.73155972093422150238
-2.49999999999940003548	46.62110477684384335362
-2.45311512065240000524	46.51219346762339057477
-2.45311512065240000524	46.40464867635976276006
-2.41697761037170000264	46.18962545509563000223
-2.41697761037170000264	46.29724827116645258229
-2.39999999999959978680	45.77244580855560940336
-2.39999999999959978680	45.87273121045995338818
-2.39999999999959978680	46.08119388989386777666
-2.39999999999959978680	45.97558179474079764759
-2.38302238962750001505	45.67724833309856791175
-2.38302238962750001505	45.58627755402631009929
-2.34688487934680001246	45.50107930308872994374
-2.34688487934680001246	45.42145249650002369890
-2.29999999999979998222	45.34475409483572860836
-2.29999999999979998222	45.26981856898747480500
-2.25311512065279995198	45.13204873195099509076
-2.25311512065279995198	45.19944352574820811697
-2.21697761037200002932	45.00075804052699623981
-2.21697761037200002932	45.06585716323084511714
-2.19999999999989981347	44.93825616912781129031
-2.19999999999989981347	44.87898836828589566039
-2.19999999999989981347	44.82278855193395372680
-2.19999999999989981347	44.77160807015290799882
-2.18302238962780004172	44.72416260204480664697
-2.18302238962780004172	44.67942761052900380037
-2.14688487934700011905	44.63660513644983751647
-2.14688487934700011905	44.59412846010653197482
-2.10000000000000008882	44.55318272648590749441
-2.10000000000000008882	44.51653649737674101061
-2.05311512065290013851	44.45676093259285721615
-2.05311512065290013851	44.48454704096985068418
-2.01697761037210021584	44.41793011057160356359
-2.01697761037210021584	44.39321667040304930651
-2.00000000000000000000	44.15767472087884470966
-2.00000000000000000000	44.13710867768477896789
-2.00000000000000000000	44.11834268155631377795
-2.00000000000000000000	44.10116922434426811606
-1.98302238962780008613	43.92320650931986136811
-1.98302238962780008613	43.91186330846632301927
-1.94688487934690002135	43.38157085100845478109
-1.94688487934690002135	43.37503590981736323329
-1.89999999999969992892	42.56632310844367594882
-1.89999999999969992892	42.56304855338156301059
-1.85311512065250005854	41.75732915156352476060
-1.85311512065250005854	41.75779212720722455288
-1.81697761037169991383	41.13780945838348657162
-1.81697761037169991383	41.13897474617820648746
-1.79999999999949999996	40.85036981873536632293
-1.79999999999949999996	40.85313586373240468674
-1.79999999999949999996	40.85945733108913202614
-1.79999999999949999996	40.87006763031016731702
-1.78302238962730008609	40.59225000862814880520
-1.78302238962730008609	40.60799983957682002256
-1.74688487934640002130	40.00817817304351819985
-1.74688487934640002130	40.03472290464247151931
-1.69999999999919992888	39.29228546799652121990
-1.69999999999919992888	39.25895737413079444877
-1.65311512065200005850	38.51896986438102743477
-1.65311512065200005850	38.55423624618644140583
-1.61697761037109999371	37.96568955587427751652
-1.61697761037109999371	38.00343866954452920481
-1.59999999999890007985	37.74914302138319754931
-1.59999999999890007985	37.79272230511002561570
-1.59999999999890007985	37.83736344615468993879
-1.59999999999890007985	37.88112953760270329440
-1.58302238962680008605	37.62664592431992360844
-1.58302238962680008605	37.66604147216546039090
-1.54688487934590002126	37.11058000941880408163
-1.54688487934590002126	37.07295816392644383086
-1.49999999999869992884	36.35767101362474562620
-1.49999999999869992884	36.32319752244089983151
-1.45311512065150005846	35.56794532105693207313
-1.45311512065150005846	35.60265512452137670607
-1.41697761037059999367	34.99966325106766618092
-1.41697761037059999367	35.03132602670797268729
-1.39999999999840007980	34.76169556692703821454
-1.39999999999840007980	34.79295499629490961979
-1.39999999999840007980	34.82577170619986617339
-1.39999999999840007980	34.85947243109795579130
-1.38302238962619994389	34.59316757415694354449
-1.38302238962619994389	34.63033880160111976920
-1.34688487934540002122	34.06139870979477279889
-1.34688487934540002122	34.02360523211727638682
-1.29999999999819992880	33.26033669792489178008
-1.29999999999819992880	33.29571135663707792673
-1.25311512065100005842	32.48937777661460302170
-1.25311512065100005842	32.52351186984429176619
-1.21697761037009999363	31.90702136165653612920
-1.21697761037009999363	31.93915251824873990927
-1.19999999999790007976	31.66389089227942932325
-1.19999999999790007976	31.69443228430591119604
-1.19999999999790007976	31.72639416037875648158
-1.19999999999790007976	31.75998410880338695961
-1.18302238962569994385	31.51908745809482681466
-1.18302238962569994385	31.48568013786468355875
-1.14688487934480010111	30.89430572973326860620
-1.14688487934480010111	30.92780231402167245847
-1.09999999999760000868	30.10508543101198597469
-1.09999999999760000868	30.13872957501192928476
-1.05311512065050005837	29.31320532077688767458
-1.05311512065050005837	29.34570091506274991389
-1.01697761036959999359	28.71330346704685254622
-1.01697761036959999359	28.74536652016729121328
-0.99999999999738997669	28.53079836659685852851
-0.99999999999738997669	28.56308285470529639838
-0.99999999999738997669	28.49784010826287428131
-0.99999999999738997669	28.46461273957276816304
-0.98302238962528998290	28.27924115407296667968
-0.98302238962528998290	28.31138338730531245346
-0.94688487934460996431	27.66961648788907268681
-0.94688487934460996431	27.70086421418431044117
-0.89999999999766999714	26.85389280813084411648
-0.89999999999766999714	26.88235122524905307273
-0.85311512065073002997	26.02961942301086395446
-0.85311512065073002997	26.05583526282511996897
-0.81697761037005001139	25.42559256950721646717
-0.81697761037005001139	25.40067715412756044202
-0.79999999999795001759	25.17931324104544543729
-0.79999999999795001759	25.20412443193251661455
-0.79999999999795001759	25.12961190163938240971
-0.79999999999795001759	25.15434099910861931448
-0.78302238962586001580	24.90552886006022248466
-0.78302238962586001580	24.92967132481454228810
-0.74688487934517999722	24.26215836923343616149
-0.74688487934517999722	24.28194805523323651641
-0.69999999999824003005	23.40328162537880984928
-0.69999999999824003005	23.42009095989180167408
-0.65311512065131005489	22.53547753052257718309
-0.65311512065131005489	22.54882249767295832044
-0.61697761037063003631	21.87692957052232145543
-0.61697761037063003631	21.86613964434036461171
-0.59999999999853004251	21.55935603516244114530
-0.59999999999853004251	21.56709791569792855626
-0.59999999999853004251	21.57380410136349269123
-0.59999999999853004251	21.58015017173661576066
-0.58302238962644004072	21.25858200377849271945
-0.58302238962644004072	21.26427238984060608118
-0.54688487934576002214	20.57125209165934265343
-0.54688487934576002214	20.57669448957161506542
-0.49999999999881999946	19.67482694036612755895
-0.49999999999881999946	19.67952574575966195880
-0.45311512065189002429	18.77604916638507148718
-0.45311512065189002429	18.78006323597583815399
-0.41697761037121000571	18.08657485195165648406
-0.41697761037121000571	18.08331345346720198108
-0.39999999999912000392	17.76070436349819914312
-0.39999999999912000392	17.76413367497737283429
-0.39999999999912000392	17.76739179323196538007
-0.39999999999912000392	17.77067587631806944160
-0.38302238962702001013	17.44405133082349479423
-0.38302238962702001013	17.44695175112528673367
-0.34688487934632000753	16.74690279241719892411
-0.34688487934632000753	16.74941435577407844448
-0.29999999999936999284	15.83929276629164739632
-0.29999999999936999284	15.84147465786488417905
-0.25311512065241997815	14.93206609487660330160
-0.25311512065241997815	14.93040513894031207087
-0.21697761037172999532	14.22963361777838997568
-0.21697761037172999532	14.22893215408642930697
-0.19999999999963000152	13.89908618965908182474
-0.19999999999963000152	13.89932164715048301673
-0.19999999999963000152	13.89909811538849915280
-0.19999999999963000152	13.89861934719736602517
-0.18302238962751998796	13.56706737899078163423
-0.18302238962751998796	13.56619103458855590816
-0.14688487934680000135	12.86106158838830815228
-0.14688487934680000135	12.85974614736832677409
-0.09999999999981500076	11.94593302468834217223
-0.09999999999981500076	11.94494708153413320417
-0.05311512065283000017	11.03258305230156466337
-0.05311512065283000017	11.03213030944781003484
-0.01697761037211200155	10.32979172170983694912
-0.01697761037211200155	10.32969152337375007278
0.00000000000000003891	10.00000000000000000000
0.00000000000000003891	10.00000000000000000000
